249375 0.000000
249375 0.001000
304369 0.002000
387540 0.003000
396402 0.004000
398282 0.005000
457213 0.006000
482435 0.007000
491183 0.008000
499539 0.009000
500946 0.010000
512695 0.011000
529077 0.012000
529534 0.013000
529947 0.014000
533794 0.015000
541117 0.016000
556029 0.017000
556188 0.018000
580719 0.019000
597991 0.020000
605212 0.021000
609523 0.022000
614909 0.023000
622747 0.024000
624382 0.025000
631122 0.026000
633290 0.027000
633612 0.028000
633656 0.029000
635595 0.030000
642208 0.031000
643864 0.032000
655580 0.033000
657598 0.034000
670918 0.035000
672459 0.036000
674652 0.037000
681089 0.038000
689726 0.039000
696004 0.040000
697839 0.041000
699633 0.042000
699937 0.043000
701109 0.044000
702726 0.045000
704571 0.046000
707843 0.047000
708951 0.048000
711451 0.049000
711545 0.050000
716289 0.051000
718121 0.052000
720929 0.053000
725222 0.054000
727514 0.055000
735912 0.056000
735978 0.057000
736165 0.058000
736683 0.059000
739741 0.060000
741785 0.061000
744282 0.062000
744719 0.063000
745954 0.064000
746025 0.065000
750130 0.066000
752511 0.067000
756166 0.068000
756334 0.069000
756745 0.070000
757041 0.071000
759810 0.072000
760632 0.073000
762286 0.074000
762316 0.075000
764891 0.076000
766980 0.077000
775598 0.078000
776362 0.079000
779455 0.080000
780164 0.081000
782234 0.082000
783683 0.083000
784226 0.084000
786302 0.085000
790319 0.086000
791835 0.087000
791904 0.088000
792001 0.089000
792374 0.090000
792957 0.091000
794502 0.092000
799837 0.093000
800592 0.094000
800812 0.095000
804569 0.096000
805366 0.097000
809801 0.098000
809859 0.099000
811902 0.100000
813548 0.101000
815016 0.102000
815224 0.103000
815905 0.104000
818471 0.105000
820199 0.106000
821992 0.107000
822211 0.108000
822359 0.109000
825845 0.110000
825992 0.111000
828044 0.112000
830862 0.113000
834044 0.114000
834791 0.115000
835897 0.116000
837431 0.117000
837695 0.118000
840146 0.119000
843562 0.120000
843725 0.121000
844081 0.122000
847047 0.123000
848741 0.124000
850058 0.125000
853444 0.126000
854854 0.127000
857170 0.128000
860500 0.129000
861268 0.130000
863582 0.131000
863597 0.132000
863678 0.133000
864150 0.134000
864581 0.135000
865982 0.136000
866568 0.137000
866903 0.138000
867952 0.139000
868431 0.140000
869546 0.141000
869696 0.142000
872124 0.143000
874046 0.144000
875675 0.145000
876013 0.146000
876035 0.147000
878146 0.148000
878312 0.149000
878868 0.150000
879720 0.151000
879860 0.152000
883116 0.153000
883679 0.154000
883902 0.155000
883951 0.156000
884291 0.157000
884367 0.158000
884862 0.159000
886218 0.160000
886556 0.161000
887947 0.162000
889123 0.163000
889476 0.164000
892061 0.165000
894242 0.166000
896028 0.167000
897779 0.168000
899782 0.169000
901249 0.170000
903061 0.171000
904086 0.172000
904358 0.173000
906143 0.174000
907364 0.175000
907680 0.176000
907995 0.177000
911862 0.178000
913300 0.179000
914529 0.180000
915775 0.181000
916016 0.182000
916033 0.183000
916164 0.184000
916282 0.185000
918708 0.186000
919032 0.187000
921705 0.188000
923158 0.189000
923728 0.190000
923959 0.191000
923973 0.192000
924787 0.193000
925328 0.194000
926360 0.195000
927680 0.196000
927685 0.197000
928312 0.198000
928593 0.199000
929015 0.200000
929205 0.201000
932041 0.202000
934213 0.203000
936685 0.204000
936778 0.205000
937075 0.206000
938305 0.207000
939503 0.208000
939961 0.209000
941065 0.210000
941390 0.211000
941626 0.212000
942701 0.213000
943979 0.214000
944685 0.215000
946680 0.216000
947275 0.217000
947459 0.218000
949955 0.219000
951493 0.220000
952068 0.221000
952820 0.222000
953144 0.223000
953207 0.224000
953240 0.225000
953451 0.226000
954864 0.227000
955519 0.228000
958498 0.229000
958545 0.230000
958704 0.231000
959901 0.232000
960000 0.233000
960158 0.234000
960350 0.235000
961108 0.236000
962890 0.237000
963003 0.238000
963296 0.239000
963743 0.240000
964138 0.241000
964166 0.242000
964407 0.243000
964782 0.244000
964784 0.245000
965197 0.246000
965510 0.247000
965530 0.248000
966452 0.249000
967762 0.250000
968172 0.251000
968266 0.252000
968490 0.253000
970721 0.254000
971505 0.255000
971858 0.256000
972184 0.257000
972978 0.258000
974020 0.259000
974131 0.260000
974411 0.261000
974516 0.262000
974548 0.263000
975293 0.264000
975818 0.265000
976264 0.266000
977312 0.267000
978191 0.268000
978673 0.269000
979533 0.270000
980149 0.271000
980391 0.272000
980425 0.273000
980434 0.274000
981224 0.275000
982120 0.276000
982350 0.277000
983752 0.278000
983941 0.279000
984507 0.280000
984761 0.281000
985284 0.282000
985687 0.283000
986343 0.284000
986556 0.285000
986731 0.286000
987270 0.287000
987669 0.288000
988298 0.289000
988331 0.290000
988573 0.291000
990393 0.292000
990690 0.293000
990765 0.294000
990904 0.295000
992322 0.296000
992552 0.297000
992978 0.298000
993862 0.299000
994067 0.300000
994855 0.301000
995614 0.302000
996025 0.303000
996044 0.304000
996071 0.305000
996980 0.306000
997072 0.307000
997904 0.308000
998796 0.309000
998955 0.310000
999756 0.311000
1000391 0.312000
1000729 0.313000
1001331 0.314000
1002171 0.315000
1002671 0.316000
1003103 0.317000
1003274 0.318000
1003896 0.319000
1004294 0.320000
1005900 0.321000
1007132 0.322000
1007767 0.323000
1008151 0.324000
1008229 0.325000
1009892 0.326000
1010137 0.327000
1011058 0.328000
1011467 0.329000
1011614 0.330000
1011955 0.331000
1012911 0.332000
1015797 0.333000
1015803 0.334000
1017702 0.335000
1019298 0.336000
1020615 0.337000
1020688 0.338000
1021269 0.339000
1021712 0.340000
1023472 0.341000
1023828 0.342000
1023920 0.343000
1024119 0.344000
1024255 0.345000
1024316 0.346000
1025285 0.347000
1025734 0.348000
1025738 0.349000
1026598 0.350000
1026655 0.351000
1026673 0.352000
1027092 0.353000
1027569 0.354000
1027634 0.355000
1027839 0.356000
1028035 0.357000
1028330 0.358000
1028739 0.359000
1028956 0.360000
1029337 0.361000
1029633 0.362000
1029843 0.363000
1030009 0.364000
1030781 0.365000
1031815 0.366000
1034136 0.367000
1035870 0.368000
1036093 0.369000
1036261 0.370000
1036327 0.371000
1037755 0.372000
1038319 0.373000
1038541 0.374000
1038903 0.375000
1039493 0.376000
1039527 0.377000
1040079 0.378000
1040431 0.379000
1040560 0.380000
1042779 0.381000
1042864 0.382000
1043220 0.383000
1043774 0.384000
1043847 0.385000
1043919 0.386000
1043959 0.387000
1045194 0.388000
1045323 0.389000
1046157 0.390000
1048581 0.391000
1048777 0.392000
1049520 0.393000
1049891 0.394000
1051010 0.395000
1051150 0.396000
1051508 0.397000
1051890 0.398000
1052893 0.399000
1053016 0.400000
1053665 0.401000
1053916 0.402000
1054021 0.403000
1054350 0.404000
1055377 0.405000
1055397 0.406000
1055829 0.407000
1056066 0.408000
1056084 0.409000
1056118 0.410000
1056539 0.411000
1057203 0.412000
1057380 0.413000
1058150 0.414000
1058291 0.415000
1058574 0.416000
1059220 0.417000
1059665 0.418000
1060021 0.419000
1062185 0.420000
1062255 0.421000
1062796 0.422000
1063171 0.423000
1063338 0.424000
1063692 0.425000
1064369 0.426000
1064403 0.427000
1064760 0.428000
1064939 0.429000
1064954 0.430000
1065422 0.431000
1065427 0.432000
1065734 0.433000
1066043 0.434000
1066281 0.435000
1067122 0.436000
1067384 0.437000
1067593 0.438000
1067807 0.439000
1067826 0.440000
1067837 0.441000
1067921 0.442000
1068037 0.443000
1068163 0.444000
1068456 0.445000
1069256 0.446000
1069588 0.447000
1069763 0.448000
1069799 0.449000
1069902 0.450000
1069946 0.451000
1070252 0.452000
1071053 0.453000
1071159 0.454000
1071654 0.455000
1071707 0.456000
1071854 0.457000
1072241 0.458000
1072486 0.459000
1072591 0.460000
1072978 0.461000
1073892 0.462000
1074215 0.463000
1075557 0.464000
1075836 0.465000
1075957 0.466000
1076110 0.467000
1076200 0.468000
1077143 0.469000
1079101 0.470000
1079192 0.471000
1079603 0.472000
1080000 0.473000
1080027 0.474000
1080137 0.475000
1080528 0.476000
1080802 0.477000
1081054 0.478000
1081737 0.479000
1081835 0.480000
1081930 0.481000
1082483 0.482000
1082655 0.483000
1083229 0.484000
1083457 0.485000
1083558 0.486000
1083784 0.487000
1084052 0.488000
1084131 0.489000
1084316 0.490000
1084394 0.491000
1084493 0.492000
1084531 0.493000
1085928 0.494000
1086449 0.495000
1087490 0.496000
1087681 0.497000
1087734 0.498000
1087847 0.499000
1087855 0.500000
1088275 0.501000
1088458 0.502000
1088580 0.503000
1089302 0.504000
1089425 0.505000
1089611 0.506000
1090142 0.507000
1090269 0.508000
1091066 0.509000
1091529 0.510000
1091830 0.511000
1092288 0.512000
1092291 0.513000
1092585 0.514000
1092796 0.515000
1092932 0.516000
1092994 0.517000
1093970 0.518000
1094510 0.519000
1096134 0.520000
1096152 0.521000
1096300 0.522000
1096743 0.523000
1097177 0.524000
1098549 0.525000
1099830 0.526000
1099837 0.527000
1099876 0.528000
1099953 0.529000
1099967 0.530000
1100021 0.531000
1100068 0.532000
1100597 0.533000
1100620 0.534000
1100825 0.535000
1100872 0.536000
1100882 0.537000
1101396 0.538000
1102915 0.539000
1103448 0.540000
1103541 0.541000
1103726 0.542000
1103925 0.543000
1104289 0.544000
1104781 0.545000
1104800 0.546000
1104823 0.547000
1105106 0.548000
1106116 0.549000
1106458 0.550000
1107341 0.551000
1107710 0.552000
1107781 0.553000
1108234 0.554000
1108455 0.555000
1108551 0.556000
1109435 0.557000
1110100 0.558000
1110694 0.559000
1111398 0.560000
1111966 0.561000
1112018 0.562000
1112117 0.563000
1112390 0.564000
1112443 0.565000
1112736 0.566000
1112897 0.567000
1112960 0.568000
1112986 0.569000
1113044 0.570000
1113225 0.571000
1113788 0.572000
1113948 0.573000
1114474 0.574000
1114549 0.575000
1115364 0.576000
1115597 0.577000
1115912 0.578000
1116088 0.579000
1116128 0.580000
1116157 0.581000
1116984 0.582000
1117105 0.583000
1117284 0.584000
1118673 0.585000
1118821 0.586000
1118982 0.587000
1119277 0.588000
1119611 0.589000
1119868 0.590000
1120006 0.591000
1120190 0.592000
1120443 0.593000
1120525 0.594000
1120849 0.595000
1121056 0.596000
1121633 0.597000
1122211 0.598000
1123410 0.599000
1124111 0.600000
1124168 0.601000
1124268 0.602000
1125049 0.603000
1125186 0.604000
1125559 0.605000
1125573 0.606000
1125605 0.607000
1125757 0.608000
1126343 0.609000
1126813 0.610000
1127272 0.611000
1127714 0.612000
1127756 0.613000
1128531 0.614000
1128596 0.615000
1129919 0.616000
1130104 0.617000
1130794 0.618000
1131669 0.619000
1131728 0.620000
1131796 0.621000
1131895 0.622000
1132078 0.623000
1132084 0.624000
1132090 0.625000
1132416 0.626000
1134088 0.627000
1134862 0.628000
1135005 0.629000
1135934 0.630000
1136096 0.631000
1136181 0.632000
1136223 0.633000
1136604 0.634000
1137206 0.635000
1137444 0.636000
1137599 0.637000
1138600 0.638000
1138603 0.639000
1139465 0.640000
1139619 0.641000
1139808 0.642000
1140011 0.643000
1140152 0.644000
1140524 0.645000
1140749 0.646000
1140880 0.647000
1141150 0.648000
1141307 0.649000
1142034 0.650000
1142766 0.651000
1142997 0.652000
1143174 0.653000
1145650 0.654000
1145723 0.655000
1146561 0.656000
1146654 0.657000
1146753 0.658000
1146954 0.659000
1147553 0.660000
1147854 0.661000
1148099 0.662000
1148419 0.663000
1148684 0.664000
1149195 0.665000
1149351 0.666000
1150488 0.667000
1151279 0.668000
1151416 0.669000
1151424 0.670000
1151634 0.671000
1151685 0.672000
1151708 0.673000
1151864 0.674000
1151945 0.675000
1152304 0.676000
1152631 0.677000
1152707 0.678000
1152741 0.679000
1152982 0.680000
1152985 0.681000
1153036 0.682000
1153268 0.683000
1153825 0.684000
1154117 0.685000
1154335 0.686000
1154645 0.687000
1154679 0.688000
1154785 0.689000
1155662 0.690000
1155765 0.691000
1155775 0.692000
1157378 0.693000
1157705 0.694000
1157868 0.695000
1158516 0.696000
1158630 0.697000
1159073 0.698000
1159212 0.699000
1159472 0.700000
1159829 0.701000
1160778 0.702000
1161364 0.703000
1161959 0.704000
1162118 0.705000
1162465 0.706000
1163420 0.707000
1163657 0.708000
1165160 0.709000
1165536 0.710000
1166098 0.711000
1166222 0.712000
1166298 0.713000
1167298 0.714000
1167925 0.715000
1168241 0.716000
1168252 0.717000
1168339 0.718000
1168485 0.719000
1168739 0.720000
1169064 0.721000
1170292 0.722000
1170442 0.723000
1170480 0.724000
1171013 0.725000
1171170 0.726000
1171792 0.727000
1171817 0.728000
1171863 0.729000
1172143 0.730000
1172224 0.731000
1172229 0.732000
1174130 0.733000
1174307 0.734000
1174391 0.735000
1174703 0.736000
1174757 0.737000
1174821 0.738000
1175082 0.739000
1175264 0.740000
1175677 0.741000
1176125 0.742000
1176692 0.743000
1176965 0.744000
1178470 0.745000
1179368 0.746000
1179809 0.747000
1180069 0.748000
1180104 0.749000
1180125 0.750000
1180251 0.751000
1180530 0.752000
1180635 0.753000
1181332 0.754000
1181565 0.755000
1181980 0.756000
1183075 0.757000
1183207 0.758000
1183876 0.759000
1184055 0.760000
1184066 0.761000
1184184 0.762000
1184257 0.763000
1184924 0.764000
1185037 0.765000
1185594 0.766000
1187272 0.767000
1187279 0.768000
1187562 0.769000
1187647 0.770000
1187787 0.771000
1188470 0.772000
1188486 0.773000
1191028 0.774000
1191324 0.775000
1191515 0.776000
1191707 0.777000
1191929 0.778000
1192052 0.779000
1192066 0.780000
1192636 0.781000
1192979 0.782000
1193421 0.783000
1194522 0.784000
1195058 0.785000
1195228 0.786000
1195399 0.787000
1195665 0.788000
1196387 0.789000
1196907 0.790000
1197746 0.791000
1197885 0.792000
1198466 0.793000
1198900 0.794000
1199533 0.795000
1199734 0.796000
1199930 0.797000
1199991 0.798000
1200059 0.799000
1200282 0.800000
1200448 0.801000
1200707 0.802000
1200823 0.803000
1202533 0.804000
1202965 0.805000
1203813 0.806000
1203834 0.807000
1203936 0.808000
1203983 0.809000
1204136 0.810000
1204210 0.811000
1204572 0.812000
1204631 0.813000
1206705 0.814000
1206911 0.815000
1206935 0.816000
1207405 0.817000
1207733 0.818000
1208375 0.819000
1209052 0.820000
1209577 0.821000
1209614 0.822000
1210062 0.823000
1210634 0.824000
1210753 0.825000
1211123 0.826000
1211266 0.827000
1211368 0.828000
1211433 0.829000
1211670 0.830000
1211764 0.831000
1212151 0.832000
1212275 0.833000
1212881 0.834000
1213135 0.835000
1213723 0.836000
1214714 0.837000
1215741 0.838000
1216013 0.839000
1216168 0.840000
1216253 0.841000
1217317 0.842000
1218214 0.843000
1219337 0.844000
1220000 0.845000
1220006 0.846000
1220096 0.847000
1220348 0.848000
1220606 0.849000
1220707 0.850000
1223223 0.851000
1223569 0.852000
1223846 0.853000
1223879 0.854000
1224419 0.855000
1225178 0.856000
1226955 0.857000
1227162 0.858000
1227745 0.859000
1227958 0.860000
1228491 0.861000
1229138 0.862000
1229208 0.863000
1229221 0.864000
1230198 0.865000
1231668 0.866000
1231732 0.867000
1232126 0.868000
1232796 0.869000
1234175 0.870000
1235156 0.871000
1235281 0.872000
1235906 0.873000
1235955 0.874000
1235986 0.875000
1236051 0.876000
1236404 0.877000
1236564 0.878000
1236618 0.879000
1239140 0.880000
1240008 0.881000
1240262 0.882000
1240451 0.883000
1240474 0.884000
1241309 0.885000
1241364 0.886000
1242618 0.887000
1242767 0.888000
1243882 0.889000
1243892 0.890000
1244070 0.891000
1244093 0.892000
1245406 0.893000
1246464 0.894000
1246513 0.895000
1247675 0.896000
1247983 0.897000
1248127 0.898000
1248381 0.899000
1248526 0.900000
1249229 0.901000
1249538 0.902000
1249610 0.903000
1249645 0.904000
1250261 0.905000
1251026 0.906000
1251092 0.907000
1251868 0.908000
1252156 0.909000
1252212 0.910000
1253560 0.911000
1254708 0.912000
1254796 0.913000
1255489 0.914000
1255806 0.915000
1255836 0.916000
1255849 0.917000
1256175 0.918000
1259030 0.919000
1259541 0.920000
1260309 0.921000
1262727 0.922000
1263464 0.923000
1263946 0.924000
1264299 0.925000
1264333 0.926000
1265310 0.927000
1265661 0.928000
1265977 0.929000
1267969 0.930000
1268325 0.931000
1268684 0.932000
1268809 0.933000
1269720 0.934000
1272199 0.935000
1272202 0.936000
1272241 0.937000
1272589 0.938000
1273034 0.939000
1273389 0.940000
1275221 0.941000
1275233 0.942000
1275779 0.943000
1276322 0.944000
1276648 0.945000
1277767 0.946000
1278270 0.947000
1281416 0.948000
1281839 0.949000
1282338 0.950000
1283034 0.951000
1283565 0.952000
1283973 0.953000
1284550 0.954000
1287438 0.955000
1288002 0.956000
1290314 0.957000
1291476 0.958000
1291624 0.959000
1292443 0.960000
1295079 0.961000
1295730 0.962000
1296224 0.963000
1296389 0.964000
1299446 0.965000
1299752 0.966000
1300047 0.967000
1303521 0.968000
1306673 0.969000
1310180 0.970000
1310627 0.971000
1310728 0.972000
1313347 0.973000
1314413 0.974000
1316336 0.975000
1316398 0.976000
1316666 0.977000
1318071 0.978000
1323335 0.979000
1324365 0.980000
1325341 0.981000
1326582 0.982000
1335676 0.983000
1335987 0.984000
1338698 0.985000
1340842 0.986000
1342814 0.987000
1344457 0.988000
1354812 0.989000
1355223 0.990000
1361410 0.991000
1363557 0.992000
1364093 0.993000
1364707 0.994000
1368421 0.995000
1375547 0.996000
1382850 0.997000
1394625 0.998000
1396507 0.999000
1402688 1.000000


