197807 0.000000
197807 0.001000
198616 0.002000
206722 0.003000
207273 0.004000
208901 0.005000
210102 0.006000
210858 0.007000
212825 0.008000
213358 0.009000
219333 0.010000
221501 0.011000
222420 0.012000
223140 0.013000
223158 0.014000
223201 0.015000
223905 0.016000
224045 0.017000
224437 0.018000
225334 0.019000
225610 0.020000
226368 0.021000
226387 0.022000
226614 0.023000
226775 0.024000
226807 0.025000
227038 0.026000
227296 0.027000
228086 0.028000
228291 0.029000
228362 0.030000
228739 0.031000
228809 0.032000
228925 0.033000
229044 0.034000
229911 0.035000
230339 0.036000
230567 0.037000
230731 0.038000
230805 0.039000
231215 0.040000
231370 0.041000
231432 0.042000
231458 0.043000
231584 0.044000
231959 0.045000
232034 0.046000
232336 0.047000
232510 0.048000
232775 0.049000
232796 0.050000
233271 0.051000
233357 0.052000
233408 0.053000
233444 0.054000
233640 0.055000
233844 0.056000
233928 0.057000
233963 0.058000
233966 0.059000
234771 0.060000
235168 0.061000
235174 0.062000
235233 0.063000
235276 0.064000
235580 0.065000
235935 0.066000
235997 0.067000
236046 0.068000
236071 0.069000
236122 0.070000
236186 0.071000
236238 0.072000
236537 0.073000
236693 0.074000
236696 0.075000
236709 0.076000
236863 0.077000
236995 0.078000
237087 0.079000
237275 0.080000
237339 0.081000
237431 0.082000
237476 0.083000
237499 0.084000
237500 0.085000
237723 0.086000
237783 0.087000
237839 0.088000
237903 0.089000
237909 0.090000
238009 0.091000
238079 0.092000
238222 0.093000
238335 0.094000
238493 0.095000
238600 0.096000
238602 0.097000
238604 0.098000
238699 0.099000
238814 0.100000
238819 0.101000
238948 0.102000
239180 0.103000
239344 0.104000
239434 0.105000
239454 0.106000
239626 0.107000
239631 0.108000
239741 0.109000
239854 0.110000
239856 0.111000
239898 0.112000
239980 0.113000
239984 0.114000
239999 0.115000
240110 0.116000
240116 0.117000
240266 0.118000
240299 0.119000
240381 0.120000
240415 0.121000
240531 0.122000
240563 0.123000
240567 0.124000
240607 0.125000
240708 0.126000
240803 0.127000
240833 0.128000
240897 0.129000
240953 0.130000
240974 0.131000
241020 0.132000
241028 0.133000
241070 0.134000
241071 0.135000
241095 0.136000
241161 0.137000
241261 0.138000
241309 0.139000
241341 0.140000
241546 0.141000
241554 0.142000
241603 0.143000
241720 0.144000
241721 0.145000
241732 0.146000
241839 0.147000
241864 0.148000
241967 0.149000
241973 0.150000
242216 0.151000
242233 0.152000
242234 0.153000
242277 0.154000
242283 0.155000
242424 0.156000
242608 0.157000
242618 0.158000
242680 0.159000
242708 0.160000
242797 0.161000
242801 0.162000
242802 0.163000
242840 0.164000
242868 0.165000
242884 0.166000
242956 0.167000
242983 0.168000
243004 0.169000
243059 0.170000
243060 0.171000
243113 0.172000
243120 0.173000
243204 0.174000
243227 0.175000
243248 0.176000
243258 0.177000
243311 0.178000
243329 0.179000
243347 0.180000
243473 0.181000
243598 0.182000
243640 0.183000
243644 0.184000
243663 0.185000
243678 0.186000
243683 0.187000
243696 0.188000
243727 0.189000
243751 0.190000
243762 0.191000
243811 0.192000
243918 0.193000
243998 0.194000
244019 0.195000
244068 0.196000
244073 0.197000
244117 0.198000
244131 0.199000
244176 0.200000
244201 0.201000
244216 0.202000
244276 0.203000
244299 0.204000
244358 0.205000
244394 0.206000
244397 0.207000
244450 0.208000
244510 0.209000
244625 0.210000
244696 0.211000
244731 0.212000
244910 0.213000
244921 0.214000
244927 0.215000
244954 0.216000
244956 0.217000
244967 0.218000
245020 0.219000
245027 0.220000
245121 0.221000
245130 0.222000
245162 0.223000
245201 0.224000
245323 0.225000
245394 0.226000
245606 0.227000
245685 0.228000
245691 0.229000
245700 0.230000
245962 0.231000
246021 0.232000
246024 0.233000
246055 0.234000
246089 0.235000
246166 0.236000
246189 0.237000
246275 0.238000
246286 0.239000
246319 0.240000
246327 0.241000
246329 0.242000
246361 0.243000
246404 0.244000
246420 0.245000
246427 0.246000
246548 0.247000
246578 0.248000
246712 0.249000
246740 0.250000
246786 0.251000
246794 0.252000
246813 0.253000
246837 0.254000
246917 0.256000
246944 0.257000
246985 0.258000
247038 0.259000
247279 0.260000
247328 0.261000
247330 0.262000
247385 0.263000
247462 0.264000
247502 0.265000
247575 0.266000
247637 0.267000
247651 0.268000
247704 0.269000
247822 0.270000
247894 0.271000
247998 0.272000
248056 0.273000
248081 0.274000
248114 0.275000
248154 0.276000
248232 0.277000
248287 0.278000
248354 0.279000
248356 0.280000
248357 0.281000
248400 0.282000
248406 0.283000
248424 0.284000
248428 0.285000
248458 0.286000
248477 0.287000
248515 0.288000
248548 0.289000
248549 0.290000
248594 0.291000
248622 0.292000
248740 0.293000
248752 0.294000
248789 0.295000
248807 0.296000
248852 0.297000
248883 0.298000
248910 0.299000
248931 0.300000
248937 0.301000
248938 0.302000
248954 0.304000
249003 0.305000
249028 0.306000
249029 0.307000
249046 0.308000
249274 0.309000
249290 0.310000
249294 0.311000
249328 0.312000
249329 0.313000
249332 0.314000
249341 0.315000
249358 0.316000
249394 0.317000
249405 0.318000
249434 0.319000
249445 0.320000
249456 0.321000
249470 0.322000
249570 0.323000
249576 0.324000
249676 0.325000
249726 0.326000
249765 0.327000
249768 0.328000
249770 0.329000
249784 0.330000
249846 0.331000
249859 0.332000
249911 0.333000
249938 0.334000
249981 0.335000
249986 0.336000
250055 0.337000
250082 0.338000
250101 0.339000
250114 0.340000
250125 0.341000
250126 0.342000
250159 0.343000
250308 0.344000
250316 0.345000
250323 0.346000
250339 0.347000
250377 0.348000
250380 0.349000
250482 0.350000
250523 0.351000
250575 0.352000
250592 0.353000
250618 0.354000
250654 0.355000
250704 0.356000
250788 0.357000
250839 0.358000
250894 0.359000
250986 0.360000
251031 0.361000
251038 0.362000
251094 0.363000
251151 0.364000
251252 0.365000
251283 0.366000
251292 0.367000
251382 0.368000
251452 0.369000
251478 0.370000
251533 0.371000
251588 0.372000
251594 0.373000
251754 0.374000
251792 0.375000
251802 0.376000
251818 0.377000
251832 0.378000
251898 0.379000
251907 0.380000
251919 0.381000
251924 0.382000
252022 0.383000
252030 0.384000
252088 0.385000
252109 0.386000
252138 0.387000
252152 0.388000
252213 0.389000
252214 0.390000
252227 0.391000
252234 0.392000
252245 0.393000
252280 0.394000
252285 0.395000
252299 0.396000
252302 0.397000
252337 0.398000
252359 0.399000
252444 0.400000
252473 0.401000
252478 0.402000
252482 0.403000
252487 0.404000
252503 0.405000
252513 0.406000
252525 0.407000
252644 0.408000
252668 0.409000
252669 0.410000
252671 0.411000
252709 0.412000
252721 0.413000
252852 0.414000
252937 0.415000
252962 0.416000
252965 0.417000
252984 0.418000
252991 0.419000
252997 0.420000
253005 0.421000
253084 0.422000
253116 0.423000
253153 0.424000
253154 0.425000
253213 0.426000
253229 0.427000
253300 0.428000
253327 0.429000
253343 0.430000
253350 0.431000
253351 0.432000
253366 0.433000
253409 0.434000
253518 0.435000
253576 0.436000
253737 0.437000
253744 0.438000
253767 0.439000
253858 0.440000
253878 0.441000
253895 0.442000
253904 0.443000
253914 0.444000
253928 0.445000
254014 0.446000
254105 0.447000
254191 0.448000
254192 0.449000
254212 0.450000
254252 0.451000
254376 0.452000
254454 0.453000
254505 0.454000
254508 0.455000
254521 0.456000
254567 0.457000
254621 0.458000
254640 0.459000
254654 0.460000
254656 0.461000
254682 0.462000
254685 0.463000
254701 0.464000
254720 0.465000
254738 0.466000
254776 0.467000
254794 0.468000
254848 0.469000
254856 0.470000
254866 0.471000
254913 0.472000
254923 0.473000
254952 0.474000
255002 0.475000
255046 0.476000
255057 0.477000
255068 0.478000
255070 0.479000
255082 0.480000
255139 0.481000
255208 0.482000
255214 0.483000
255235 0.484000
255286 0.485000
255301 0.486000
255426 0.487000
255461 0.488000
255474 0.489000
255510 0.490000
255512 0.491000
255524 0.492000
255552 0.493000
255583 0.494000
255596 0.495000
255599 0.496000
255604 0.497000
255605 0.499000
255629 0.500000
255633 0.501000
255651 0.502000
255705 0.503000
255766 0.504000
255771 0.505000
255816 0.506000
255882 0.507000
255948 0.508000
255964 0.509000
256008 0.510000
256012 0.511000
256037 0.512000
256041 0.513000
256122 0.514000
256125 0.515000
256196 0.516000
256294 0.517000
256323 0.518000
256370 0.519000
256389 0.520000
256390 0.521000
256427 0.523000
256483 0.524000
256511 0.525000
256529 0.526000
256539 0.527000
256567 0.528000
256579 0.529000
256605 0.530000
256676 0.531000
256716 0.532000
256726 0.533000
256761 0.534000
256802 0.535000
256906 0.536000
256970 0.537000
256991 0.538000
257039 0.540000
257047 0.541000
257092 0.542000
257119 0.543000
257161 0.544000
257164 0.545000
257175 0.546000
257225 0.547000
257249 0.548000
257334 0.549000
257362 0.550000
257475 0.551000
257495 0.552000
257541 0.553000
257574 0.554000
257616 0.555000
257634 0.556000
257682 0.557000
257685 0.558000
257711 0.559000
257726 0.560000
257752 0.561000
257780 0.562000
257798 0.563000
257840 0.564000
257866 0.565000
257868 0.566000
257882 0.567000
257892 0.568000
257909 0.569000
257910 0.570000
258043 0.571000
258051 0.572000
258054 0.573000
258076 0.574000
258102 0.575000
258121 0.576000
258128 0.577000
258227 0.578000
258249 0.579000
258257 0.580000
258276 0.581000
258355 0.582000
258363 0.583000
258385 0.584000
258425 0.585000
258432 0.586000
258463 0.587000
258504 0.588000
258509 0.589000
258554 0.590000
258575 0.591000
258599 0.592000
258604 0.593000
258616 0.594000
258645 0.596000
258658 0.597000
258683 0.598000
258709 0.599000
258723 0.600000
258883 0.601000
258943 0.602000
259045 0.603000
259048 0.604000
259049 0.605000
259057 0.606000
259180 0.607000
259336 0.608000
259368 0.609000
259395 0.610000
259418 0.611000
259433 0.612000
259434 0.613000
259519 0.614000
259542 0.615000
259570 0.616000
259681 0.617000
259716 0.618000
259763 0.619000
259773 0.620000
259818 0.621000
259861 0.622000
259896 0.623000
260015 0.624000
260058 0.625000
260061 0.626000
260146 0.627000
260153 0.628000
260160 0.629000
260183 0.630000
260240 0.631000
260244 0.632000
260281 0.633000
260291 0.634000
260342 0.635000
260368 0.636000
260382 0.637000
260395 0.638000
260456 0.639000
260479 0.640000
260496 0.641000
260530 0.642000
260536 0.643000
260565 0.644000
260569 0.645000
260595 0.646000
260670 0.647000
260678 0.648000
260684 0.649000
260794 0.650000
260828 0.651000
260892 0.652000
260953 0.653000
261008 0.654000
261034 0.655000
261052 0.656000
261092 0.657000
261094 0.658000
261228 0.659000
261302 0.660000
261316 0.661000
261361 0.662000
261411 0.663000
261426 0.664000
261545 0.665000
261558 0.666000
261640 0.667000
261690 0.668000
261777 0.669000
261861 0.670000
261958 0.671000
261959 0.672000
261971 0.673000
261995 0.674000
262023 0.675000
262073 0.676000
262080 0.677000
262094 0.678000
262119 0.679000
262125 0.680000
262135 0.681000
262138 0.682000
262193 0.683000
262201 0.684000
262248 0.685000
262251 0.686000
262253 0.687000
262377 0.688000
262398 0.689000
262406 0.690000
262446 0.691000
262499 0.692000
262556 0.693000
262558 0.694000
262575 0.695000
262582 0.696000
262587 0.697000
262600 0.698000
262632 0.699000
262673 0.700000
262747 0.701000
262763 0.702000
262767 0.703000
262843 0.704000
262913 0.705000
262923 0.706000
262949 0.707000
262952 0.708000
262956 0.709000
262992 0.710000
263034 0.711000
263087 0.712000
263114 0.713000
263185 0.714000
263195 0.715000
263282 0.716000
263287 0.717000
263317 0.719000
263342 0.720000
263359 0.721000
263402 0.722000
263407 0.723000
263416 0.724000
263505 0.726000
263521 0.727000
263529 0.728000
263634 0.729000
263660 0.730000
263701 0.731000
263703 0.732000
263707 0.733000
263731 0.734000
263755 0.735000
263834 0.736000
263891 0.737000
263906 0.738000
263928 0.739000
263935 0.740000
264000 0.741000
264025 0.742000
264070 0.743000
264143 0.744000
264157 0.745000
264237 0.746000
264256 0.747000
264300 0.749000
264302 0.750000
264315 0.751000
264378 0.752000
264405 0.753000
264422 0.754000
264424 0.755000
264438 0.756000
264488 0.757000
264504 0.758000
264562 0.759000
264603 0.760000
264673 0.761000
264988 0.762000
265114 0.763000
265140 0.764000
265183 0.765000
265206 0.766000
265256 0.767000
265389 0.768000
265472 0.769000
265479 0.770000
265504 0.771000
265507 0.772000
265668 0.773000
265671 0.774000
265675 0.775000
265689 0.776000
265703 0.777000
265823 0.778000
265847 0.779000
265949 0.780000
265970 0.781000
266071 0.782000
266252 0.783000
266313 0.784000
266393 0.785000
266455 0.786000
266576 0.787000
266586 0.788000
266607 0.789000
266634 0.790000
266732 0.791000
266798 0.792000
266907 0.793000
266979 0.794000
267022 0.795000
267070 0.796000
267077 0.797000
267137 0.798000
267217 0.799000
267218 0.800000
267251 0.801000
267333 0.802000
267394 0.803000
267462 0.804000
267553 0.805000
267618 0.806000
267675 0.807000
267834 0.808000
267859 0.809000
267955 0.810000
267962 0.811000
268002 0.812000
268072 0.813000
268107 0.814000
268126 0.815000
268152 0.816000
268211 0.817000
268257 0.818000
268265 0.819000
268352 0.820000
268370 0.821000
268396 0.822000
268415 0.823000
268644 0.824000
268667 0.825000
268687 0.826000
268809 0.827000
268926 0.828000
268998 0.829000
269011 0.830000
269032 0.831000
269039 0.832000
269051 0.833000
269283 0.834000
269387 0.835000
269400 0.836000
269486 0.837000
269531 0.838000
269659 0.839000
269678 0.840000
269684 0.841000
269685 0.842000
269744 0.843000
269760 0.844000
269820 0.845000
270042 0.846000
270179 0.847000
270204 0.848000
270254 0.849000
270304 0.850000
270320 0.851000
270326 0.852000
270355 0.853000
270359 0.854000
270398 0.855000
270399 0.856000
270454 0.857000
270495 0.858000
270513 0.859000
270533 0.860000
270581 0.861000
270617 0.862000
270625 0.863000
270697 0.864000
270704 0.865000
270751 0.866000
270762 0.867000
270997 0.868000
271063 0.869000
271153 0.870000
271154 0.871000
271186 0.872000
271191 0.873000
271199 0.874000
271309 0.875000
271321 0.876000
271435 0.877000
271545 0.878000
271651 0.879000
271763 0.880000
271791 0.881000
271894 0.882000
271996 0.883000
272186 0.884000
272280 0.885000
272571 0.886000
272665 0.887000
272671 0.888000
272693 0.889000
272817 0.890000
272863 0.891000
272885 0.892000
272886 0.893000
272892 0.894000
272965 0.895000
273070 0.896000
273118 0.897000
273259 0.898000
273457 0.899000
273569 0.900000
273960 0.901000
273979 0.902000
274345 0.903000
274348 0.904000
274563 0.905000
274581 0.906000
274642 0.907000
274649 0.908000
274746 0.909000
275108 0.910000
275209 0.911000
275280 0.912000
275407 0.913000
275423 0.914000
275427 0.915000
275436 0.916000
275661 0.917000
275743 0.918000
275981 0.919000
275992 0.920000
276006 0.921000
276035 0.922000
276158 0.923000
276243 0.924000
276288 0.925000
276292 0.926000
276329 0.927000
276500 0.928000
276551 0.929000
276748 0.930000
276785 0.931000
276832 0.932000
276990 0.933000
277153 0.934000
277280 0.935000
277286 0.936000
277393 0.937000
277452 0.938000
277825 0.939000
277835 0.940000
277882 0.941000
277909 0.942000
278034 0.943000
278292 0.944000
278409 0.945000
278479 0.946000
278494 0.947000
278700 0.948000
278910 0.949000
278942 0.950000
278999 0.951000
279066 0.952000
279537 0.953000
279585 0.954000
279759 0.955000
279829 0.956000
279868 0.957000
279900 0.958000
280679 0.959000
280916 0.960000
281047 0.961000
281475 0.962000
281494 0.963000
281495 0.964000
281656 0.965000
281860 0.966000
282072 0.967000
282139 0.968000
282187 0.969000
282481 0.970000
282940 0.971000
283360 0.972000
283826 0.973000
284068 0.974000
284504 0.975000
285068 0.976000
285960 0.977000
286139 0.978000
286296 0.979000
286639 0.980000
286834 0.981000
287187 0.982000
287490 0.983000
287655 0.984000
288199 0.985000
288283 0.986000
288960 0.987000
289815 0.988000
291050 0.989000
291528 0.990000
292063 0.991000
293311 0.992000
297504 0.993000
297983 0.994000
303713 0.995000
304702 0.996000
306050 0.997000
308524 0.998000
311414 0.999000
318513 1.000000


151 0.000000
151 0.001000
156 0.002000
158 0.003000
171 0.004000
172 0.006000
173 0.008000
174 0.009000
175 0.010000
176 0.013000
177 0.016000
178 0.017000
179 0.021000
180 0.023000
181 0.036000
182 0.043000
183 0.047000
184 0.053000
185 0.067000
186 0.079000
187 0.093000
188 0.107000
189 0.127000
190 0.144000
191 0.164000
192 0.189000
193 0.214000
194 0.243000
195 0.279000
196 0.319000
197 0.369000
198 0.407000
199 0.447000
200 0.489000
201 0.520000
202 0.559000
203 0.599000
204 0.637000
205 0.671000
206 0.709000
207 0.747000
208 0.774000
209 0.792000
210 0.834000
211 0.857000
212 0.882000
213 0.894000
214 0.909000
215 0.925000
216 0.935000
217 0.945000
218 0.959000
219 0.964000
220 0.972000
221 0.978000
222 0.983000
223 0.986000
224 0.988000
225 0.989000
227 0.992000
229 0.993000
234 0.994000
238 0.995000
244 0.996000
247 0.997000
248 0.998000
258 1.000000


