469161 0.000000
469161 0.001001
483120 0.002002
520828 0.003003
526595 0.004004
540436 0.005005
552090 0.006006
559582 0.007007
560704 0.008008
567847 0.009009
567948 0.010010
572574 0.011011
576461 0.012012
579659 0.013013
581671 0.014014
581862 0.015015
587736 0.016016
589153 0.017017
593897 0.018018
603851 0.019019
604873 0.020020
605815 0.021021
606633 0.022022
620038 0.023023
630061 0.024024
633087 0.025025
633626 0.026026
646845 0.027027
647979 0.028028
649127 0.029029
651172 0.030030
651908 0.031031
652088 0.032032
652200 0.033033
653240 0.034034
654122 0.035035
654452 0.036036
654497 0.037037
655332 0.038038
655511 0.039039
658709 0.040040
660325 0.041041
662683 0.042042
666920 0.043043
671608 0.044044
671672 0.045045
672573 0.046046
672942 0.047047
673492 0.048048
673699 0.049049
674344 0.050050
674472 0.051051
675933 0.052052
679572 0.053053
680127 0.054054
680583 0.055055
680775 0.056056
680857 0.057057
682315 0.058058
687200 0.059059
687372 0.060060
695950 0.061061
696229 0.062062
697241 0.063063
697982 0.064064
698302 0.065065
699341 0.066066
700258 0.067067
705400 0.068068
706469 0.069069
706676 0.070070
706725 0.071071
708436 0.072072
709021 0.073073
713655 0.074074
715360 0.075075
719335 0.076076
723066 0.077077
725593 0.078078
725826 0.079079
728846 0.080080
731298 0.081081
734426 0.082082
741258 0.083083
742313 0.084084
744296 0.085085
745831 0.086086
748224 0.087087
749752 0.088088
754623 0.089089
756090 0.090090
757046 0.091091
758487 0.092092
759277 0.093093
760866 0.094094
762218 0.095095
763649 0.096096
766247 0.097097
767864 0.098098
769099 0.099099
770112 0.100100
772887 0.101101
777771 0.102102
779778 0.103103
781701 0.104104
782328 0.105105
783041 0.106106
783807 0.107107
783817 0.108108
784522 0.109109
785500 0.110110
787786 0.111111
787843 0.112112
788350 0.113113
790993 0.114114
791100 0.115115
791956 0.117117
792461 0.118118
795907 0.119119
801031 0.120120
803986 0.121121
805442 0.122122
807976 0.123123
808289 0.124124
809028 0.125125
809965 0.126126
809977 0.127127
810368 0.128128
813367 0.129129
815039 0.130130
818069 0.131131
819403 0.132132
820371 0.133133
823945 0.134134
824017 0.135135
824583 0.136136
831128 0.137137
831624 0.138138
831701 0.139139
834563 0.141141
836672 0.142142
836741 0.143143
836824 0.144144
837224 0.145145
837759 0.146146
837994 0.147147
846403 0.148148
846657 0.149149
849080 0.150150
852108 0.151151
852196 0.152152
852985 0.153153
855072 0.154154
857644 0.155155
857704 0.156156
860483 0.157157
862701 0.158158
862759 0.159159
862873 0.160160
863630 0.161161
865487 0.162162
865561 0.163163
866431 0.164164
867749 0.165165
868041 0.166166
870918 0.167167
871822 0.168168
871868 0.169169
872696 0.170170
873221 0.171171
873953 0.172172
878284 0.173173
879775 0.174174
880346 0.175175
880572 0.176176
881307 0.177177
881802 0.178178
881803 0.179179
882052 0.180180
882348 0.181181
884489 0.182182
884887 0.183183
885315 0.184184
885765 0.185185
891889 0.186186
892324 0.187187
892754 0.188188
893526 0.189189
893548 0.190190
894970 0.191191
895589 0.192192
895904 0.193193
897442 0.194194
898745 0.195195
900254 0.196196
901943 0.197197
903072 0.198198
903894 0.199199
903953 0.200200
905194 0.201201
906144 0.202202
907179 0.203203
909644 0.204204
909849 0.205205
912141 0.206206
912236 0.207207
913454 0.208208
913760 0.209209
914517 0.210210
915244 0.211211
915649 0.212212
917591 0.213213
917844 0.214214
918396 0.215215
918664 0.216216
919360 0.217217
919393 0.218218
920314 0.219219
922358 0.220220
923260 0.221221
923896 0.222222
924738 0.223223
925128 0.224224
925840 0.225225
927329 0.226226
927462 0.227227
928011 0.228228
929356 0.229229
931174 0.230230
931551 0.231231
931707 0.232232
932117 0.233233
932336 0.234234
932442 0.235235
932464 0.236236
936113 0.237237
936387 0.238238
936814 0.239239
936881 0.240240
937405 0.241241
939148 0.242242
941453 0.243243
941628 0.244244
942074 0.245245
943835 0.246246
944573 0.247247
945257 0.248248
947300 0.249249
947828 0.250250
950221 0.251251
952581 0.252252
953858 0.253253
953873 0.254254
955005 0.255255
956163 0.256256
956244 0.257257
956930 0.258258
957839 0.259259
959337 0.260260
960317 0.261261
961730 0.262262
963221 0.263263
964617 0.264264
964833 0.265265
968595 0.266266
969828 0.267267
970483 0.268268
971272 0.269269
971292 0.270270
972951 0.271271
972988 0.272272
973293 0.273273
974845 0.274274
975525 0.275275
977162 0.276276
977327 0.277277
978239 0.278278
979752 0.279279
979875 0.280280
981154 0.281281
982614 0.282282
982730 0.283283
983001 0.284284
984445 0.285285
985643 0.286286
985837 0.287287
986156 0.288288
988703 0.289289
989936 0.290290
990297 0.291291
990826 0.292292
991571 0.293293
991675 0.294294
991802 0.295295
993270 0.296296
993943 0.297297
996554 0.298298
998561 0.299299
999294 0.300300
1000687 0.301301
1001849 0.302302
1005099 0.303303
1005155 0.304304
1006225 0.305305
1007511 0.306306
1008050 0.307307
1008828 0.308308
1015516 0.309309
1016763 0.310310
1017438 0.311311
1017777 0.312312
1018650 0.313313
1018698 0.314314
1019464 0.315315
1020822 0.316316
1021557 0.317317
1023726 0.318318
1024760 0.319319
1026548 0.320320
1027752 0.321321
1028085 0.322322
1028101 0.323323
1029152 0.324324
1029326 0.325325
1029782 0.326326
1030681 0.327327
1031305 0.328328
1032668 0.329329
1032714 0.330330
1034009 0.331331
1034679 0.332332
1034987 0.333333
1035758 0.334334
1035839 0.335335
1037237 0.336336
1037343 0.337337
1037575 0.338338
1040048 0.339339
1040522 0.340340
1041419 0.341341
1043032 0.342342
1043586 0.343343
1043875 0.344344
1044268 0.345345
1044333 0.346346
1044627 0.347347
1045263 0.348348
1045756 0.349349
1047171 0.350350
1047999 0.351351
1048590 0.352352
1048790 0.353353
1050856 0.354354
1051043 0.355355
1052836 0.356356
1053377 0.357357
1054086 0.358358
1054837 0.359359
1055205 0.360360
1055960 0.361361
1056001 0.362362
1057701 0.363363
1058438 0.364364
1059908 0.365365
1060196 0.366366
1061068 0.367367
1063017 0.368368
1063559 0.369369
1064653 0.370370
1064865 0.371371
1065011 0.372372
1065793 0.373373
1066044 0.374374
1066281 0.375375
1066734 0.376376
1067125 0.377377
1068567 0.378378
1068575 0.379379
1069115 0.380380
1069338 0.381381
1069678 0.382382
1072151 0.383383
1072307 0.384384
1073415 0.385385
1073772 0.386386
1074235 0.387387
1074272 0.388388
1074777 0.389389
1074831 0.390390
1076284 0.391391
1076333 0.392392
1076563 0.393393
1076572 0.394394
1076746 0.395395
1077154 0.396396
1078598 0.397397
1079160 0.398398
1079304 0.399399
1080481 0.400400
1080532 0.401401
1080985 0.402402
1081709 0.403403
1082591 0.404404
1084129 0.405405
1084638 0.406406
1085081 0.407407
1086013 0.408408
1086031 0.409409
1086935 0.410410
1087191 0.411411
1087666 0.412412
1088106 0.413413
1089337 0.414414
1089436 0.415415
1089642 0.416416
1089753 0.417417
1089935 0.418418
1090977 0.419419
1092229 0.420420
1092849 0.421421
1094067 0.422422
1094164 0.423423
1094215 0.424424
1094362 0.425425
1094602 0.426426
1094937 0.427427
1095320 0.428428
1095790 0.429429
1097050 0.430430
1097152 0.431431
1098485 0.432432
1098914 0.433433
1099156 0.434434
1099358 0.435435
1100033 0.436436
1100138 0.437437
1100253 0.438438
1101340 0.439439
1101819 0.440440
1102104 0.441441
1102569 0.442442
1102738 0.443443
1102786 0.444444
1102787 0.445445
1102868 0.446446
1103342 0.447447
1103819 0.448448
1103847 0.449449
1105037 0.450450
1105780 0.451451
1106542 0.452452
1108885 0.453453
1109434 0.454454
1109685 0.455455
1109915 0.456456
1110196 0.457457
1112371 0.458458
1113737 0.459459
1114159 0.460460
1114828 0.461461
1115590 0.462462
1115743 0.463463
1116088 0.464464
1117356 0.465465
1117579 0.466466
1117731 0.467467
1117741 0.468468
1117873 0.469469
1118161 0.470470
1118527 0.471471
1118838 0.472472
1119709 0.473473
1120363 0.474474
1120417 0.475475
1120447 0.476476
1121540 0.477477
1122512 0.478478
1123219 0.479479
1123220 0.480480
1123434 0.481481
1123440 0.482482
1123765 0.483483
1123929 0.484484
1124964 0.485485
1125446 0.486486
1125718 0.487487
1126752 0.488488
1127097 0.489489
1127415 0.490490
1128783 0.491491
1129160 0.492492
1129259 0.493493
1129821 0.494494
1130032 0.495495
1130485 0.496496
1130516 0.497497
1131277 0.498498
1131726 0.499499
1132217 0.500501
1132582 0.501502
1133016 0.502503
1133351 0.503504
1133385 0.504505
1133416 0.505506
1133571 0.506507
1133716 0.507508
1134441 0.508509
1134959 0.509510
1134994 0.510511
1135181 0.511512
1135299 0.512513
1135826 0.513514
1136537 0.514515
1136715 0.515516
1136793 0.516517
1136995 0.517518
1138222 0.518519
1138687 0.519520
1139718 0.520521
1142486 0.521522
1142570 0.522523
1142753 0.523524
1143295 0.524525
1144143 0.525526
1145180 0.526527
1145736 0.527528
1147445 0.528529
1147743 0.529530
1148073 0.530531
1148273 0.531532
1148560 0.532533
1148947 0.533534
1149081 0.534535
1149829 0.535536
1150514 0.536537
1151771 0.537538
1151845 0.538539
1152122 0.539540
1152209 0.540541
1152398 0.541542
1152437 0.542543
1152590 0.543544
1152916 0.544545
1153022 0.545546
1153830 0.546547
1154190 0.547548
1157276 0.548549
1158267 0.549550
1158509 0.550551
1158925 0.551552
1159654 0.552553
1159888 0.553554
1160708 0.554555
1160830 0.555556
1161348 0.556557
1161548 0.557558
1162053 0.558559
1162455 0.559560
1162528 0.560561
1163345 0.561562
1165204 0.562563
1165341 0.563564
1166256 0.564565
1167855 0.565566
1167879 0.566567
1168470 0.567568
1168547 0.568569
1169267 0.569570
1169304 0.570571
1169702 0.571572
1170221 0.572573
1171309 0.573574
1171512 0.574575
1171983 0.575576
1172481 0.576577
1172849 0.577578
1172884 0.578579
1173453 0.579580
1175841 0.580581
1176180 0.581582
1176416 0.582583
1176660 0.583584
1176801 0.584585
1177002 0.585586
1178469 0.586587
1178927 0.587588
1180384 0.588589
1181460 0.589590
1182374 0.590591
1182824 0.591592
1183269 0.592593
1184618 0.593594
1185367 0.594595
1185975 0.595596
1186663 0.596597
1187208 0.597598
1187291 0.598599
1187504 0.599600
1187964 0.600601
1188259 0.601602
1188322 0.602603
1188333 0.603604
1188377 0.604605
1188399 0.605606
1188526 0.606607
1189050 0.607608
1189334 0.608609
1189375 0.609610
1190902 0.610611
1190909 0.611612
1191054 0.612613
1191453 0.613614
1191520 0.614615
1191530 0.615616
1191645 0.616617
1191679 0.617618
1192607 0.618619
1193128 0.619620
1193552 0.620621
1193621 0.621622
1193838 0.622623
1194304 0.623624
1194930 0.624625
1195378 0.625626
1196636 0.626627
1196742 0.627628
1197073 0.628629
1198737 0.629630
1199795 0.630631
1200410 0.631632
1200768 0.632633
1200782 0.633634
1201773 0.634635
1201901 0.635636
1202121 0.636637
1202896 0.637638
1203412 0.638639
1203608 0.639640
1205044 0.640641
1205711 0.641642
1206621 0.642643
1207113 0.643644
1207396 0.644645
1207833 0.645646
1208208 0.646647
1208731 0.647648
1209079 0.648649
1209099 0.649650
1209740 0.650651
1210054 0.651652
1211495 0.652653
1211803 0.653654
1211873 0.654655
1212726 0.655656
1213270 0.656657
1214447 0.657658
1214974 0.658659
1215325 0.659660
1215372 0.660661
1216353 0.661662
1216486 0.662663
1216804 0.663664
1217199 0.664665
1218236 0.665666
1219111 0.666667
1219277 0.667668
1219453 0.668669
1219932 0.669670
1220237 0.670671
1220363 0.671672
1222049 0.672673
1222124 0.673674
1222284 0.674675
1223064 0.675676
1223365 0.676677
1223781 0.677678
1224359 0.678679
1224728 0.679680
1224909 0.680681
1225479 0.681682
1225697 0.682683
1226777 0.683684
1227180 0.684685
1227587 0.685686
1227660 0.686687
1228585 0.687688
1228794 0.688689
1229134 0.689690
1229538 0.690691
1230096 0.691692
1230605 0.692693
1230789 0.693694
1232346 0.694695
1232600 0.695696
1233338 0.696697
1234211 0.697698
1234733 0.698699
1234994 0.699700
1235093 0.700701
1235226 0.701702
1235253 0.702703
1235310 0.703704
1235641 0.704705
1235885 0.705706
1236376 0.706707
1237298 0.707708
1237384 0.708709
1237484 0.709710
1238522 0.710711
1238626 0.711712
1238679 0.712713
1238885 0.713714
1238929 0.714715
1239373 0.715716
1239384 0.716717
1239773 0.717718
1240114 0.718719
1240675 0.719720
1241997 0.720721
1243119 0.721722
1243929 0.722723
1244139 0.723724
1244736 0.724725
1245054 0.725726
1246411 0.726727
1246494 0.727728
1248404 0.728729
1249182 0.729730
1249449 0.730731
1249705 0.731732
1249738 0.732733
1249850 0.733734
1251169 0.734735
1253086 0.735736
1253147 0.736737
1254341 0.737738
1255678 0.738739
1255783 0.739740
1256139 0.740741
1256439 0.741742
1256661 0.742743
1257668 0.743744
1258421 0.744745
1258978 0.745746
1259696 0.746747
1259734 0.747748
1261053 0.748749
1261191 0.749750
1261380 0.750751
1261458 0.751752
1262274 0.752753
1262324 0.753754
1262810 0.754755
1263642 0.755756
1263958 0.756757
1264089 0.757758
1264216 0.758759
1265100 0.759760
1265358 0.760761
1265376 0.761762
1265626 0.762763
1265659 0.763764
1267330 0.764765
1267732 0.765766
1267885 0.766767
1268649 0.767768
1269027 0.768769
1269089 0.769770
1269412 0.770771
1269699 0.771772
1270310 0.772773
1270600 0.773774
1271043 0.774775
1271744 0.775776
1273112 0.776777
1273787 0.777778
1273820 0.778779
1273877 0.779780
1274208 0.780781
1276605 0.781782
1276633 0.782783
1277195 0.783784
1278005 0.784785
1278999 0.785786
1279439 0.786787
1280353 0.787788
1281133 0.788789
1281263 0.789790
1281608 0.790791
1282319 0.791792
1282866 0.792793
1283789 0.793794
1284015 0.794795
1284635 0.795796
1286351 0.796797
1287764 0.797798
1288564 0.798799
1288758 0.799800
1288852 0.800801
1289119 0.801802
1289347 0.802803
1289935 0.803804
1290407 0.804805
1290444 0.805806
1291406 0.806807
1292286 0.807808
1292832 0.808809
1293505 0.809810
1294111 0.810811
1295649 0.811812
1295984 0.812813
1296639 0.813814
1297489 0.814815
1299240 0.815816
1299957 0.816817
1301799 0.817818
1302478 0.818819
1302581 0.819820
1303342 0.820821
1304431 0.821822
1304910 0.822823
1305414 0.823824
1305480 0.824825
1305636 0.825826
1305802 0.826827
1306086 0.827828
1306629 0.828829
1306632 0.829830
1306916 0.830831
1307330 0.831832
1308122 0.832833
1308461 0.833834
1308653 0.834835
1309445 0.835836
1312113 0.836837
1312177 0.837838
1313018 0.838839
1313067 0.839840
1313342 0.840841
1314831 0.841842
1316058 0.842843
1316548 0.843844
1317753 0.844845
1318053 0.845846
1320151 0.846847
1320441 0.847848
1320675 0.848849
1321442 0.849850
1321615 0.850851
1322014 0.851852
1322841 0.852853
1323577 0.853854
1325801 0.854855
1326132 0.855856
1326234 0.856857
1326750 0.857858
1327518 0.858859
1328939 0.859860
1328964 0.860861
1329182 0.861862
1329835 0.862863
1330491 0.863864
1333966 0.864865
1335214 0.865866
1335322 0.866867
1335374 0.867868
1338171 0.868869
1339176 0.869870
1339908 0.870871
1340007 0.871872
1340406 0.872873
1341005 0.873874
1342060 0.874875
1342291 0.875876
1343318 0.876877
1343417 0.877878
1343585 0.878879
1345688 0.879880
1347093 0.880881
1348206 0.881882
1348752 0.882883
1350192 0.883884
1350537 0.884885
1351424 0.885886
1351699 0.886887
1353785 0.887888
1353834 0.888889
1357764 0.889890
1358659 0.890891
1358670 0.891892
1360513 0.892893
1361337 0.893894
1361973 0.894895
1364617 0.895896
1365701 0.896897
1366625 0.897898
1367483 0.898899
1367855 0.899900
1368029 0.900901
1369643 0.901902
1370685 0.902903
1371031 0.903904
1371357 0.904905
1374945 0.905906
1378177 0.906907
1378529 0.907908
1378669 0.908909
1378819 0.909910
1379208 0.910911
1379591 0.911912
1380555 0.912913
1381482 0.913914
1382312 0.914915
1382548 0.915916
1383616 0.916917
1386366 0.917918
1386486 0.918919
1388857 0.919920
1391617 0.920921
1398950 0.921922
1403443 0.922923
1405393 0.923924
1405861 0.924925
1407151 0.925926
1408108 0.926927
1409064 0.927928
1409439 0.928929
1409573 0.929930
1410171 0.930931
1414336 0.931932
1414450 0.932933
1417535 0.933934
1417889 0.934935
1418345 0.935936
1418476 0.936937
1425163 0.937938
1426115 0.938939
1428087 0.939940
1428940 0.940941
1430068 0.941942
1430173 0.942943
1430991 0.943944
1433037 0.944945
1434569 0.945946
1436073 0.946947
1436413 0.947948
1442045 0.948949
1444129 0.949950
1446058 0.950951
1446806 0.951952
1450317 0.952953
1453623 0.953954
1453749 0.954955
1456815 0.955956
1458672 0.956957
1459527 0.957958
1460982 0.958959
1464621 0.959960
1466433 0.960961
1467476 0.961962
1469706 0.962963
1473534 0.963964
1473614 0.964965
1474218 0.965966
1475457 0.966967
1476716 0.967968
1478292 0.968969
1479570 0.969970
1480560 0.970971
1481446 0.971972
1483369 0.972973
1485052 0.973974
1486785 0.974975
1490401 0.975976
1490431 0.976977
1491247 0.977978
1491648 0.978979
1501949 0.979980
1506280 0.980981
1506408 0.981982
1512157 0.982983
1524262 0.983984
1525861 0.984985
1539523 0.985986
1539551 0.986987
1551915 0.987988
1552341 0.988989
1558221 0.989990
1568838 0.990991
1572549 0.991992
1573082 0.992993
1611937 0.993994
1624066 0.994995
1642020 0.995996
1650369 0.996997
1664919 0.997998
1687816 0.998999
1704849 1.000000


292 0.000000
292 0.001001
294 0.002002
327 0.003003
338 0.004004
348 0.005005
360 0.006006
364 0.007007
365 0.009009
367 0.010010
375 0.011011
376 0.012012
377 0.013013
385 0.014014
388 0.015015
408 0.016016
415 0.017017
416 0.018018
419 0.019019
420 0.020020
432 0.021021
433 0.022022
446 0.023023
449 0.024024
453 0.025025
455 0.026026
459 0.027027
460 0.028028
461 0.029029
462 0.030030
463 0.031031
468 0.033033
469 0.034034
470 0.035035
471 0.036036
474 0.038038
477 0.039039
481 0.040040
483 0.041041
487 0.042042
490 0.044044
491 0.047047
492 0.048048
495 0.049049
497 0.050050
498 0.051051
499 0.053053
500 0.054054
507 0.058058
509 0.060060
513 0.062062
514 0.065065
517 0.066066
522 0.067067
525 0.068068
529 0.072072
531 0.073073
532 0.075075
534 0.076076
537 0.078078
539 0.079079
540 0.081081
549 0.082082
551 0.084084
552 0.085085
553 0.086086
554 0.087087
560 0.088088
561 0.089089
563 0.090090
564 0.091091
565 0.092092
566 0.094094
570 0.095095
571 0.096096
573 0.097097
575 0.098098
578 0.099099
579 0.100100
580 0.101101
581 0.102102
588 0.103103
591 0.105105
595 0.106106
598 0.107107
600 0.110110
601 0.111111
602 0.112112
605 0.113113
608 0.114114
611 0.115115
613 0.116116
614 0.117117
615 0.118118
616 0.119119
618 0.120120
619 0.121121
620 0.122122
621 0.123123
622 0.125125
623 0.126126
624 0.127127
625 0.128128
626 0.129129
628 0.130130
630 0.131131
631 0.132132
634 0.133133
635 0.134134
636 0.136136
641 0.137137
643 0.139139
650 0.141141
651 0.142142
652 0.145145
655 0.146146
657 0.147147
659 0.148148
660 0.149149
661 0.150150
662 0.151151
665 0.153153
666 0.156156
667 0.158158
668 0.159159
670 0.160160
675 0.164164
677 0.165165
678 0.167167
680 0.168168
682 0.169169
683 0.170170
684 0.172172
686 0.173173
687 0.174174
689 0.177177
692 0.178178
694 0.180180
697 0.182182
698 0.184184
699 0.186186
700 0.188188
703 0.189189
704 0.191191
705 0.192192
706 0.193193
707 0.194194
708 0.197197
709 0.199199
710 0.200200
711 0.201201
713 0.203203
714 0.204204
715 0.205205
716 0.207207
717 0.208208
719 0.209209
721 0.211211
722 0.212212
723 0.213213
725 0.215215
728 0.217217
729 0.218218
730 0.219219
731 0.221221
732 0.223223
734 0.225225
736 0.226226
738 0.227227
739 0.228228
740 0.230230
741 0.231231
743 0.233233
745 0.234234
746 0.235235
747 0.237237
749 0.240240
750 0.241241
751 0.242242
752 0.245245
754 0.246246
756 0.247247
757 0.248248
759 0.249249
760 0.250250
761 0.251251
762 0.252252
763 0.254254
764 0.255255
767 0.256256
769 0.258258
770 0.259259
771 0.260260
774 0.262262
775 0.265265
776 0.266266
777 0.267267
778 0.268268
779 0.270270
780 0.271271
781 0.272272
782 0.275275
783 0.276276
787 0.278278
788 0.279279
789 0.280280
790 0.281281
791 0.283283
793 0.286286
794 0.287287
796 0.288288
797 0.290290
798 0.291291
799 0.292292
800 0.295295
801 0.296296
802 0.298298
803 0.299299
805 0.300300
806 0.301301
807 0.303303
811 0.306306
812 0.308308
813 0.309309
814 0.310310
817 0.312312
819 0.313313
822 0.314314
823 0.317317
825 0.318318
827 0.320320
829 0.321321
830 0.322322
831 0.323323
833 0.325325
834 0.329329
836 0.330330
837 0.335335
839 0.339339
840 0.342342
841 0.343343
842 0.345345
843 0.348348
844 0.350350
845 0.352352
846 0.353353
847 0.354354
849 0.356356
851 0.357357
852 0.359359
853 0.361361
854 0.364364
855 0.365365
858 0.366366
859 0.367367
860 0.368368
861 0.369369
863 0.371371
864 0.374374
865 0.376376
866 0.378378
867 0.379379
869 0.383383
871 0.384384
872 0.385385
873 0.388388
875 0.392392
876 0.395395
877 0.396396
878 0.398398
879 0.399399
880 0.403403
881 0.406406
882 0.408408
883 0.409409
884 0.410410
885 0.411411
886 0.412412
887 0.414414
888 0.415415
889 0.418418
890 0.421421
891 0.424424
892 0.426426
893 0.427427
894 0.428428
895 0.430430
896 0.431431
897 0.433433
898 0.434434
899 0.435435
900 0.437437
901 0.439439
902 0.441441
903 0.442442
904 0.444444
905 0.446446
906 0.449449
907 0.450450
908 0.452452
909 0.453453
910 0.454454
911 0.458458
912 0.460460
913 0.461461
915 0.463463
916 0.464464
917 0.465465
918 0.466466
919 0.468468
920 0.473473
921 0.476476
922 0.479479
924 0.481481
925 0.484484
926 0.490490
927 0.493493
928 0.495495
929 0.497497
930 0.500501
931 0.503504
932 0.504505
933 0.505506
934 0.506507
935 0.507508
936 0.509510
937 0.513514
938 0.516517
939 0.518519
940 0.520521
941 0.522523
942 0.523524
943 0.531532
944 0.535536
945 0.536537
946 0.539540
947 0.542543
948 0.543544
949 0.545546
950 0.546547
951 0.548549
952 0.551552
953 0.555556
954 0.556557
955 0.558559
957 0.561562
958 0.562563
959 0.565566
960 0.566567
961 0.567568
962 0.569570
963 0.573574
964 0.574575
965 0.575576
966 0.577578
967 0.579580
968 0.581582
969 0.584585
970 0.586587
971 0.588589
972 0.589590
973 0.590591
974 0.593594
975 0.596597
977 0.598599
978 0.600601
979 0.603604
980 0.607608
981 0.608609
982 0.611612
983 0.612613
984 0.613614
985 0.615616
986 0.617618
987 0.619620
989 0.621622
990 0.624625
991 0.625626
992 0.629630
993 0.630631
994 0.631632
995 0.635636
996 0.637638
997 0.638639
998 0.641642
999 0.643644
1000 0.648649
1001 0.649650
1002 0.651652
1003 0.653654
1004 0.654655
1006 0.659660
1008 0.664665
1009 0.666667
1010 0.667668
1011 0.670671
1012 0.673674
1013 0.676677
1014 0.679680
1015 0.681682
1016 0.685686
1017 0.687688
1018 0.688689
1019 0.690691
1020 0.692693
1021 0.693694
1022 0.694695
1023 0.699700
1024 0.701702
1025 0.705706
1027 0.707708
1030 0.709710
1031 0.712713
1032 0.713714
1033 0.717718
1034 0.719720
1035 0.722723
1036 0.724725
1037 0.725726
1038 0.727728
1040 0.729730
1041 0.732733
1042 0.734735
1045 0.735736
1046 0.738739
1047 0.744745
1048 0.745746
1049 0.748749
1050 0.753754
1051 0.756757
1052 0.761762
1053 0.765766
1054 0.767768
1057 0.768769
1058 0.769770
1060 0.770771
1061 0.773774
1062 0.776777
1064 0.778779
1065 0.780781
1066 0.783784
1067 0.786787
1068 0.787788
1069 0.788789
1070 0.790791
1072 0.792793
1073 0.793794
1074 0.794795
1075 0.796797
1077 0.797798
1078 0.798799
1080 0.802803
1081 0.807808
1082 0.809810
1083 0.811812
1084 0.813814
1085 0.815816
1086 0.817818
1087 0.820821
1088 0.821822
1089 0.823824
1090 0.824825
1092 0.825826
1093 0.826827
1094 0.827828
1095 0.830831
1097 0.831832
1098 0.832833
1101 0.834835
1102 0.839840
1103 0.841842
1105 0.844845
1106 0.845846
1107 0.847848
1108 0.851852
1111 0.852853
1112 0.853854
1113 0.855856
1115 0.858859
1119 0.859860
1120 0.862863
1121 0.863864
1122 0.865866
1124 0.867868
1126 0.869870
1127 0.872873
1130 0.873874
1131 0.874875
1132 0.876877
1136 0.877878
1137 0.878879
1139 0.879880
1142 0.880881
1143 0.881882
1144 0.882883
1145 0.886887
1146 0.889890
1147 0.891892
1148 0.893894
1150 0.894895
1152 0.896897
1153 0.898899
1154 0.899900
1155 0.901902
1158 0.903904
1160 0.904905
1161 0.905906
1163 0.906907
1170 0.908909
1171 0.909910
1172 0.910911
1173 0.912913
1174 0.913914
1175 0.915916
1176 0.916917
1182 0.918919
1183 0.921922
1185 0.922923
1186 0.924925
1189 0.925926
1191 0.926927
1192 0.927928
1193 0.929930
1194 0.930931
1196 0.932933
1201 0.933934
1202 0.936937
1203 0.937938
1204 0.938939
1205 0.939940
1209 0.940941
1211 0.941942
1213 0.942943
1219 0.943944
1221 0.944945
1228 0.945946
1232 0.947948
1233 0.948949
1234 0.949950
1235 0.951952
1238 0.953954
1241 0.954955
1245 0.956957
1248 0.959960
1250 0.960961
1253 0.961962
1254 0.963964
1255 0.964965
1257 0.965966
1263 0.967968
1264 0.968969
1265 0.969970
1274 0.970971
1275 0.973974
1276 0.974975
1277 0.975976
1280 0.976977
1281 0.977978
1282 0.978979
1285 0.979980
1288 0.980981
1297 0.981982
1300 0.982983
1308 0.983984
1309 0.984985
1317 0.985986
1328 0.986987
1339 0.987988
1342 0.988989
1347 0.989990
1365 0.990991
1366 0.991992
1372 0.992993
1376 0.993994
1387 0.994995
1399 0.995996
1418 0.996997
1438 0.997998
1440 0.998999
1444 1.000000


