446384 0.000000
446384 0.001000
480029 0.002000
489731 0.003000
515194 0.004000
517378 0.005000
520236 0.006000
521417 0.007000
531695 0.008000
541155 0.009000
555169 0.010000
562028 0.011000
572357 0.012000
579254 0.013000
580199 0.014000
581232 0.015000
584245 0.016000
588154 0.017000
589393 0.018000
594190 0.019000
594478 0.020000
598781 0.021000
601422 0.022000
612034 0.023000
621409 0.024000
622555 0.025000
625189 0.026000
634649 0.027000
647435 0.028000
649983 0.029000
653568 0.030000
657100 0.031000
660346 0.032000
662147 0.033000
670153 0.034000
674819 0.035000
676182 0.036000
680428 0.037000
681157 0.038000
682536 0.039000
684234 0.040000
685900 0.041000
687399 0.042000
688732 0.043000
694444 0.044000
694587 0.045000
694600 0.046000
695279 0.047000
695925 0.048000
697583 0.049000
699954 0.050000
700439 0.051000
700593 0.052000
702169 0.053000
702426 0.054000
711469 0.055000
713545 0.056000
714430 0.057000
715059 0.058000
716214 0.059000
718151 0.060000
722094 0.061000
722955 0.062000
724354 0.063000
726523 0.064000
735119 0.065000
736427 0.066000
737711 0.067000
740586 0.068000
741007 0.069000
742653 0.070000
743010 0.071000
743663 0.072000
748479 0.073000
752151 0.074000
753727 0.075000
753854 0.076000
757180 0.077000
760218 0.078000
764194 0.079000
764379 0.080000
764969 0.081000
765087 0.082000
765137 0.083000
765474 0.084000
765880 0.085000
767489 0.086000
769383 0.087000
771757 0.088000
773943 0.089000
776942 0.090000
777847 0.091000
778232 0.092000
778382 0.093000
778481 0.094000
779423 0.095000
784507 0.096000
784712 0.097000
784935 0.098000
788757 0.099000
789357 0.100000
792046 0.101000
796557 0.102000
796668 0.103000
797398 0.104000
797418 0.105000
798187 0.106000
799958 0.107000
804011 0.108000
804025 0.109000
805325 0.110000
805347 0.111000
805753 0.112000
806162 0.113000
806946 0.114000
808414 0.115000
808669 0.116000
811199 0.117000
812314 0.118000
814035 0.119000
814980 0.120000
816465 0.121000
816657 0.122000
816754 0.123000
817714 0.124000
817759 0.125000
818049 0.126000
818754 0.127000
819324 0.128000
820071 0.129000
821822 0.130000
822046 0.131000
823586 0.132000
824553 0.133000
825685 0.134000
826661 0.135000
827299 0.136000
827610 0.137000
829383 0.138000
832697 0.139000
833784 0.140000
833977 0.141000
834323 0.142000
834702 0.143000
837784 0.144000
839015 0.145000
839394 0.146000
843391 0.147000
844164 0.148000
846067 0.149000
848351 0.150000
849014 0.151000
849224 0.152000
849280 0.153000
849914 0.154000
851053 0.155000
851071 0.156000
851223 0.157000
851444 0.158000
852161 0.159000
852908 0.160000
852958 0.161000
854901 0.162000
856932 0.163000
857185 0.164000
859091 0.165000
859569 0.166000
860050 0.167000
861466 0.168000
861575 0.169000
861717 0.170000
862440 0.171000
862830 0.172000
864687 0.173000
865701 0.174000
866917 0.175000
867439 0.176000
867941 0.177000
868156 0.178000
869019 0.179000
869785 0.180000
872000 0.181000
873983 0.182000
875633 0.183000
875644 0.184000
875758 0.185000
877979 0.186000
879786 0.187000
881266 0.188000
881898 0.189000
881988 0.190000
883719 0.191000
883730 0.192000
884403 0.193000
885493 0.194000
886509 0.195000
888756 0.196000
891119 0.197000
891612 0.198000
891927 0.199000
892745 0.200000
893332 0.201000
894178 0.202000
894221 0.203000
894833 0.204000
895347 0.205000
895680 0.206000
896177 0.207000
896633 0.208000
897097 0.209000
897586 0.210000
899170 0.211000
900002 0.212000
902722 0.213000
903459 0.214000
905218 0.215000
905506 0.216000
906300 0.217000
907209 0.218000
907225 0.219000
910349 0.220000
911314 0.221000
912661 0.222000
916124 0.223000
916823 0.224000
919276 0.225000
919857 0.226000
921501 0.227000
921915 0.228000
922251 0.229000
922345 0.230000
924059 0.231000
924157 0.232000
924802 0.233000
924907 0.234000
926243 0.235000
926790 0.236000
927863 0.237000
928460 0.238000
929615 0.239000
929734 0.240000
931880 0.241000
932844 0.242000
935729 0.243000
937017 0.244000
939047 0.245000
940278 0.246000
940997 0.247000
941048 0.248000
941225 0.249000
942508 0.250000
943130 0.251000
943996 0.252000
944544 0.253000
944651 0.254000
945673 0.255000
946728 0.256000
946749 0.257000
947214 0.258000
948069 0.259000
948499 0.260000
950383 0.261000
950707 0.262000
950723 0.263000
952478 0.264000
953690 0.265000
953699 0.266000
954297 0.267000
955701 0.268000
956907 0.269000
957477 0.270000
958810 0.271000
958910 0.272000
959406 0.273000
960314 0.274000
961109 0.275000
961696 0.276000
962632 0.277000
962637 0.278000
963061 0.279000
963079 0.280000
963293 0.281000
963316 0.282000
964905 0.283000
965552 0.284000
966351 0.285000
966583 0.286000
968279 0.287000
968922 0.288000
969228 0.289000
971031 0.290000
973572 0.291000
973667 0.292000
973918 0.293000
973979 0.294000
977092 0.295000
977454 0.296000
978403 0.297000
978677 0.298000
979934 0.299000
980021 0.300000
981015 0.301000
984358 0.302000
984597 0.303000
987793 0.304000
988112 0.305000
989591 0.306000
990290 0.307000
990349 0.308000
990811 0.309000
991882 0.310000
993346 0.311000
995002 0.312000
995021 0.313000
995070 0.314000
995173 0.315000
996419 0.316000
997390 0.317000
998108 0.318000
1001282 0.319000
1002632 0.320000
1002667 0.321000
1003328 0.322000
1003978 0.323000
1004848 0.324000
1008742 0.325000
1009205 0.326000
1009598 0.327000
1010448 0.328000
1010641 0.329000
1011652 0.330000
1011764 0.331000
1011932 0.332000
1012706 0.333000
1012765 0.334000
1013731 0.335000
1013804 0.336000
1013961 0.337000
1013996 0.338000
1015380 0.339000
1016065 0.340000
1016786 0.341000
1017284 0.342000
1018239 0.343000
1019265 0.344000
1019560 0.345000
1020040 0.346000
1020243 0.347000
1020414 0.348000
1021233 0.349000
1021892 0.350000
1022109 0.351000
1022815 0.352000
1024621 0.353000
1025751 0.354000
1028683 0.355000
1028694 0.356000
1028834 0.357000
1028883 0.358000
1029006 0.359000
1030309 0.360000
1031806 0.361000
1031989 0.362000
1033705 0.363000
1034329 0.364000
1034604 0.365000
1035053 0.366000
1035319 0.367000
1035370 0.368000
1036408 0.369000
1036487 0.370000
1036695 0.371000
1036931 0.372000
1037475 0.373000
1037625 0.374000
1037872 0.375000
1038152 0.376000
1038959 0.377000
1041855 0.378000
1042052 0.379000
1043767 0.380000
1044092 0.381000
1045148 0.382000
1046613 0.383000
1047026 0.384000
1047730 0.385000
1047798 0.386000
1048175 0.387000
1048880 0.388000
1049226 0.389000
1050632 0.390000
1051334 0.391000
1052411 0.392000
1052656 0.393000
1052706 0.394000
1052854 0.395000
1053247 0.396000
1053424 0.397000
1053681 0.398000
1054969 0.399000
1054981 0.400000
1055664 0.401000
1056966 0.402000
1058181 0.403000
1058434 0.404000
1058682 0.405000
1059532 0.406000
1062053 0.407000
1062998 0.408000
1064422 0.409000
1064533 0.410000
1066476 0.411000
1066481 0.412000
1066565 0.413000
1067120 0.414000
1067443 0.415000
1067966 0.416000
1068979 0.417000
1070465 0.418000
1070735 0.419000
1071189 0.420000
1072568 0.421000
1072757 0.422000
1073615 0.423000
1074460 0.424000
1074808 0.425000
1075983 0.426000
1076072 0.427000
1076150 0.428000
1079797 0.429000
1079885 0.430000
1080207 0.431000
1080818 0.432000
1081004 0.433000
1081255 0.434000
1081337 0.435000
1081494 0.436000
1081740 0.437000
1083045 0.438000
1083502 0.439000
1083966 0.440000
1084180 0.441000
1084257 0.442000
1084468 0.443000
1085889 0.444000
1086037 0.445000
1086094 0.446000
1086544 0.447000
1086581 0.448000
1087416 0.449000
1087578 0.450000
1089396 0.451000
1090082 0.452000
1090115 0.453000
1090426 0.454000
1091487 0.455000
1091798 0.456000
1092290 0.457000
1092971 0.458000
1093232 0.459000
1093616 0.460000
1093623 0.461000
1093643 0.462000
1093861 0.463000
1094155 0.464000
1094346 0.465000
1094617 0.466000
1094811 0.467000
1095919 0.468000
1098282 0.469000
1098346 0.470000
1099871 0.471000
1101090 0.472000
1103061 0.473000
1103206 0.474000
1103547 0.475000
1103975 0.476000
1104511 0.477000
1104729 0.478000
1104739 0.479000
1104984 0.480000
1104994 0.481000
1106357 0.482000
1107417 0.483000
1107439 0.484000
1108059 0.485000
1109030 0.486000
1110134 0.487000
1110233 0.488000
1111268 0.489000
1111562 0.490000
1111783 0.491000
1111835 0.492000
1112148 0.493000
1112430 0.494000
1114247 0.495000
1114930 0.496000
1115427 0.497000
1116193 0.498000
1116966 0.499000
1117362 0.500000
1118445 0.501000
1118868 0.502000
1121496 0.503000
1121525 0.504000
1121557 0.505000
1121755 0.506000
1121811 0.507000
1122059 0.508000
1123327 0.509000
1123378 0.510000
1125496 0.511000
1125520 0.512000
1126178 0.513000
1126303 0.514000
1126761 0.515000
1127064 0.516000
1128277 0.517000
1128345 0.518000
1128961 0.519000
1129141 0.520000
1130695 0.521000
1130789 0.522000
1131021 0.523000
1131644 0.524000
1131987 0.525000
1134283 0.526000
1137208 0.527000
1137332 0.528000
1137375 0.529000
1137393 0.530000
1137424 0.531000
1137489 0.532000
1137837 0.533000
1138364 0.534000
1140009 0.535000
1141008 0.536000
1141847 0.537000
1141956 0.538000
1141997 0.539000
1142110 0.540000
1144855 0.541000
1145052 0.542000
1145198 0.543000
1146370 0.544000
1146528 0.545000
1146922 0.546000
1147056 0.547000
1147065 0.548000
1147471 0.549000
1147684 0.550000
1149165 0.551000
1149184 0.552000
1149961 0.553000
1150273 0.554000
1151603 0.555000
1152066 0.556000
1152786 0.557000
1152979 0.558000
1153128 0.559000
1154198 0.560000
1154458 0.561000
1154654 0.562000
1154765 0.563000
1155304 0.564000
1156162 0.565000
1156846 0.566000
1157018 0.567000
1157095 0.568000
1158128 0.569000
1158649 0.570000
1158752 0.571000
1162165 0.572000
1162348 0.573000
1162463 0.574000
1163414 0.575000
1163438 0.576000
1164464 0.577000
1164847 0.578000
1165229 0.579000
1165443 0.580000
1165462 0.581000
1167165 0.582000
1167566 0.583000
1170004 0.584000
1170396 0.585000
1171900 0.586000
1172427 0.587000
1172461 0.588000
1172714 0.589000
1173252 0.590000
1173725 0.591000
1173818 0.592000
1175079 0.593000
1176034 0.594000
1176042 0.595000
1176904 0.596000
1177356 0.597000
1178537 0.598000
1178713 0.599000
1180078 0.600000
1181176 0.601000
1182884 0.602000
1184990 0.604000
1185354 0.605000
1187604 0.606000
1187863 0.607000
1189045 0.608000
1189504 0.609000
1189711 0.610000
1189773 0.611000
1190102 0.612000
1190549 0.613000
1191925 0.614000
1191962 0.615000
1192032 0.616000
1192512 0.617000
1192862 0.618000
1193044 0.619000
1193948 0.620000
1194743 0.621000
1194887 0.622000
1194893 0.623000
1194913 0.624000
1195098 0.625000
1195509 0.626000
1195719 0.627000
1195992 0.628000
1197511 0.629000
1199355 0.630000
1199973 0.631000
1202360 0.632000
1202550 0.633000
1203009 0.634000
1203147 0.635000
1203827 0.636000
1204653 0.637000
1204673 0.638000
1205661 0.639000
1206012 0.640000
1206091 0.641000
1206253 0.642000
1206856 0.643000
1207905 0.644000
1208802 0.645000
1208875 0.646000
1210607 0.647000
1210647 0.648000
1210769 0.649000
1211154 0.650000
1211646 0.651000
1212383 0.652000
1212417 0.653000
1212611 0.654000
1212960 0.655000
1212974 0.656000
1212978 0.657000
1213189 0.658000
1213625 0.659000
1214968 0.660000
1215101 0.661000
1215584 0.662000
1216026 0.663000
1216123 0.664000
1216458 0.665000
1216946 0.666000
1217157 0.667000
1217572 0.668000
1218260 0.669000
1218328 0.670000
1218343 0.671000
1218521 0.672000
1218784 0.673000
1219462 0.674000
1219767 0.675000
1220306 0.676000
1221280 0.677000
1222101 0.678000
1222466 0.679000
1223747 0.680000
1223885 0.681000
1224036 0.682000
1224092 0.683000
1224288 0.684000
1224511 0.685000
1225069 0.686000
1227230 0.687000
1228421 0.688000
1229522 0.689000
1229691 0.690000
1230381 0.691000
1230838 0.692000
1231518 0.693000
1231659 0.694000
1232633 0.695000
1232660 0.696000
1232877 0.697000
1233480 0.698000
1234071 0.699000
1235349 0.700000
1235648 0.701000
1236301 0.702000
1236419 0.703000
1237290 0.704000
1239355 0.705000
1240396 0.706000
1240548 0.707000
1240603 0.708000
1241213 0.709000
1242445 0.710000
1243893 0.711000
1243996 0.712000
1244402 0.713000
1245238 0.714000
1245720 0.715000
1247383 0.716000
1248887 0.717000
1249461 0.718000
1249529 0.719000
1252126 0.720000
1253111 0.721000
1253233 0.722000
1253305 0.723000
1254235 0.724000
1255369 0.725000
1255373 0.726000
1255735 0.727000
1256247 0.728000
1256392 0.729000
1256559 0.730000
1256718 0.731000
1256740 0.732000
1257835 0.733000
1258459 0.734000
1259050 0.735000
1259085 0.736000
1259112 0.737000
1259135 0.738000
1259979 0.739000
1260202 0.740000
1260427 0.741000
1261637 0.742000
1261955 0.743000
1262630 0.744000
1263181 0.745000
1263619 0.746000
1265558 0.747000
1266903 0.748000
1267697 0.749000
1269145 0.750000
1271386 0.751000
1271444 0.752000
1272021 0.753000
1272504 0.754000
1273285 0.755000
1273786 0.756000
1275037 0.757000
1276255 0.758000
1276967 0.759000
1277347 0.760000
1278030 0.761000
1278229 0.762000
1278725 0.763000
1279504 0.764000
1279819 0.765000
1279899 0.766000
1280343 0.767000
1281813 0.768000
1282313 0.769000
1282834 0.770000
1283091 0.771000
1284038 0.772000
1284708 0.773000
1285231 0.774000
1286412 0.775000
1286835 0.776000
1287630 0.777000
1288978 0.778000
1289842 0.779000
1290236 0.780000
1290522 0.781000
1290919 0.782000
1292656 0.783000
1292818 0.784000
1293161 0.785000
1293372 0.786000
1295899 0.787000
1296203 0.788000
1296272 0.789000
1297472 0.790000
1298649 0.791000
1299111 0.792000
1301212 0.793000
1301758 0.794000
1302620 0.795000
1303841 0.796000
1304093 0.797000
1304568 0.798000
1305567 0.799000
1305970 0.800000
1306846 0.801000
1308323 0.802000
1308477 0.803000
1309133 0.804000
1309650 0.805000
1309682 0.806000
1309895 0.807000
1310476 0.808000
1310945 0.809000
1312647 0.810000
1313054 0.811000
1313210 0.812000
1313262 0.813000
1313710 0.814000
1314107 0.815000
1316372 0.816000
1316707 0.817000
1318714 0.818000
1320614 0.819000
1320962 0.820000
1321327 0.821000
1321979 0.822000
1322775 0.823000
1324077 0.824000
1326431 0.825000
1326802 0.826000
1328245 0.827000
1328576 0.828000
1329079 0.829000
1329511 0.830000
1329601 0.831000
1330503 0.832000
1330774 0.833000
1330833 0.834000
1333160 0.835000
1333184 0.836000
1333259 0.837000
1333383 0.838000
1333388 0.839000
1333692 0.840000
1335218 0.841000
1335491 0.842000
1335709 0.843000
1336682 0.844000
1336735 0.845000
1338178 0.846000
1338450 0.847000
1338556 0.848000
1339405 0.849000
1339486 0.850000
1340238 0.851000
1340672 0.852000
1341217 0.853000
1341760 0.854000
1342271 0.855000
1342911 0.856000
1343371 0.857000
1344366 0.858000
1345018 0.859000
1345416 0.860000
1346004 0.861000
1346743 0.862000
1347069 0.863000
1347210 0.864000
1347764 0.865000
1348895 0.866000
1350103 0.867000
1350356 0.868000
1350814 0.869000
1350901 0.870000
1351946 0.871000
1352260 0.872000
1354017 0.873000
1354973 0.874000
1356977 0.875000
1357465 0.876000
1358381 0.877000
1359267 0.878000
1362732 0.879000
1363446 0.880000
1365246 0.881000
1365290 0.882000
1365513 0.883000
1365608 0.884000
1366481 0.885000
1369005 0.886000
1370941 0.887000
1371004 0.888000
1371014 0.889000
1371545 0.890000
1375828 0.891000
1377031 0.892000
1378018 0.893000
1378405 0.894000
1379574 0.895000
1379654 0.896000
1381455 0.897000
1382135 0.898000
1385321 0.899000
1388828 0.900000
1388987 0.901000
1389008 0.902000
1390086 0.903000
1390791 0.904000
1391164 0.905000
1393998 0.906000
1395598 0.907000
1395664 0.908000
1397459 0.909000
1398711 0.910000
1400538 0.911000
1407152 0.912000
1407582 0.913000
1407824 0.914000
1408836 0.915000
1409851 0.916000
1412958 0.917000
1414412 0.918000
1414670 0.919000
1414926 0.920000
1416671 0.921000
1418871 0.922000
1419864 0.923000
1420265 0.924000
1420329 0.925000
1420939 0.926000
1420962 0.927000
1421971 0.928000
1423757 0.929000
1425257 0.930000
1431911 0.931000
1433176 0.932000
1433528 0.933000
1434945 0.934000
1437912 0.935000
1439898 0.936000
1440641 0.937000
1440926 0.938000
1441715 0.939000
1443145 0.940000
1444072 0.941000
1444230 0.942000
1444392 0.943000
1444592 0.944000
1444670 0.945000
1444743 0.946000
1445339 0.947000
1447018 0.948000
1450263 0.949000
1451336 0.950000
1452031 0.951000
1452805 0.952000
1453240 0.953000
1454432 0.954000
1454978 0.955000
1458639 0.956000
1462717 0.957000
1463057 0.958000
1463835 0.959000
1475201 0.960000
1477205 0.961000
1478518 0.962000
1479368 0.963000
1480401 0.964000
1480592 0.965000
1481240 0.966000
1493440 0.967000
1501747 0.968000
1503372 0.969000
1505620 0.970000
1511185 0.971000
1513538 0.972000
1519396 0.973000
1519700 0.974000
1521339 0.975000
1522946 0.976000
1523890 0.977000
1527477 0.978000
1528265 0.979000
1533657 0.980000
1542520 0.981000
1547702 0.982000
1555554 0.983000
1558359 0.984000
1559643 0.985000
1563091 0.986000
1567450 0.987000
1570789 0.988000
1571891 0.989000
1573763 0.990000
1579829 0.991000
1579876 0.992000
1583196 0.993000
1588076 0.994000
1605245 0.995000
1605606 0.996000
1609934 0.997000
1611742 0.998000
1616122 0.999000
1635544 1.000000


310 0.000000
310 0.001000
322 0.002000
324 0.004000
349 0.005000
381 0.006000
386 0.007000
389 0.008000
390 0.009000
401 0.010000
402 0.011000
419 0.012000
425 0.013000
427 0.014000
435 0.015000
436 0.016000
441 0.017000
448 0.018000
451 0.019000
452 0.020000
459 0.022000
460 0.025000
464 0.026000
467 0.027000
481 0.028000
482 0.029000
484 0.030000
487 0.031000
488 0.032000
492 0.033000
493 0.034000
494 0.035000
498 0.036000
500 0.037000
501 0.038000
504 0.041000
507 0.042000
517 0.043000
528 0.044000
531 0.046000
533 0.048000
539 0.049000
540 0.050000
541 0.051000
542 0.053000
543 0.054000
544 0.055000
545 0.056000
546 0.057000
547 0.058000
549 0.061000
550 0.062000
551 0.064000
552 0.065000
553 0.067000
555 0.068000
558 0.070000
560 0.071000
564 0.072000
565 0.073000
573 0.074000
574 0.075000
576 0.076000
577 0.077000
581 0.078000
582 0.079000
583 0.081000
584 0.082000
587 0.083000
588 0.085000
589 0.087000
590 0.088000
592 0.089000
601 0.091000
604 0.092000
606 0.093000
609 0.094000
611 0.095000
613 0.097000
614 0.099000
615 0.100000
617 0.102000
618 0.103000
620 0.104000
621 0.105000
623 0.106000
624 0.108000
625 0.110000
627 0.111000
628 0.112000
629 0.113000
634 0.115000
635 0.117000
636 0.118000
639 0.119000
641 0.120000
644 0.121000
645 0.122000
647 0.125000
650 0.126000
651 0.127000
652 0.128000
653 0.131000
655 0.133000
656 0.136000
657 0.137000
658 0.138000
659 0.140000
660 0.142000
661 0.143000
662 0.144000
663 0.145000
664 0.146000
666 0.149000
669 0.150000
670 0.152000
671 0.154000
673 0.156000
676 0.158000
677 0.159000
678 0.160000
679 0.162000
683 0.163000
684 0.164000
685 0.165000
686 0.166000
687 0.167000
688 0.168000
690 0.170000
691 0.172000
693 0.173000
695 0.174000
697 0.177000
698 0.179000
699 0.181000
700 0.184000
701 0.186000
703 0.189000
704 0.190000
705 0.192000
708 0.194000
709 0.198000
710 0.199000
715 0.200000
718 0.202000
719 0.203000
720 0.204000
722 0.205000
725 0.206000
726 0.208000
727 0.209000
728 0.210000
729 0.212000
730 0.214000
731 0.215000
732 0.217000
734 0.218000
735 0.219000
736 0.222000
737 0.223000
738 0.224000
742 0.225000
745 0.226000
748 0.228000
750 0.231000
752 0.233000
753 0.236000
755 0.238000
756 0.241000
757 0.245000
758 0.246000
759 0.247000
760 0.248000
761 0.249000
762 0.251000
763 0.253000
764 0.255000
766 0.256000
768 0.257000
769 0.258000
771 0.260000
772 0.261000
773 0.263000
774 0.265000
775 0.267000
776 0.269000
777 0.270000
779 0.272000
780 0.274000
781 0.275000
784 0.276000
786 0.279000
787 0.280000
788 0.281000
789 0.283000
790 0.284000
795 0.287000
796 0.288000
797 0.289000
798 0.292000
799 0.293000
801 0.294000
802 0.296000
803 0.297000
804 0.298000
805 0.299000
806 0.302000
807 0.305000
808 0.306000
809 0.307000
810 0.308000
812 0.309000
813 0.310000
814 0.312000
816 0.313000
817 0.314000
818 0.316000
819 0.319000
820 0.321000
821 0.323000
823 0.324000
824 0.325000
825 0.326000
826 0.328000
827 0.329000
829 0.332000
830 0.336000
831 0.337000
832 0.339000
833 0.343000
834 0.345000
835 0.346000
837 0.348000
838 0.351000
839 0.352000
840 0.353000
845 0.355000
847 0.357000
848 0.360000
849 0.362000
851 0.364000
852 0.366000
853 0.367000
854 0.368000
855 0.369000
856 0.373000
857 0.374000
858 0.375000
859 0.377000
861 0.379000
864 0.381000
865 0.384000
866 0.385000
867 0.387000
869 0.389000
870 0.392000
871 0.393000
872 0.394000
873 0.395000
874 0.396000
875 0.397000
878 0.398000
879 0.400000
880 0.401000
881 0.402000
883 0.404000
884 0.405000
885 0.406000
886 0.407000
887 0.408000
888 0.410000
889 0.413000
891 0.415000
892 0.417000
893 0.419000
894 0.421000
895 0.423000
896 0.426000
897 0.428000
898 0.429000
899 0.430000
900 0.433000
901 0.435000
902 0.438000
903 0.439000
904 0.440000
905 0.442000
906 0.443000
907 0.444000
908 0.448000
909 0.452000
910 0.456000
912 0.459000
913 0.461000
914 0.462000
916 0.463000
917 0.466000
918 0.467000
919 0.470000
920 0.471000
921 0.472000
922 0.475000
923 0.478000
924 0.482000
925 0.483000
926 0.488000
928 0.490000
929 0.492000
931 0.494000
932 0.498000
934 0.499000
935 0.500000
936 0.502000
937 0.504000
938 0.507000
939 0.509000
940 0.512000
941 0.517000
942 0.519000
943 0.522000
944 0.525000
945 0.526000
946 0.527000
947 0.530000
948 0.532000
951 0.533000
952 0.539000
955 0.540000
957 0.541000
958 0.542000
959 0.545000
960 0.548000
961 0.550000
962 0.551000
964 0.554000
965 0.556000
966 0.557000
968 0.558000
969 0.559000
970 0.562000
972 0.564000
974 0.565000
975 0.567000
976 0.569000
977 0.572000
978 0.573000
979 0.575000
980 0.576000
983 0.578000
984 0.579000
985 0.582000
986 0.583000
987 0.586000
988 0.589000
989 0.591000
990 0.594000
991 0.595000
992 0.597000
994 0.600000
995 0.601000
996 0.606000
997 0.608000
998 0.610000
1000 0.611000
1005 0.614000
1006 0.616000
1007 0.620000
1008 0.621000
1009 0.622000
1011 0.623000
1012 0.624000
1013 0.625000
1016 0.626000
1019 0.631000
1020 0.632000
1021 0.634000
1022 0.635000
1023 0.637000
1024 0.638000
1025 0.640000
1026 0.643000
1027 0.644000
1028 0.645000
1029 0.647000
1030 0.649000
1031 0.650000
1032 0.652000
1033 0.654000
1034 0.655000
1036 0.657000
1037 0.658000
1038 0.660000
1039 0.663000
1042 0.667000
1043 0.670000
1044 0.671000
1046 0.672000
1047 0.674000
1050 0.680000
1051 0.684000
1052 0.685000
1053 0.687000
1054 0.689000
1055 0.690000
1056 0.692000
1057 0.695000
1058 0.698000
1059 0.700000
1060 0.703000
1062 0.704000
1063 0.705000
1064 0.709000
1065 0.711000
1066 0.714000
1068 0.716000
1069 0.718000
1070 0.720000
1071 0.724000
1072 0.727000
1073 0.732000
1076 0.737000
1078 0.740000
1079 0.742000
1080 0.743000
1081 0.746000
1082 0.749000
1083 0.750000
1085 0.754000
1086 0.756000
1087 0.758000
1088 0.759000
1090 0.760000
1091 0.762000
1092 0.763000
1093 0.767000
1094 0.768000
1095 0.769000
1096 0.772000
1099 0.774000
1100 0.777000
1101 0.779000
1102 0.780000
1103 0.781000
1104 0.782000
1105 0.786000
1106 0.787000
1107 0.791000
1108 0.794000
1111 0.795000
1112 0.797000
1113 0.799000
1114 0.803000
1116 0.804000
1118 0.805000
1119 0.806000
1120 0.807000
1121 0.808000
1122 0.810000
1123 0.812000
1124 0.813000
1125 0.814000
1126 0.818000
1127 0.820000
1128 0.821000
1129 0.822000
1130 0.824000
1131 0.825000
1132 0.826000
1133 0.829000
1134 0.831000
1136 0.833000
1137 0.834000
1138 0.836000
1139 0.838000
1140 0.839000
1141 0.840000
1142 0.841000
1144 0.843000
1145 0.844000
1146 0.845000
1147 0.846000
1149 0.849000
1150 0.851000
1151 0.852000
1152 0.854000
1153 0.855000
1154 0.856000
1157 0.857000
1159 0.860000
1160 0.863000
1161 0.864000
1165 0.865000
1166 0.866000
1167 0.868000
1171 0.871000
1172 0.876000
1173 0.878000
1178 0.879000
1179 0.880000
1181 0.882000
1182 0.884000
1184 0.886000
1185 0.890000
1186 0.891000
1188 0.893000
1189 0.896000
1191 0.899000
1192 0.900000
1193 0.901000
1194 0.902000
1195 0.903000
1196 0.904000
1198 0.905000
1199 0.906000
1200 0.907000
1201 0.909000
1203 0.910000
1204 0.911000
1206 0.913000
1207 0.914000
1210 0.915000
1211 0.917000
1212 0.918000
1216 0.919000
1218 0.920000
1220 0.921000
1224 0.922000
1227 0.923000
1228 0.924000
1230 0.925000
1231 0.926000
1235 0.927000
1238 0.928000
1239 0.930000
1240 0.931000
1244 0.932000
1245 0.933000
1249 0.934000
1250 0.936000
1253 0.937000
1254 0.939000
1256 0.940000
1257 0.941000
1259 0.942000
1260 0.943000
1262 0.945000
1263 0.946000
1265 0.947000
1268 0.948000
1269 0.950000
1271 0.952000
1273 0.953000
1274 0.954000
1275 0.955000
1277 0.956000
1278 0.957000
1282 0.958000
1285 0.959000
1287 0.961000
1293 0.962000
1295 0.963000
1298 0.964000
1302 0.965000
1306 0.966000
1308 0.967000
1311 0.968000
1314 0.969000
1317 0.972000
1326 0.975000
1341 0.976000
1345 0.977000
1351 0.979000
1352 0.980000
1354 0.982000
1356 0.983000
1358 0.984000
1360 0.985000
1367 0.986000
1378 0.987000
1379 0.988000
1383 0.990000
1386 0.991000
1387 0.992000
1392 0.993000
1402 0.994000
1404 0.995000
1427 0.996000
1436 0.997000
1439 0.998000
1453 0.999000
1462 1.000000


