174326 0.000000
174326 0.001000
177023 0.002000
177810 0.003000
179295 0.004000
179708 0.005000
179717 0.006000
179807 0.007000
179820 0.008000
179875 0.009000
180002 0.010000
180019 0.011000
180043 0.012000
180045 0.013000
180219 0.014000
180344 0.015000
180445 0.016000
180457 0.017000
180483 0.018000
180684 0.019000
180733 0.020000
180846 0.021000
180879 0.022000
180889 0.023000
180952 0.024000
181049 0.025000
181083 0.026000
181266 0.027000
181328 0.028000
181337 0.029000
181357 0.030000
181365 0.031000
181439 0.032000
181482 0.033000
181509 0.034000
181551 0.035000
181579 0.036000
181616 0.037000
181636 0.038000
181813 0.039000
181848 0.040000
181897 0.041000
181924 0.042000
181938 0.043000
182006 0.044000
182133 0.045000
182199 0.046000
182228 0.047000
182235 0.048000
182252 0.049000
182319 0.050000
182326 0.051000
182350 0.052000
182364 0.053000
182411 0.054000
182424 0.055000
182484 0.056000
182540 0.057000
182573 0.058000
182625 0.059000
182646 0.060000
182709 0.061000
182716 0.062000
182745 0.063000
182747 0.064000
182764 0.065000
182779 0.066000
182817 0.067000
182868 0.068000
182932 0.069000
182968 0.070000
183047 0.071000
183111 0.072000
183138 0.073000
183167 0.074000
183235 0.075000
183295 0.076000
183345 0.077000
183347 0.078000
183348 0.079000
183350 0.080000
183355 0.081000
183386 0.082000
183401 0.083000
183447 0.084000
183460 0.085000
183498 0.086000
183503 0.087000
183516 0.088000
183517 0.089000
183654 0.090000
183706 0.091000
183718 0.092000
183724 0.093000
183760 0.094000
183763 0.095000
183767 0.096000
183806 0.097000
183809 0.098000
183851 0.099000
183862 0.100000
183869 0.101000
183881 0.102000
183882 0.103000
183888 0.104000
183900 0.105000
183968 0.106000
183975 0.107000
184003 0.108000
184059 0.109000
184074 0.110000
184125 0.111000
184137 0.112000
184144 0.113000
184206 0.114000
184211 0.115000
184215 0.116000
184228 0.117000
184243 0.118000
184266 0.119000
184269 0.121000
184310 0.122000
184327 0.123000
184370 0.124000
184388 0.125000
184407 0.126000
184429 0.127000
184451 0.128000
184475 0.129000
184481 0.130000
184491 0.131000
184512 0.132000
184580 0.133000
184624 0.134000
184629 0.135000
184726 0.136000
184735 0.137000
184747 0.138000
184815 0.139000
184914 0.140000
184943 0.141000
184963 0.142000
185039 0.143000
185050 0.144000
185157 0.145000
185166 0.146000
185170 0.147000
185176 0.148000
185197 0.149000
185228 0.150000
185270 0.151000
185321 0.152000
185362 0.153000
185401 0.154000
185440 0.155000
185441 0.156000
185487 0.157000
185543 0.158000
185619 0.159000
185670 0.160000
185687 0.161000
185708 0.162000
185726 0.163000
185790 0.164000
185846 0.165000
185895 0.166000
185913 0.167000
185919 0.168000
185921 0.169000
186014 0.170000
186096 0.171000
186102 0.172000
186109 0.173000
186138 0.174000
186334 0.175000
186494 0.176000
186522 0.177000
186563 0.178000
186600 0.179000
186980 0.180000
187019 0.181000
187036 0.182000
187095 0.183000
187162 0.184000
187163 0.185000
187183 0.186000
187196 0.187000
188300 0.188000
188543 0.189000
189383 0.190000
189772 0.191000
189872 0.192000
190149 0.193000
190458 0.194000
190529 0.195000
190652 0.196000
190681 0.197000
191028 0.198000
191052 0.199000
191084 0.200000
191103 0.201000
191198 0.202000
191591 0.203000
191609 0.204000
191642 0.205000
191643 0.206000
191654 0.207000
191814 0.208000
191920 0.209000
191940 0.210000
192051 0.211000
192112 0.212000
192189 0.213000
192190 0.214000
192221 0.215000
192266 0.216000
192276 0.217000
192292 0.218000
192516 0.219000
192704 0.220000
192770 0.221000
192867 0.222000
192933 0.223000
193034 0.224000
193079 0.225000
193096 0.226000
193099 0.227000
193217 0.228000
193277 0.229000
193367 0.230000
193507 0.231000
193588 0.232000
193630 0.233000
193668 0.234000
193695 0.235000
193766 0.236000
193778 0.237000
193798 0.238000
194038 0.239000
194357 0.240000
194387 0.241000
194818 0.242000
194878 0.243000
194953 0.244000
195018 0.245000
195242 0.246000
195538 0.247000
195705 0.248000
195904 0.249000
195946 0.250000
196164 0.251000
196291 0.252000
196311 0.253000
196336 0.254000
196406 0.255000
196570 0.256000
196648 0.257000
196898 0.258000
196923 0.259000
197217 0.260000
197244 0.261000
197380 0.262000
197387 0.263000
197398 0.264000
197412 0.265000
197444 0.266000
197485 0.267000
197490 0.268000
197553 0.269000
197626 0.270000
197641 0.271000
197648 0.272000
197675 0.273000
197833 0.274000
197846 0.275000
197909 0.276000
197966 0.277000
197971 0.278000
197975 0.279000
197979 0.280000
198021 0.281000
198038 0.282000
198104 0.283000
198105 0.284000
198196 0.285000
198244 0.286000
198256 0.287000
198258 0.288000
198307 0.289000
198342 0.290000
198356 0.291000
198373 0.292000
198386 0.293000
198406 0.294000
198453 0.295000
198488 0.296000
198515 0.297000
198526 0.298000
198545 0.299000
198547 0.300000
198598 0.301000
198609 0.302000
198630 0.303000
198634 0.304000
198640 0.305000
198651 0.306000
198659 0.307000
198672 0.308000
198677 0.309000
198681 0.310000
198682 0.311000
198701 0.312000
198703 0.313000
198711 0.314000
198732 0.315000
198768 0.316000
198789 0.317000
198790 0.318000
198842 0.319000
198868 0.320000
198877 0.321000
198896 0.322000
198948 0.323000
198959 0.324000
198979 0.325000
199030 0.326000
199034 0.327000
199048 0.328000
199136 0.329000
199140 0.330000
199156 0.331000
199193 0.332000
199207 0.333000
199220 0.334000
199234 0.335000
199267 0.336000
199288 0.337000
199302 0.338000
199304 0.339000
199313 0.340000
199327 0.341000
199347 0.342000
199362 0.344000
199377 0.345000
199408 0.346000
199412 0.347000
199435 0.348000
199451 0.349000
199452 0.350000
199455 0.351000
199463 0.352000
199474 0.353000
199531 0.355000
199532 0.356000
199539 0.357000
199554 0.358000
199630 0.359000
199636 0.360000
199638 0.361000
199651 0.362000
199717 0.363000
199727 0.364000
199732 0.365000
199762 0.366000
199785 0.367000
199793 0.368000
199833 0.369000
199841 0.370000
199845 0.371000
199849 0.372000
199863 0.373000
199870 0.374000
199880 0.375000
199887 0.376000
199907 0.377000
199913 0.378000
199918 0.379000
199932 0.381000
199938 0.382000
199942 0.383000
199954 0.384000
199961 0.385000
200010 0.386000
200013 0.387000
200016 0.388000
200032 0.389000
200038 0.390000
200049 0.391000
200067 0.392000
200068 0.393000
200071 0.394000
200074 0.395000
200090 0.396000
200093 0.397000
200103 0.398000
200111 0.399000
200113 0.400000
200117 0.401000
200121 0.402000
200136 0.403000
200170 0.404000
200242 0.405000
200243 0.406000
200245 0.407000
200252 0.408000
200260 0.409000
200288 0.410000
200295 0.411000
200308 0.412000
200310 0.413000
200320 0.415000
200324 0.416000
200329 0.417000
200343 0.418000
200357 0.419000
200358 0.420000
200363 0.421000
200372 0.422000
200375 0.423000
200377 0.424000
200379 0.425000
200388 0.426000
200399 0.427000
200424 0.428000
200440 0.429000
200502 0.430000
200517 0.431000
200522 0.432000
200523 0.434000
200532 0.436000
200552 0.437000
200559 0.438000
200566 0.439000
200575 0.440000
200586 0.442000
200590 0.443000
200594 0.444000
200595 0.445000
200601 0.446000
200603 0.447000
200608 0.448000
200613 0.449000
200621 0.450000
200632 0.452000
200646 0.453000
200649 0.454000
200714 0.455000
200717 0.456000
200737 0.457000
200738 0.458000
200747 0.459000
200766 0.460000
200768 0.461000
200774 0.462000
200795 0.463000
200813 0.464000
200829 0.465000
200830 0.466000
200843 0.468000
200846 0.469000
200880 0.470000
200883 0.471000
200903 0.472000
200909 0.473000
200913 0.474000
200925 0.475000
200928 0.476000
200942 0.477000
200951 0.478000
200961 0.479000
200975 0.480000
200984 0.481000
201007 0.482000
201016 0.483000
201021 0.484000
201035 0.485000
201039 0.486000
201042 0.487000
201053 0.488000
201054 0.489000
201056 0.490000
201059 0.491000
201069 0.492000
201072 0.494000
201076 0.495000
201081 0.496000
201083 0.497000
201094 0.498000
201098 0.499000
201122 0.500000
201154 0.501000
201169 0.503000
201191 0.504000
201221 0.505000
201230 0.506000
201260 0.507000
201262 0.508000
201266 0.509000
201311 0.510000
201315 0.511000
201322 0.512000
201323 0.513000
201336 0.514000
201341 0.515000
201352 0.516000
201360 0.517000
201380 0.518000
201394 0.519000
201401 0.520000
201407 0.521000
201430 0.522000
201446 0.523000
201472 0.524000
201489 0.525000
201494 0.526000
201502 0.528000
201516 0.529000
201526 0.531000
201528 0.532000
201541 0.533000
201558 0.534000
201561 0.535000
201565 0.536000
201587 0.537000
201617 0.538000
201638 0.539000
201649 0.540000
201654 0.541000
201662 0.542000
201673 0.543000
201686 0.544000
201704 0.545000
201706 0.546000
201711 0.547000
201724 0.549000
201740 0.550000
201748 0.551000
201756 0.552000
201759 0.553000
201776 0.554000
201786 0.555000
201796 0.556000
201811 0.557000
201867 0.558000
201875 0.559000
201881 0.560000
201897 0.561000
201902 0.562000
201905 0.563000
201912 0.564000
201929 0.565000
201931 0.566000
201944 0.567000
201950 0.568000
201957 0.569000
201980 0.570000
201983 0.571000
201987 0.572000
201994 0.573000
201997 0.574000
202004 0.575000
202009 0.576000
202070 0.577000
202077 0.578000
202078 0.579000
202117 0.580000
202119 0.581000
202125 0.582000
202132 0.583000
202155 0.584000
202162 0.585000
202173 0.587000
202178 0.589000
202216 0.590000
202221 0.591000
202236 0.592000
202281 0.593000
202286 0.594000
202290 0.595000
202294 0.596000
202297 0.597000
202313 0.598000
202320 0.599000
202322 0.600000
202325 0.601000
202330 0.602000
202381 0.603000
202385 0.604000
202393 0.606000
202419 0.607000
202420 0.608000
202437 0.609000
202446 0.610000
202449 0.611000
202453 0.612000
202457 0.613000
202470 0.614000
202477 0.615000
202498 0.616000
202507 0.617000
202516 0.618000
202524 0.619000
202537 0.620000
202559 0.621000
202576 0.622000
202615 0.623000
202626 0.624000
202665 0.625000
202671 0.626000
202681 0.627000
202689 0.628000
202707 0.629000
202712 0.630000
202725 0.631000
202730 0.632000
202732 0.633000
202735 0.634000
202740 0.635000
202750 0.636000
202752 0.637000
202762 0.638000
202772 0.639000
202784 0.640000
202787 0.641000
202790 0.642000
202799 0.643000
202804 0.645000
202824 0.646000
202829 0.647000
202844 0.648000
202853 0.649000
202871 0.650000
202881 0.651000
202882 0.652000
202892 0.653000
202917 0.654000
202921 0.655000
202926 0.656000
202946 0.657000
202954 0.658000
202957 0.659000
202967 0.661000
202997 0.662000
203011 0.663000
203012 0.664000
203030 0.665000
203037 0.666000
203090 0.667000
203095 0.668000
203106 0.669000
203137 0.670000
203172 0.671000
203175 0.672000
203199 0.674000
203272 0.675000
203316 0.676000
203318 0.677000
203328 0.678000
203331 0.679000
203356 0.680000
203384 0.681000
203399 0.682000
203444 0.683000
203464 0.684000
203486 0.685000
203531 0.686000
203571 0.687000
203591 0.688000
203592 0.689000
203607 0.690000
203711 0.691000
203717 0.692000
203722 0.693000
203754 0.694000
203773 0.695000
203775 0.696000
203783 0.697000
203793 0.698000
203798 0.699000
203799 0.700000
203806 0.701000
203830 0.702000
203854 0.703000
203867 0.704000
203869 0.705000
203880 0.706000
203884 0.707000
203900 0.708000
203936 0.709000
203937 0.710000
203945 0.711000
203954 0.712000
203968 0.713000
203975 0.714000
203997 0.715000
204001 0.716000
204008 0.717000
204018 0.718000
204019 0.719000
204031 0.720000
204081 0.721000
204085 0.722000
204123 0.723000
204128 0.724000
204148 0.725000
204180 0.726000
204276 0.727000
204288 0.728000
204300 0.729000
204307 0.730000
204368 0.731000
204401 0.732000
204444 0.733000
204464 0.734000
204501 0.735000
204509 0.736000
204521 0.737000
204529 0.739000
204548 0.740000
204554 0.741000
204562 0.742000
204566 0.743000
204571 0.744000
204640 0.745000
204661 0.746000
204731 0.747000
204736 0.748000
204772 0.749000
204798 0.750000
204803 0.751000
204828 0.752000
204841 0.753000
204935 0.754000
204962 0.755000
205010 0.756000
205032 0.757000
205051 0.758000
205063 0.759000
205106 0.760000
205116 0.761000
205151 0.762000
205204 0.763000
205271 0.764000
205293 0.765000
205310 0.766000
205329 0.767000
205351 0.768000
205354 0.769000
205364 0.770000
205389 0.771000
205447 0.772000
205495 0.773000
205598 0.774000
205652 0.775000
205659 0.776000
205660 0.777000
205703 0.778000
205704 0.779000
205777 0.781000
205829 0.782000
205902 0.783000
205998 0.784000
206030 0.785000
206044 0.786000
206131 0.787000
206132 0.788000
206153 0.789000
206206 0.790000
206221 0.791000
206230 0.792000
206238 0.793000
206259 0.794000
206264 0.795000
206273 0.796000
206328 0.797000
206347 0.798000
206366 0.799000
206372 0.800000
206373 0.801000
206378 0.802000
206389 0.803000
206406 0.804000
206446 0.805000
206448 0.806000
206457 0.807000
206474 0.808000
206510 0.809000
206544 0.810000
206567 0.811000
206609 0.812000
206615 0.813000
206630 0.814000
206663 0.815000
206737 0.816000
206789 0.817000
206829 0.818000
206859 0.819000
206862 0.820000
206905 0.821000
206939 0.822000
206948 0.823000
206971 0.824000
206976 0.826000
206977 0.827000
207011 0.828000
207057 0.829000
207096 0.830000
207105 0.831000
207168 0.832000
207179 0.833000
207242 0.834000
207248 0.835000
207252 0.836000
207315 0.837000
207386 0.838000
207395 0.839000
207418 0.840000
207420 0.841000
207479 0.842000
207481 0.843000
207484 0.844000
207528 0.845000
207545 0.846000
207573 0.847000
207588 0.848000
207622 0.849000
207658 0.850000
207660 0.851000
207666 0.852000
207701 0.853000
207796 0.854000
207833 0.855000
207836 0.856000
207848 0.857000
207904 0.858000
207915 0.859000
207954 0.860000
207957 0.861000
207969 0.862000
207989 0.863000
208003 0.864000
208019 0.865000
208024 0.866000
208071 0.867000
208114 0.868000
208194 0.869000
208219 0.870000
208263 0.871000
208271 0.872000
208277 0.873000
208301 0.874000
208337 0.875000
208361 0.876000
208392 0.877000
208406 0.878000
208466 0.879000
208468 0.880000
208480 0.881000
208509 0.882000
208515 0.883000
208517 0.884000
208523 0.885000
208606 0.886000
208619 0.887000
208621 0.888000
208623 0.889000
208625 0.890000
208629 0.891000
208633 0.892000
208679 0.893000
208684 0.894000
208692 0.895000
208707 0.896000
208724 0.897000
208761 0.898000
208845 0.899000
208867 0.900000
208893 0.901000
208918 0.903000
208922 0.904000
208974 0.905000
208981 0.906000
209035 0.907000
209041 0.908000
209043 0.909000
209055 0.910000
209100 0.911000
209130 0.912000
209134 0.913000
209143 0.914000
209183 0.915000
209207 0.916000
209235 0.917000
209283 0.918000
209289 0.919000
209319 0.920000
209321 0.921000
209334 0.922000
209432 0.923000
209496 0.924000
209497 0.925000
209558 0.926000
209584 0.927000
209603 0.928000
209651 0.929000
209709 0.930000
209716 0.931000
209726 0.932000
209762 0.933000
209780 0.934000
209867 0.935000
209885 0.936000
209905 0.937000
209910 0.938000
209918 0.939000
209939 0.940000
209984 0.941000
210002 0.942000
210026 0.943000
210096 0.944000
210145 0.945000
210150 0.946000
210180 0.947000
210497 0.948000
210533 0.949000
210608 0.950000
210783 0.951000
210912 0.952000
210923 0.953000
210989 0.954000
210996 0.955000
211021 0.956000
211038 0.957000
211187 0.958000
211202 0.959000
211219 0.960000
211291 0.961000
211351 0.962000
211371 0.963000
211420 0.964000
211455 0.965000
211568 0.966000
212128 0.967000
212407 0.968000
212460 0.969000
212545 0.970000
212546 0.971000
212637 0.972000
212726 0.973000
212774 0.974000
212816 0.975000
212846 0.976000
212868 0.977000
213039 0.978000
213148 0.979000
213269 0.980000
213555 0.981000
213573 0.982000
213656 0.983000
213732 0.984000
213804 0.985000
214452 0.986000
214847 0.987000
215112 0.988000
215219 0.989000
215803 0.990000
216406 0.991000
216898 0.992000
216988 0.993000
217320 0.994000
217481 0.995000
217734 0.996000
218545 0.997000
218823 0.998000
221482 0.999000
228473 1.000000


151 0.000000
151 0.001000
152 0.011000
153 0.040000
154 0.333000
155 0.716000
156 0.857000
157 0.929000
158 0.969000
159 0.986000
160 0.997000
161 0.998000
170 0.999000
171 1.000000


