440251 0.000000
440251 0.001003
440837 0.002006
558768 0.003009
559780 0.004012
583296 0.005015
593896 0.006018
613414 0.007021
619848 0.008024
622827 0.009027
645127 0.010030
648708 0.011033
668692 0.012036
674180 0.013039
678183 0.014042
685282 0.015045
693040 0.016048
704547 0.017051
706160 0.018054
719821 0.019057
721593 0.020060
731614 0.021063
734605 0.022066
746085 0.023069
746647 0.024072
751966 0.025075
753520 0.026078
753552 0.027081
754286 0.028084
765053 0.029087
789352 0.030090
789455 0.031093
791786 0.032096
796005 0.033099
796918 0.034102
821542 0.035105
825149 0.036108
828462 0.037111
830108 0.038114
832013 0.039117
833935 0.040120
834491 0.041123
837208 0.042126
842650 0.043129
842771 0.044132
852695 0.045135
853385 0.046138
854455 0.047141
857417 0.048144
861047 0.049147
867066 0.050150
868630 0.051153
869578 0.052156
877584 0.053159
878565 0.054162
879940 0.055165
882853 0.056169
889719 0.057172
894971 0.058175
896333 0.059178
901658 0.060181
904006 0.061184
904355 0.062187
910712 0.063190
910855 0.064193
917921 0.065196
919647 0.066199
919941 0.067202
922308 0.068205
933036 0.069208
945175 0.070211
946863 0.071214
948989 0.072217
952285 0.073220
954251 0.074223
955214 0.075226
960792 0.076229
963531 0.077232
964731 0.078235
966049 0.079238
966614 0.080241
967892 0.081244
974585 0.082247
975062 0.083250
981926 0.084253
982421 0.085256
984933 0.086259
991075 0.087262
992746 0.088265
998059 0.089268
999021 0.090271
1000097 0.091274
1000126 0.092277
1000755 0.093280
1004161 0.094283
1004263 0.095286
1007245 0.096289
1007351 0.097292
1008999 0.098295
1012020 0.099298
1015981 0.100301
1024507 0.101304
1036076 0.102307
1042860 0.103310
1049836 0.104313
1050541 0.105316
1053856 0.106319
1054540 0.107322
1055848 0.108325
1057315 0.109328
1059144 0.110331
1060419 0.111334
1060999 0.112337
1061301 0.113340
1062588 0.114343
1062922 0.115346
1066716 0.116349
1067901 0.117352
1070397 0.118355
1070660 0.119358
1071546 0.120361
1071993 0.121364
1076127 0.122367
1076351 0.123370
1080161 0.124373
1081853 0.125376
1085210 0.126379
1085281 0.127382
1085870 0.128385
1088924 0.129388
1090395 0.130391
1091384 0.131394
1092086 0.132397
1093371 0.133400
1094784 0.134403
1094936 0.135406
1095784 0.136409
1096788 0.137412
1098563 0.138415
1100661 0.139418
1104872 0.140421
1107003 0.141424
1107030 0.142427
1107462 0.143430
1107753 0.144433
1110617 0.145436
1114546 0.146439
1114666 0.147442
1115232 0.148445
1115515 0.149448
1116457 0.150451
1117884 0.151454
1118388 0.152457
1119540 0.153460
1119970 0.154463
1120422 0.155466
1120683 0.156469
1124169 0.157472
1127407 0.158475
1129680 0.159478
1132316 0.160481
1133180 0.161484
1133303 0.162487
1137194 0.163490
1139627 0.164493
1142647 0.165496
1142921 0.166499
1143815 0.167503
1145579 0.168506
1148176 0.169509
1148983 0.170512
1150776 0.171515
1154894 0.172518
1155359 0.173521
1157844 0.174524
1158685 0.175527
1162352 0.176530
1164281 0.177533
1164738 0.178536
1164839 0.179539
1166608 0.180542
1166844 0.181545
1169536 0.182548
1170064 0.183551
1170232 0.184554
1171563 0.185557
1172801 0.186560
1174569 0.187563
1176082 0.188566
1179784 0.189569
1180962 0.190572
1181706 0.191575
1182233 0.192578
1182497 0.193581
1183547 0.194584
1184035 0.195587
1186772 0.196590
1186832 0.197593
1188452 0.198596
1191777 0.199599
1197169 0.200602
1197810 0.201605
1198434 0.202608
1199985 0.203611
1201802 0.204614
1201925 0.205617
1202156 0.206620
1206116 0.207623
1207584 0.208626
1208652 0.209629
1210063 0.210632
1213101 0.211635
1214395 0.212638
1214460 0.213641
1217610 0.214644
1218785 0.215647
1219264 0.216650
1221981 0.217653
1222604 0.218656
1222827 0.219659
1224920 0.220662
1225777 0.221665
1225913 0.222668
1226025 0.223671
1227618 0.224674
1228705 0.225677
1229849 0.226680
1232879 0.227683
1233058 0.228686
1233329 0.229689
1236526 0.230692
1237860 0.231695
1238428 0.232698
1239086 0.233701
1241915 0.234704
1242592 0.235707
1242814 0.236710
1243447 0.237713
1245311 0.238716
1248968 0.239719
1249507 0.240722
1253713 0.241725
1254544 0.242728
1254735 0.243731
1256882 0.244734
1259950 0.245737
1261342 0.246740
1261482 0.247743
1262461 0.248746
1264270 0.249749
1265016 0.250752
1265071 0.251755
1265984 0.252758
1266228 0.253761
1267612 0.254764
1270558 0.255767
1276119 0.256770
1276727 0.257773
1276866 0.258776
1277897 0.259779
1277925 0.260782
1278756 0.261785
1279380 0.262788
1281365 0.263791
1284444 0.264794
1286199 0.265797
1288130 0.266800
1288229 0.267803
1288693 0.268806
1288824 0.269809
1291223 0.270812
1291405 0.271815
1292253 0.272818
1293660 0.273821
1296654 0.274824
1298479 0.275827
1300448 0.276830
1301691 0.277834
1302718 0.278837
1304142 0.279840
1306278 0.280843
1306669 0.281846
1306728 0.282849
1308352 0.283852
1309750 0.284855
1310354 0.285858
1310360 0.286861
1311138 0.287864
1313061 0.288867
1315261 0.289870
1315555 0.290873
1315849 0.291876
1316365 0.292879
1316536 0.293882
1318342 0.294885
1320976 0.295888
1321600 0.296891
1322520 0.297894
1327372 0.298897
1327976 0.299900
1328874 0.300903
1331672 0.301906
1334075 0.302909
1334834 0.303912
1335348 0.304915
1335856 0.305918
1336009 0.306921
1336715 0.307924
1338475 0.308927
1338573 0.309930
1338641 0.310933
1338850 0.311936
1345611 0.312939
1345627 0.313942
1347054 0.314945
1347119 0.315948
1348296 0.316951
1348977 0.317954
1350688 0.318957
1350744 0.319960
1350846 0.320963
1351162 0.321966
1351599 0.322969
1353015 0.323972
1356919 0.324975
1358269 0.325978
1358400 0.326981
1358799 0.327984
1358867 0.328987
1359270 0.329990
1364046 0.330993
1365401 0.331996
1366437 0.332999
1368311 0.334002
1370298 0.335005
1370784 0.336008
1370863 0.337011
1372362 0.338014
1372547 0.339017
1374913 0.340020
1375044 0.341023
1376232 0.342026
1376592 0.343029
1376616 0.344032
1379774 0.345035
1380480 0.346038
1380647 0.347041
1382260 0.348044
1382960 0.349047
1383552 0.350050
1384039 0.351053
1385459 0.352056
1388162 0.353059
1388302 0.354062
1390623 0.355065
1391001 0.356068
1391457 0.357071
1391768 0.358074
1391972 0.359077
1391976 0.360080
1394452 0.361083
1397163 0.362086
1397462 0.363089
1398674 0.364092
1400535 0.365095
1401220 0.366098
1402724 0.367101
1403031 0.368104
1405090 0.369107
1407040 0.370110
1407629 0.371113
1408090 0.372116
1408593 0.373119
1408656 0.374122
1408772 0.375125
1408990 0.376128
1409912 0.377131
1410109 0.378134
1410154 0.379137
1410373 0.380140
1411428 0.381143
1412208 0.382146
1412209 0.383149
1412854 0.384152
1414488 0.385155
1416024 0.386158
1416174 0.387161
1417452 0.388164
1418516 0.389168
1419372 0.390171
1419960 0.391174
1420059 0.392177
1420538 0.393180
1420632 0.394183
1420683 0.395186
1425563 0.396189
1427437 0.397192
1427736 0.398195
1429250 0.399198
1429323 0.400201
1429807 0.401204
1430186 0.402207
1432786 0.403210
1432981 0.404213
1433107 0.405216
1433235 0.406219
1433370 0.407222
1435815 0.408225
1435875 0.409228
1436428 0.410231
1437433 0.411234
1437481 0.412237
1438919 0.413240
1440261 0.414243
1441267 0.415246
1441328 0.416249
1441350 0.417252
1443541 0.418255
1443675 0.419258
1446201 0.420261
1446329 0.421264
1447031 0.422267
1448118 0.423270
1448232 0.424273
1449437 0.425276
1449719 0.426279
1450685 0.427282
1451571 0.428285
1452855 0.429288
1453206 0.430291
1453820 0.431294
1453971 0.432297
1454568 0.433300
1454621 0.434303
1455484 0.435306
1457435 0.436309
1459199 0.437312
1459656 0.438315
1460778 0.439318
1461694 0.440321
1463951 0.441324
1464714 0.442327
1465146 0.443330
1465638 0.444333
1466473 0.445336
1467024 0.446339
1467163 0.447342
1467625 0.448345
1468215 0.449348
1468324 0.450351
1468413 0.451354
1468671 0.452357
1468949 0.453360
1469239 0.454363
1469366 0.455366
1470264 0.456369
1472268 0.457372
1472368 0.458375
1473724 0.459378
1474454 0.460381
1474522 0.461384
1474548 0.462387
1475199 0.463390
1475401 0.464393
1475806 0.465396
1476304 0.466399
1476843 0.467402
1477595 0.468405
1477745 0.469408
1477796 0.470411
1478126 0.471414
1478662 0.472417
1478994 0.473420
1480042 0.474423
1480969 0.475426
1481707 0.476429
1481729 0.477432
1483878 0.478435
1485029 0.479438
1485054 0.480441
1486234 0.481444
1486815 0.482447
1487363 0.483450
1487566 0.484453
1487923 0.485456
1488047 0.486459
1489893 0.487462
1490908 0.488465
1491394 0.489468
1491903 0.490471
1493274 0.491474
1494159 0.492477
1494686 0.493480
1496287 0.494483
1497520 0.495486
1497760 0.496489
1498507 0.497492
1499732 0.498495
1500833 0.499498
1500989 0.500502
1501578 0.501505
1501626 0.502508
1502002 0.503511
1502175 0.504514
1502954 0.505517
1503575 0.506520
1504308 0.507523
1505039 0.508526
1505115 0.509529
1505179 0.510532
1505865 0.511535
1506966 0.512538
1506980 0.513541
1507801 0.514544
1508619 0.515547
1509011 0.516550
1509590 0.517553
1509748 0.518556
1512166 0.519559
1512934 0.520562
1514369 0.521565
1514498 0.522568
1514910 0.523571
1515319 0.524574
1515804 0.525577
1515863 0.526580
1516075 0.527583
1516302 0.528586
1517890 0.529589
1518073 0.530592
1518559 0.531595
1518847 0.532598
1520243 0.533601
1520672 0.534604
1522737 0.535607
1524543 0.536610
1524570 0.537613
1527183 0.538616
1527594 0.539619
1527981 0.540622
1528188 0.541625
1531214 0.542628
1531396 0.543631
1531489 0.544634
1531882 0.545637
1532303 0.546640
1532451 0.547643
1532564 0.548646
1534394 0.549649
1535604 0.550652
1535625 0.551655
1536193 0.552658
1536455 0.553661
1536524 0.554664
1537188 0.555667
1537614 0.556670
1537930 0.557673
1539142 0.558676
1539272 0.559679
1540453 0.560682
1541815 0.561685
1541828 0.562688
1543341 0.563691
1543455 0.564694
1543688 0.565697
1543998 0.566700
1545879 0.567703
1547347 0.568706
1547368 0.569709
1549885 0.570712
1550760 0.571715
1552216 0.572718
1552290 0.573721
1553436 0.574724
1553730 0.575727
1554463 0.576730
1556635 0.577733
1556992 0.578736
1557333 0.579739
1557717 0.580742
1559005 0.581745
1560633 0.582748
1561725 0.583751
1562201 0.584754
1565574 0.585757
1566127 0.586760
1566515 0.587763
1567657 0.588766
1567673 0.589769
1568732 0.590772
1568907 0.591775
1569511 0.592778
1569594 0.593781
1569660 0.594784
1569752 0.595787
1570633 0.596790
1571402 0.597793
1571464 0.598796
1571657 0.599799
1572083 0.600802
1572197 0.601805
1573573 0.602808
1574272 0.603811
1576179 0.604814
1576326 0.605817
1576458 0.606820
1577694 0.607823
1578771 0.608826
1579222 0.609829
1579958 0.610832
1580044 0.611836
1580081 0.612839
1580507 0.613842
1580667 0.614845
1580744 0.615848
1581305 0.616851
1581841 0.617854
1582637 0.618857
1584501 0.619860
1584591 0.620863
1584812 0.621866
1585195 0.622869
1585711 0.623872
1585849 0.624875
1586123 0.625878
1587111 0.626881
1588399 0.627884
1588929 0.628887
1591910 0.629890
1592070 0.630893
1592568 0.631896
1595761 0.632899
1596202 0.633902
1596612 0.634905
1596614 0.635908
1597044 0.636911
1597745 0.637914
1598390 0.638917
1598533 0.639920
1598976 0.640923
1599994 0.641926
1600385 0.642929
1601058 0.643932
1601669 0.644935
1602905 0.645938
1603427 0.646941
1603698 0.647944
1604790 0.648947
1605662 0.649950
1608632 0.650953
1608926 0.651956
1608999 0.652959
1609433 0.653962
1609979 0.654965
1610573 0.655968
1610617 0.656971
1610700 0.657974
1611108 0.658977
1611133 0.659980
1612070 0.660983
1612181 0.661986
1613645 0.662989
1614712 0.663992
1614871 0.664995
1614929 0.665998
1614956 0.667001
1615617 0.668004
1615840 0.669007
1616925 0.670010
1617241 0.671013
1617961 0.672016
1617970 0.673019
1618197 0.674022
1618444 0.675025
1618651 0.676028
1619911 0.677031
1620165 0.678034
1620280 0.679037
1623408 0.680040
1624537 0.681043
1627597 0.682046
1628211 0.683049
1628329 0.684052
1628394 0.685055
1628536 0.686058
1628624 0.687061
1629644 0.688064
1630482 0.689067
1630576 0.690070
1630760 0.691073
1630812 0.692076
1630968 0.693079
1631309 0.694082
1631671 0.695085
1632385 0.696088
1633099 0.697091
1633802 0.698094
1635027 0.699097
1635521 0.700100
1636618 0.701103
1637071 0.702106
1639345 0.703109
1639397 0.704112
1639413 0.705115
1640357 0.706118
1640561 0.707121
1641258 0.708124
1641764 0.709127
1642313 0.710130
1642848 0.711133
1643660 0.712136
1644813 0.713139
1645665 0.714142
1647695 0.715145
1647835 0.716148
1649640 0.717151
1650019 0.718154
1650146 0.719157
1650772 0.720160
1651331 0.721163
1653025 0.722166
1654460 0.723170
1654553 0.724173
1655005 0.725176
1655661 0.726179
1656729 0.727182
1657030 0.728185
1657245 0.729188
1657261 0.730191
1657351 0.731194
1657357 0.732197
1657908 0.733200
1659388 0.734203
1659629 0.735206
1660633 0.736209
1661212 0.737212
1662407 0.738215
1662499 0.739218
1663139 0.740221
1663221 0.741224
1664452 0.742227
1664781 0.743230
1664793 0.744233
1665369 0.745236
1666058 0.746239
1666239 0.747242
1666606 0.748245
1667295 0.749248
1667502 0.750251
1667538 0.751254
1669081 0.752257
1669118 0.753260
1669219 0.754263
1669293 0.755266
1669768 0.756269
1671308 0.757272
1672334 0.758275
1672876 0.759278
1673256 0.760281
1674359 0.761284
1674363 0.762287
1675099 0.763290
1675271 0.764293
1676057 0.765296
1676820 0.766299
1677656 0.767302
1677758 0.768305
1679230 0.769308
1679545 0.770311
1679579 0.771314
1681872 0.772317
1682000 0.773320
1684860 0.774323
1685116 0.775326
1685349 0.776329
1686007 0.777332
1686178 0.778335
1687651 0.779338
1688146 0.780341
1690518 0.781344
1691028 0.782347
1695602 0.783350
1695732 0.784353
1696867 0.785356
1697047 0.786359
1697366 0.787362
1697572 0.788365
1697877 0.789368
1697958 0.790371
1698031 0.791374
1698509 0.792377
1698970 0.793380
1699265 0.794383
1700893 0.795386
1702328 0.796389
1704187 0.797392
1704357 0.798395
1705443 0.799398
1705665 0.800401
1707607 0.801404
1708120 0.802407
1711014 0.803410
1711824 0.804413
1713356 0.805416
1713557 0.806419
1714295 0.807422
1714313 0.808425
1715322 0.809428
1715326 0.810431
1716926 0.811434
1718834 0.812437
1719260 0.813440
1720134 0.814443
1720573 0.815446
1721552 0.816449
1722511 0.817452
1722561 0.818455
1722985 0.819458
1723696 0.820461
1724083 0.821464
1726131 0.822467
1726913 0.823470
1727159 0.824473
1729038 0.825476
1729441 0.826479
1729884 0.827482
1730334 0.828485
1730563 0.829488
1730722 0.830491
1730846 0.831494
1731410 0.832497
1732393 0.833501
1733198 0.834504
1734470 0.835507
1735143 0.836510
1735486 0.837513
1739483 0.838516
1741900 0.839519
1743362 0.840522
1744529 0.841525
1744587 0.842528
1745580 0.843531
1747704 0.844534
1747939 0.845537
1748410 0.846540
1750331 0.847543
1750972 0.848546
1753165 0.849549
1753237 0.850552
1754508 0.851555
1755011 0.852558
1755831 0.853561
1755889 0.854564
1756394 0.855567
1757783 0.856570
1759362 0.857573
1760275 0.858576
1760457 0.859579
1760673 0.860582
1765046 0.861585
1766503 0.862588
1766967 0.863591
1768412 0.864594
1768986 0.865597
1769173 0.866600
1771025 0.867603
1771166 0.868606
1771969 0.869609
1773322 0.870612
1773782 0.871615
1777532 0.872618
1778154 0.873621
1782882 0.874624
1783974 0.875627
1784597 0.876630
1785148 0.877633
1786424 0.878636
1789555 0.879639
1789652 0.880642
1790023 0.881645
1791301 0.882648
1792049 0.883651
1793157 0.884654
1794843 0.885657
1796417 0.886660
1797924 0.887663
1798593 0.888666
1799573 0.889669
1799851 0.890672
1799967 0.891675
1800200 0.892678
1801076 0.893681
1801353 0.894684
1803232 0.895687
1809902 0.896690
1810915 0.897693
1811215 0.898696
1811734 0.899699
1812424 0.900702
1815654 0.901705
1816125 0.902708
1818393 0.903711
1818549 0.904714
1821349 0.905717
1821497 0.906720
1821938 0.907723
1822811 0.908726
1824327 0.909729
1825047 0.910732
1825698 0.911735
1825999 0.912738
1827069 0.913741
1827391 0.914744
1829418 0.915747
1830363 0.916750
1831177 0.917753
1831355 0.918756
1832593 0.919759
1838349 0.920762
1838767 0.921765
1839421 0.922768
1841844 0.923771
1842133 0.924774
1842385 0.925777
1844574 0.926780
1845286 0.927783
1846335 0.928786
1848768 0.929789
1849819 0.930792
1850860 0.931795
1852790 0.932798
1858041 0.933801
1859858 0.934804
1862423 0.935807
1864550 0.936810
1865411 0.937813
1865440 0.938816
1865835 0.939819
1867065 0.940822
1868652 0.941825
1871460 0.942828
1872973 0.943831
1876659 0.944835
1879107 0.945838
1881089 0.946841
1885361 0.947844
1887635 0.948847
1888694 0.949850
1890309 0.950853
1890693 0.951856
1893192 0.952859
1896587 0.953862
1898081 0.954865
1899644 0.955868
1901648 0.956871
1902994 0.957874
1904346 0.958877
1915136 0.959880
1915991 0.960883
1916500 0.961886
1917611 0.962889
1918389 0.963892
1919005 0.964895
1919223 0.965898
1920640 0.966901
1927777 0.967904
1928853 0.968907
1935998 0.969910
1941436 0.970913
1945042 0.971916
1945711 0.972919
1951306 0.973922
1954414 0.974925
1959392 0.975928
1961607 0.976931
1962151 0.977934
1965382 0.978937
1967863 0.979940
1968945 0.980943
1969375 0.981946
1973138 0.982949
1975258 0.983952
1984505 0.984955
1985781 0.985958
1987788 0.986961
1990970 0.987964
1994172 0.988967
2004495 0.989970
2008063 0.990973
2008479 0.991976
2008861 0.992979
2011484 0.993982
2021003 0.994985
2028100 0.995988
2053127 0.996991
2059882 0.997994
2126056 0.998997
2129815 1.000000


341 0.000000
341 0.002006
371 0.003009
386 0.004012
395 0.005015
424 0.006018
431 0.007021
445 0.008024
450 0.009027
453 0.010030
454 0.011033
455 0.012036
457 0.013039
458 0.014042
465 0.015045
477 0.016048
485 0.017051
492 0.018054
497 0.019057
516 0.020060
529 0.021063
533 0.022066
536 0.024072
539 0.025075
544 0.026078
554 0.027081
560 0.028084
581 0.029087
584 0.030090
592 0.031093
593 0.032096
601 0.033099
608 0.034102
619 0.035105
621 0.036108
631 0.037111
633 0.038114
636 0.040120
642 0.041123
643 0.042126
648 0.043129
659 0.044132
660 0.045135
667 0.046138
668 0.048144
672 0.049147
675 0.050150
679 0.051153
680 0.052156
682 0.053159
693 0.054162
698 0.056169
700 0.057172
705 0.058175
709 0.059178
710 0.060181
711 0.061184
713 0.062187
717 0.063190
719 0.064193
721 0.065196
724 0.066199
725 0.067202
727 0.068205
729 0.069208
730 0.071214
732 0.074223
733 0.075226
734 0.076229
738 0.077232
740 0.078235
745 0.080241
747 0.081244
748 0.082247
749 0.083250
753 0.084253
756 0.085256
758 0.086259
763 0.087262
765 0.088265
767 0.089268
771 0.090271
774 0.091274
779 0.092277
781 0.093280
783 0.094283
787 0.095286
788 0.097292
790 0.098295
791 0.100301
792 0.101304
797 0.103310
801 0.104313
803 0.106319
805 0.107322
806 0.108325
809 0.109328
817 0.110331
819 0.111334
831 0.112337
835 0.113340
836 0.114343
840 0.116349
844 0.117352
845 0.118355
848 0.121364
853 0.122367
854 0.123370
858 0.125376
859 0.126379
860 0.128385
862 0.129388
863 0.130391
864 0.131394
868 0.132397
873 0.133400
877 0.134403
878 0.137412
881 0.139418
883 0.140421
884 0.141424
885 0.142427
889 0.144433
897 0.145436
898 0.146439
899 0.147442
900 0.149448
901 0.150451
905 0.152457
906 0.153460
908 0.154463
909 0.155466
915 0.157472
918 0.158475
925 0.159478
926 0.160481
928 0.161484
929 0.163490
930 0.165496
931 0.167503
933 0.169509
935 0.170512
937 0.172518
942 0.174524
943 0.175527
944 0.176530
947 0.178536
949 0.179539
950 0.180542
951 0.181545
955 0.182548
956 0.183551
959 0.184554
962 0.186560
963 0.187563
966 0.188566
967 0.189569
968 0.190572
969 0.191575
970 0.193581
971 0.195587
972 0.197593
974 0.199599
975 0.201605
977 0.203611
978 0.206620
980 0.207623
981 0.211635
982 0.213641
987 0.214644
988 0.215647
989 0.216650
992 0.217653
995 0.218656
996 0.219659
997 0.221665
998 0.223671
999 0.224674
1001 0.225677
1004 0.227683
1009 0.229689
1010 0.230692
1012 0.231695
1013 0.233701
1014 0.237713
1015 0.239719
1016 0.240722
1017 0.241725
1018 0.243731
1019 0.244734
1022 0.245737
1023 0.246740
1026 0.247743
1027 0.248746
1028 0.249749
1030 0.250752
1032 0.253761
1034 0.254764
1035 0.255767
1038 0.256770
1041 0.259779
1042 0.261785
1043 0.262788
1044 0.263791
1045 0.265797
1047 0.266800
1048 0.267803
1050 0.270812
1053 0.271815
1054 0.272818
1056 0.273821
1062 0.275827
1063 0.276830
1065 0.277834
1068 0.278837
1073 0.279840
1078 0.280843
1079 0.281846
1080 0.282849
1081 0.283852
1082 0.284855
1083 0.285858
1085 0.286861
1086 0.288867
1088 0.289870
1090 0.292879
1092 0.293882
1094 0.294885
1095 0.295888
1097 0.297894
1098 0.298897
1099 0.303912
1101 0.304915
1104 0.308927
1105 0.309930
1107 0.310933
1108 0.313942
1109 0.315948
1110 0.316951
1111 0.319960
1113 0.322969
1115 0.323972
1116 0.325978
1117 0.327984
1120 0.329990
1121 0.330993
1122 0.331996
1123 0.332999
1124 0.334002
1125 0.335005
1126 0.336008
1127 0.337011
1128 0.338014
1133 0.339017
1135 0.341023
1137 0.342026
1138 0.344032
1139 0.345035
1141 0.346038
1143 0.348044
1144 0.349047
1147 0.351053
1148 0.352056
1149 0.356068
1150 0.357071
1151 0.360080
1152 0.362086
1153 0.363089
1154 0.365095
1155 0.366098
1156 0.367101
1157 0.368104
1161 0.369107
1162 0.370110
1165 0.373119
1168 0.376128
1169 0.379137
1170 0.381143
1172 0.384152
1173 0.386158
1175 0.389168
1177 0.390171
1180 0.392177
1183 0.397192
1184 0.400201
1185 0.405216
1186 0.407222
1188 0.410231
1189 0.414243
1190 0.416249
1192 0.419258
1193 0.421264
1194 0.422267
1195 0.426279
1196 0.427282
1197 0.429288
1198 0.432297
1199 0.433300
1200 0.434303
1201 0.435306
1202 0.436309
1203 0.437312
1205 0.439318
1206 0.440321
1207 0.441324
1208 0.443330
1210 0.444333
1213 0.446339
1215 0.449348
1216 0.451354
1217 0.453360
1218 0.455366
1219 0.456369
1220 0.457372
1222 0.458375
1223 0.459378
1225 0.463390
1226 0.465396
1227 0.466399
1228 0.467402
1229 0.469408
1230 0.470411
1231 0.471414
1232 0.473420
1233 0.475426
1234 0.476429
1235 0.477432
1236 0.481444
1237 0.482447
1238 0.485456
1240 0.487462
1242 0.488465
1243 0.489468
1244 0.490471
1245 0.493480
1246 0.494483
1248 0.495486
1250 0.499498
1251 0.500502
1252 0.503511
1253 0.505517
1254 0.506520
1255 0.509529
1256 0.511535
1257 0.513541
1258 0.514544
1261 0.515547
1262 0.516550
1263 0.517553
1264 0.520562
1266 0.523571
1267 0.527583
1269 0.528586
1271 0.530592
1273 0.531595
1274 0.532598
1275 0.535607
1276 0.537613
1278 0.538616
1279 0.539619
1280 0.540622
1281 0.541625
1282 0.543631
1283 0.545637
1284 0.546640
1285 0.547643
1288 0.550652
1290 0.551655
1291 0.553661
1292 0.554664
1294 0.555667
1295 0.557673
1296 0.559679
1297 0.561685
1299 0.563691
1300 0.565697
1301 0.567703
1302 0.569709
1305 0.571715
1306 0.572718
1307 0.573721
1308 0.576730
1309 0.578736
1310 0.580742
1311 0.581745
1312 0.583751
1313 0.584754
1314 0.585757
1315 0.590772
1316 0.591775
1317 0.594784
1318 0.596790
1319 0.598796
1320 0.600802
1321 0.602808
1322 0.604814
1324 0.608826
1327 0.609829
1328 0.611836
1329 0.612839
1331 0.613842
1332 0.614845
1334 0.615848
1336 0.616851
1337 0.621866
1338 0.623872
1339 0.624875
1340 0.628887
1341 0.632899
1342 0.633902
1343 0.638917
1344 0.640923
1346 0.641926
1347 0.644935
1348 0.646941
1350 0.648947
1351 0.649950
1352 0.650953
1353 0.653962
1354 0.654965
1355 0.655968
1356 0.656971
1358 0.657974
1359 0.658977
1360 0.664995
1361 0.665998
1362 0.667001
1363 0.670010
1365 0.672016
1366 0.673019
1367 0.677031
1368 0.680040
1371 0.683049
1372 0.687061
1373 0.689067
1375 0.692076
1376 0.693079
1377 0.694082
1378 0.695085
1379 0.697091
1380 0.699097
1381 0.701103
1383 0.703109
1384 0.707121
1385 0.711133
1386 0.712136
1387 0.714142
1388 0.716148
1389 0.719157
1390 0.720160
1391 0.724173
1393 0.726179
1395 0.728185
1396 0.729188
1399 0.730191
1400 0.731194
1401 0.734203
1402 0.736209
1403 0.737212
1404 0.740221
1405 0.742227
1406 0.745236
1407 0.747242
1408 0.748245
1409 0.749248
1411 0.752257
1412 0.755266
1413 0.756269
1414 0.759278
1416 0.763290
1417 0.764293
1418 0.765296
1419 0.767302
1420 0.768305
1422 0.770311
1424 0.773320
1426 0.776329
1427 0.777332
1429 0.778335
1431 0.782347
1432 0.784353
1433 0.785356
1434 0.787362
1435 0.788365
1437 0.789368
1441 0.791374
1442 0.792377
1444 0.793380
1445 0.794383
1446 0.797392
1447 0.800401
1448 0.801404
1449 0.802407
1450 0.804413
1451 0.805416
1454 0.806419
1456 0.807422
1457 0.808425
1458 0.809428
1459 0.812437
1461 0.813440
1463 0.816449
1464 0.819458
1465 0.821464
1466 0.822467
1467 0.823470
1468 0.824473
1470 0.826479
1471 0.827482
1472 0.828485
1473 0.830491
1474 0.831494
1475 0.832497
1476 0.833501
1477 0.835507
1478 0.837513
1479 0.838516
1480 0.839519
1483 0.841525
1484 0.842528
1485 0.843531
1486 0.845537
1491 0.846540
1492 0.847543
1493 0.849549
1494 0.850552
1495 0.852558
1497 0.854564
1498 0.855567
1500 0.856570
1501 0.858576
1502 0.859579
1504 0.860582
1507 0.864594
1508 0.865597
1511 0.867603
1512 0.869609
1513 0.870612
1514 0.871615
1515 0.872618
1516 0.873621
1519 0.875627
1520 0.878636
1522 0.880642
1523 0.881645
1524 0.882648
1525 0.884654
1526 0.887663
1528 0.888666
1530 0.889669
1532 0.890672
1533 0.892678
1536 0.893681
1539 0.894684
1541 0.895687
1545 0.896690
1546 0.898696
1547 0.899699
1548 0.902708
1549 0.903711
1551 0.904714
1552 0.905717
1553 0.906720
1556 0.907723
1559 0.908726
1561 0.911735
1564 0.912738
1565 0.913741
1566 0.914744
1567 0.916750
1570 0.917753
1571 0.918756
1574 0.919759
1579 0.920762
1583 0.922768
1584 0.924774
1585 0.926780
1587 0.928786
1588 0.929789
1589 0.930792
1591 0.932798
1592 0.933801
1596 0.934804
1598 0.935807
1600 0.936810
1603 0.939819
1604 0.940822
1605 0.941825
1606 0.942828
1609 0.943831
1610 0.944835
1615 0.947844
1620 0.948847
1621 0.949850
1622 0.950853
1625 0.952859
1629 0.953862
1634 0.954865
1637 0.955868
1638 0.956871
1639 0.957874
1642 0.958877
1646 0.959880
1651 0.961886
1656 0.963892
1658 0.966901
1660 0.967904
1664 0.968907
1671 0.970913
1672 0.971916
1674 0.972919
1682 0.973922
1684 0.974925
1687 0.975928
1689 0.976931
1690 0.978937
1693 0.979940
1695 0.980943
1696 0.981946
1700 0.982949
1704 0.983952
1706 0.984955
1708 0.985958
1709 0.986961
1710 0.987964
1712 0.988967
1726 0.989970
1728 0.990973
1732 0.991976
1734 0.992979
1743 0.993982
1747 0.994985
1755 0.995988
1761 0.996991
1794 0.997994
1883 0.998997
1897 1.000000


