340138 0.000000
340138 0.001002
476782 0.002004
486990 0.003006
516164 0.004008
532577 0.005010
544145 0.006012
548734 0.007014
566049 0.008016
591758 0.009018
613768 0.010020
625015 0.011022
627163 0.012024
632552 0.013026
632903 0.014028
638005 0.015030
646312 0.016032
647380 0.017034
649344 0.018036
651062 0.019038
652815 0.020040
653471 0.021042
661119 0.022044
672625 0.023046
685465 0.024048
686363 0.025050
690062 0.026052
691560 0.027054
698255 0.028056
702095 0.029058
713250 0.030060
730160 0.031062
737878 0.032064
739612 0.033066
739642 0.034068
742415 0.035070
752962 0.036072
753854 0.037074
760853 0.038076
760861 0.039078
766473 0.040080
768405 0.041082
773069 0.042084
773295 0.043086
773682 0.044088
774433 0.045090
774708 0.046092
775663 0.047094
783329 0.048096
784327 0.049098
784427 0.050100
790489 0.051102
800261 0.052104
801529 0.053106
814474 0.054108
816684 0.055110
818560 0.056112
821383 0.057114
822250 0.058116
824940 0.059118
827063 0.060120
828968 0.061122
834428 0.062124
835146 0.063126
840053 0.064128
843769 0.065130
848809 0.066132
857647 0.067134
860347 0.068136
862014 0.069138
867849 0.070140
868202 0.071142
872049 0.072144
874916 0.073146
878316 0.074148
878587 0.075150
882788 0.076152
883676 0.077154
884793 0.078156
885664 0.079158
885888 0.080160
887670 0.081162
889679 0.082164
890996 0.083166
893182 0.084168
894856 0.085170
895818 0.086172
896163 0.087174
898083 0.088176
898120 0.089178
898428 0.090180
898900 0.091182
901611 0.092184
902322 0.093186
908830 0.094188
909304 0.095190
914018 0.096192
916700 0.097194
919862 0.098196
923133 0.099198
925346 0.100200
926454 0.101202
927547 0.102204
929284 0.103206
934440 0.104208
942468 0.105210
943740 0.106212
947065 0.107214
947229 0.108216
948003 0.109218
951848 0.110220
951952 0.111222
953028 0.112224
956270 0.113226
959151 0.114228
965715 0.115230
968043 0.116232
970140 0.117234
974456 0.118236
976479 0.119238
979249 0.120240
980431 0.121242
980556 0.122244
983502 0.123246
983868 0.124248
983953 0.125251
985534 0.126253
991295 0.127255
991511 0.128257
991597 0.129259
998063 0.130261
999401 0.131263
1000077 0.132265
1002805 0.133267
1005625 0.134269
1008747 0.135271
1012566 0.136273
1017331 0.137275
1017453 0.138277
1018305 0.139279
1020133 0.140281
1023903 0.141283
1026125 0.142285
1026699 0.143287
1027411 0.144289
1027873 0.145291
1034487 0.146293
1036150 0.147295
1037021 0.148297
1037647 0.149299
1039194 0.150301
1040052 0.151303
1040371 0.152305
1040620 0.153307
1040943 0.154309
1045319 0.155311
1045578 0.156313
1046182 0.157315
1047094 0.158317
1047344 0.159319
1048446 0.160321
1049315 0.161323
1049435 0.162325
1051553 0.163327
1052834 0.164329
1054456 0.165331
1055449 0.166333
1055718 0.167335
1055764 0.168337
1064649 0.169339
1065116 0.170341
1066087 0.171343
1067824 0.172345
1070806 0.173347
1072258 0.174349
1074272 0.175351
1074308 0.176353
1076683 0.177355
1078723 0.178357
1080374 0.179359
1082962 0.180361
1083044 0.181363
1083603 0.182365
1086533 0.183367
1087074 0.184369
1087746 0.185371
1088146 0.186373
1089751 0.187375
1094942 0.188377
1095906 0.189379
1097413 0.190381
1100187 0.191383
1100867 0.192385
1101060 0.193387
1101420 0.194389
1101656 0.195391
1102151 0.196393
1102620 0.197395
1104233 0.198397
1104243 0.199399
1104904 0.200401
1105312 0.201403
1105436 0.202405
1105500 0.203407
1107267 0.204409
1107564 0.205411
1107982 0.206413
1112193 0.207415
1112468 0.208417
1112619 0.209419
1113234 0.210421
1113902 0.211423
1117602 0.212425
1119486 0.213427
1127238 0.214429
1128622 0.215431
1131525 0.216433
1132813 0.217435
1133022 0.218437
1136085 0.219439
1138523 0.220441
1138784 0.221443
1139359 0.222445
1139800 0.223447
1140272 0.224449
1140468 0.225451
1140710 0.226453
1140942 0.227455
1141354 0.228457
1141969 0.229459
1142147 0.230461
1143977 0.231463
1144186 0.232465
1145037 0.233467
1145437 0.234469
1145579 0.235471
1146938 0.236473
1147401 0.237475
1148101 0.238477
1149066 0.239479
1149857 0.240481
1150827 0.241483
1151787 0.242485
1153569 0.243487
1154080 0.244489
1156294 0.245491
1156443 0.246493
1156582 0.247495
1158120 0.248497
1159927 0.249499
1162911 0.250501
1162953 0.251503
1162956 0.252505
1163449 0.253507
1163677 0.254509
1163743 0.255511
1164029 0.256513
1164109 0.257515
1164291 0.258517
1165818 0.259519
1166347 0.260521
1167001 0.261523
1167212 0.262525
1168374 0.263527
1168635 0.264529
1168938 0.265531
1169083 0.266533
1169413 0.267535
1169454 0.268537
1170390 0.269539
1171059 0.270541
1171209 0.271543
1172017 0.272545
1172628 0.273547
1174223 0.274549
1174706 0.275551
1176752 0.276553
1176850 0.277555
1177266 0.278557
1178015 0.279559
1178204 0.280561
1179580 0.281563
1180465 0.282565
1181339 0.283567
1181964 0.284569
1182917 0.285571
1183739 0.286573
1184410 0.287575
1184998 0.288577
1185860 0.289579
1189335 0.290581
1190323 0.291583
1190838 0.292585
1191280 0.293587
1191957 0.294589
1192668 0.295591
1197028 0.296593
1197356 0.297595
1197565 0.298597
1199998 0.299599
1200567 0.300601
1200820 0.301603
1201108 0.302605
1201177 0.303607
1202073 0.304609
1202268 0.305611
1202687 0.306613
1202799 0.307615
1203573 0.308617
1204012 0.309619
1204015 0.310621
1204100 0.311623
1205476 0.312625
1207388 0.313627
1210347 0.314629
1210837 0.315631
1211077 0.316633
1212552 0.317635
1214234 0.318637
1214311 0.319639
1214378 0.320641
1214441 0.321643
1215630 0.322645
1215853 0.323647
1215905 0.324649
1216174 0.325651
1216218 0.326653
1216435 0.327655
1217660 0.328657
1218230 0.329659
1218464 0.330661
1218680 0.331663
1221006 0.332665
1222079 0.333667
1222243 0.334669
1222641 0.335671
1223969 0.336673
1224044 0.337675
1224460 0.338677
1224834 0.339679
1225312 0.340681
1225350 0.341683
1225456 0.342685
1228938 0.343687
1229060 0.344689
1232222 0.345691
1232435 0.346693
1234034 0.347695
1234096 0.348697
1235418 0.349699
1236286 0.350701
1237302 0.351703
1238124 0.352705
1238324 0.353707
1239584 0.354709
1239657 0.355711
1239776 0.356713
1242548 0.357715
1243149 0.358717
1243726 0.359719
1244519 0.360721
1245788 0.361723
1247744 0.362725
1248565 0.363727
1248593 0.364729
1249979 0.365731
1250034 0.366733
1251546 0.367735
1251886 0.368737
1251906 0.369739
1252593 0.370741
1252678 0.371743
1253333 0.372745
1255320 0.373747
1258195 0.374749
1258295 0.375752
1258368 0.376754
1258574 0.377756
1258578 0.378758
1259560 0.379760
1261541 0.380762
1261565 0.381764
1262637 0.382766
1262839 0.383768
1264218 0.384770
1264815 0.385772
1265520 0.386774
1265608 0.387776
1266284 0.388778
1266778 0.389780
1267600 0.390782
1267817 0.391784
1267923 0.392786
1268029 0.393788
1268987 0.394790
1271595 0.395792
1272881 0.396794
1272995 0.397796
1274071 0.398798
1274469 0.399800
1275172 0.400802
1275468 0.401804
1276298 0.402806
1276972 0.403808
1277359 0.404810
1277892 0.405812
1279221 0.406814
1279341 0.407816
1279781 0.408818
1281504 0.409820
1281617 0.410822
1282402 0.411824
1282536 0.412826
1283482 0.413828
1283752 0.414830
1284298 0.415832
1284555 0.416834
1284667 0.417836
1284845 0.418838
1285085 0.419840
1286526 0.420842
1286787 0.421844
1288077 0.422846
1288104 0.423848
1288303 0.424850
1288569 0.425852
1288835 0.426854
1289626 0.427856
1289698 0.428858
1291059 0.429860
1291455 0.430862
1291588 0.431864
1291594 0.432866
1292168 0.433868
1292677 0.434870
1293063 0.435872
1293420 0.436874
1293635 0.437876
1293684 0.438878
1296429 0.439880
1297303 0.440882
1297598 0.441884
1298004 0.442886
1298348 0.443888
1298656 0.444890
1298845 0.445892
1299643 0.446894
1299888 0.447896
1300534 0.448898
1301948 0.449900
1302197 0.450902
1303140 0.451904
1303603 0.452906
1303753 0.453908
1304504 0.454910
1304734 0.455912
1305052 0.456914
1307342 0.457916
1308155 0.458918
1308514 0.459920
1308518 0.460922
1308589 0.461924
1309592 0.462926
1309673 0.463928
1310091 0.464930
1310092 0.465932
1310718 0.466934
1311370 0.467936
1311593 0.468938
1311661 0.469940
1312347 0.470942
1312454 0.471944
1312739 0.472946
1313198 0.473948
1313249 0.474950
1314715 0.475952
1314930 0.476954
1316735 0.477956
1317274 0.478958
1317797 0.479960
1317838 0.480962
1317969 0.481964
1319324 0.482966
1320833 0.483968
1320955 0.484970
1321357 0.485972
1322136 0.486974
1322184 0.487976
1323183 0.488978
1323656 0.489980
1323988 0.490982
1324518 0.491984
1325884 0.492986
1325959 0.493988
1326623 0.494990
1326758 0.495992
1326976 0.496994
1327054 0.497996
1327886 0.498998
1328623 0.500000
1328997 0.501002
1329264 0.502004
1329467 0.503006
1330757 0.504008
1330926 0.505010
1331127 0.506012
1331230 0.507014
1332147 0.508016
1334221 0.509018
1334622 0.510020
1334710 0.511022
1334818 0.512024
1334884 0.513026
1335571 0.514028
1337247 0.515030
1337523 0.516032
1337989 0.517034
1339215 0.518036
1339261 0.519038
1339369 0.520040
1339663 0.521042
1340563 0.522044
1343624 0.523046
1343658 0.524048
1344702 0.525050
1345603 0.526052
1345643 0.527054
1346103 0.528056
1346755 0.529058
1348405 0.530060
1348472 0.531062
1348865 0.532064
1348948 0.533066
1349745 0.534068
1349947 0.535070
1350828 0.536072
1351435 0.537074
1352932 0.538076
1355027 0.539078
1355988 0.540080
1356171 0.541082
1356518 0.542084
1357459 0.543086
1357858 0.544088
1358257 0.545090
1358467 0.546092
1359023 0.547094
1359464 0.548096
1360147 0.549098
1360516 0.550100
1360604 0.551102
1360760 0.552104
1362044 0.553106
1362226 0.554108
1362529 0.555110
1362672 0.556112
1362943 0.557114
1363293 0.558116
1363349 0.559118
1363550 0.560120
1364141 0.561122
1364199 0.562124
1364243 0.563126
1365038 0.564128
1365457 0.565130
1365730 0.566132
1366419 0.567134
1366751 0.568136
1367696 0.569138
1368370 0.570140
1368665 0.571142
1369302 0.572144
1369781 0.573146
1370063 0.574148
1370192 0.575150
1371806 0.576152
1371850 0.577154
1371964 0.578156
1372706 0.579158
1373532 0.580160
1374089 0.581162
1374106 0.582164
1374722 0.583166
1374754 0.584168
1375204 0.585170
1375660 0.586172
1376301 0.587174
1377252 0.588176
1377753 0.589178
1378005 0.590180
1379177 0.591182
1379206 0.592184
1379302 0.593186
1379629 0.594188
1379879 0.595190
1379955 0.596192
1380839 0.597194
1381155 0.598196
1381259 0.599198
1382257 0.600200
1382395 0.601202
1382633 0.602204
1384537 0.603206
1385228 0.604208
1385256 0.605210
1385382 0.606212
1385651 0.607214
1386266 0.608216
1386841 0.609218
1387386 0.610220
1387631 0.611222
1388183 0.612224
1388208 0.613226
1388999 0.614228
1389034 0.615230
1389408 0.616232
1389972 0.617234
1390453 0.618236
1391365 0.619238
1391432 0.620240
1391731 0.621242
1391990 0.622244
1392075 0.623246
1392204 0.624248
1394053 0.625251
1395531 0.626253
1395963 0.627255
1396782 0.628257
1397493 0.629259
1397610 0.630261
1397759 0.631263
1398614 0.632265
1398769 0.633267
1399032 0.634269
1399074 0.635271
1399340 0.636273
1399693 0.637275
1399706 0.638277
1400031 0.639279
1400307 0.640281
1401162 0.641283
1401297 0.642285
1401456 0.643287
1401641 0.644289
1403705 0.645291
1404222 0.646293
1404515 0.647295
1405514 0.648297
1406431 0.649299
1406884 0.650301
1407776 0.651303
1408886 0.652305
1408937 0.653307
1409189 0.654309
1409758 0.655311
1409827 0.656313
1409916 0.657315
1410351 0.658317
1411074 0.659319
1411376 0.660321
1411405 0.661323
1411766 0.662325
1411958 0.663327
1412931 0.664329
1413212 0.665331
1414610 0.666333
1415219 0.667335
1415436 0.668337
1415459 0.669339
1415667 0.670341
1416535 0.671343
1416609 0.672345
1416701 0.673347
1416976 0.674349
1417652 0.675351
1418926 0.676353
1419666 0.677355
1420126 0.678357
1421462 0.679359
1422089 0.680361
1422168 0.681363
1423781 0.682365
1424542 0.683367
1424849 0.684369
1425338 0.685371
1426149 0.686373
1426801 0.687375
1427049 0.688377
1427348 0.689379
1427499 0.690381
1428053 0.691383
1428863 0.692385
1428985 0.693387
1429294 0.694389
1429480 0.695391
1429594 0.696393
1430038 0.697395
1430131 0.698397
1430430 0.699399
1430659 0.700401
1431022 0.701403
1432797 0.702405
1432861 0.703407
1433510 0.704409
1433598 0.705411
1434426 0.706413
1434594 0.707415
1434646 0.708417
1435687 0.709419
1436117 0.710421
1436164 0.711423
1437612 0.712425
1438604 0.713427
1438627 0.714429
1439559 0.715431
1439978 0.716433
1440006 0.717435
1441110 0.718437
1441489 0.719439
1441512 0.720441
1441829 0.721443
1441861 0.722445
1442346 0.723447
1443526 0.724449
1443900 0.725451
1444481 0.726453
1444653 0.727455
1444812 0.728457
1445459 0.729459
1445483 0.730461
1445503 0.731463
1447018 0.732465
1447704 0.733467
1447905 0.734469
1448476 0.735471
1450192 0.736473
1450703 0.737475
1450771 0.738477
1452034 0.739479
1453031 0.740481
1453260 0.741483
1453676 0.742485
1453720 0.743487
1453840 0.744489
1453874 0.745491
1454229 0.746493
1454409 0.747495
1454586 0.748497
1454592 0.749499
1455969 0.750501
1459225 0.751503
1459810 0.752505
1459957 0.753507
1460089 0.754509
1460865 0.755511
1460904 0.756513
1461435 0.757515
1461480 0.758517
1462669 0.759519
1463231 0.760521
1463554 0.761523
1463979 0.762525
1464972 0.763527
1465028 0.764529
1465060 0.765531
1465357 0.766533
1467138 0.767535
1467965 0.768537
1468218 0.769539
1469532 0.770541
1471167 0.771543
1472912 0.772545
1473218 0.773547
1473240 0.774549
1473279 0.775551
1474063 0.776553
1476286 0.777555
1476398 0.778557
1476715 0.779559
1477285 0.780561
1477475 0.781563
1477667 0.782565
1479236 0.783567
1479555 0.784569
1480216 0.785571
1482020 0.786573
1482117 0.787575
1482148 0.788577
1482683 0.789579
1483221 0.790581
1483410 0.791583
1483642 0.792585
1484990 0.793587
1486091 0.794589
1486741 0.795591
1486842 0.796593
1487023 0.797595
1487499 0.798597
1488220 0.799599
1488341 0.800601
1488873 0.801603
1490043 0.802605
1490178 0.803607
1491135 0.804609
1491970 0.805611
1492075 0.806613
1493511 0.807615
1494359 0.808617
1494787 0.809619
1495553 0.810621
1495618 0.811623
1495737 0.812625
1496367 0.813627
1496545 0.814629
1497254 0.815631
1497303 0.816633
1499305 0.817635
1499776 0.818637
1500948 0.819639
1501307 0.820641
1502258 0.821643
1504266 0.822645
1504692 0.823647
1504779 0.824649
1504793 0.825651
1505042 0.826653
1505793 0.827655
1506379 0.828657
1506526 0.829659
1506531 0.830661
1507451 0.831663
1507484 0.832665
1507641 0.833667
1508036 0.834669
1508079 0.835671
1508428 0.836673
1508434 0.837675
1509243 0.838677
1510793 0.839679
1510821 0.840681
1511829 0.841683
1513024 0.842685
1513176 0.843687
1513298 0.844689
1515313 0.845691
1515673 0.846693
1515774 0.847695
1515836 0.848697
1516429 0.849699
1517310 0.850701
1517349 0.851703
1518441 0.852705
1518961 0.853707
1519019 0.854709
1520145 0.855711
1520156 0.856713
1521320 0.857715
1521378 0.858717
1522522 0.859719
1522673 0.860721
1523340 0.861723
1524036 0.862725
1526303 0.863727
1527210 0.864729
1527276 0.865731
1527746 0.866733
1528265 0.867735
1531155 0.868737
1531495 0.869739
1533480 0.870741
1533513 0.871743
1534823 0.872745
1535460 0.873747
1535586 0.874749
1537042 0.875752
1537313 0.876754
1537684 0.877756
1537945 0.878758
1540224 0.879760
1541105 0.880762
1541636 0.881764
1542070 0.882766
1542613 0.883768
1543367 0.884770
1543639 0.885772
1544367 0.886774
1544905 0.887776
1545130 0.888778
1545742 0.889780
1547146 0.890782
1549956 0.891784
1552730 0.892786
1555035 0.893788
1555949 0.894790
1556005 0.895792
1556012 0.896794
1557427 0.897796
1558274 0.898798
1558427 0.899800
1559401 0.900802
1559991 0.901804
1565834 0.902806
1566104 0.903808
1566755 0.904810
1567453 0.905812
1569352 0.906814
1572721 0.907816
1575789 0.908818
1577118 0.909820
1577821 0.910822
1578819 0.911824
1579122 0.912826
1580676 0.913828
1580770 0.914830
1582535 0.915832
1582786 0.916834
1584325 0.917836
1584381 0.918838
1586273 0.919840
1587363 0.920842
1588815 0.921844
1592320 0.922846
1593445 0.923848
1599550 0.924850
1600437 0.925852
1600626 0.926854
1604581 0.927856
1606312 0.928858
1606551 0.929860
1607030 0.930862
1607114 0.931864
1608681 0.932866
1609974 0.933868
1610800 0.934870
1612408 0.935872
1613640 0.936874
1619610 0.937876
1623352 0.938878
1624853 0.939880
1624874 0.940882
1626893 0.941884
1627686 0.942886
1629574 0.943888
1630225 0.944890
1631798 0.945892
1631905 0.946894
1632322 0.947896
1633711 0.948898
1634815 0.949900
1643159 0.950902
1643934 0.951904
1645868 0.952906
1646841 0.953908
1650207 0.954910
1652221 0.955912
1655365 0.956914
1656477 0.957916
1656856 0.958918
1657930 0.959920
1658699 0.960922
1660040 0.961924
1661361 0.962926
1663979 0.963928
1664640 0.964930
1669140 0.965932
1669664 0.966934
1669960 0.967936
1672974 0.968938
1674390 0.969940
1674851 0.970942
1682519 0.971944
1683391 0.972946
1685636 0.973948
1691067 0.974950
1699034 0.975952
1702030 0.976954
1702691 0.977956
1716182 0.978958
1716542 0.979960
1724017 0.980962
1731514 0.981964
1739338 0.982966
1746758 0.983968
1756489 0.984970
1758525 0.985972
1762534 0.986974
1763519 0.987976
1765553 0.988978
1774707 0.989980
1776755 0.990982
1777299 0.991984
1782390 0.992986
1786175 0.993988
1792145 0.994990
1795996 0.995992
1801146 0.996994
1809816 0.997996
1818336 0.998998
1901015 1.000000


247 0.000000
247 0.001002
389 0.002004
395 0.003006
414 0.004008
424 0.005010
441 0.006012
453 0.007014
471 0.008016
484 0.009018
486 0.010020
513 0.013026
516 0.014028
532 0.015030
534 0.016032
537 0.017034
540 0.018036
546 0.019038
548 0.020040
550 0.021042
555 0.023046
557 0.024048
563 0.026052
566 0.027054
572 0.028056
574 0.029058
592 0.030060
593 0.031062
597 0.032064
605 0.033066
606 0.034068
610 0.035070
612 0.036072
622 0.037074
635 0.038076
638 0.040080
639 0.041082
642 0.042084
650 0.043086
651 0.044088
652 0.045090
655 0.046092
657 0.047094
662 0.048096
667 0.049098
668 0.050100
669 0.051102
675 0.052104
678 0.053106
681 0.054108
697 0.055110
699 0.056112
707 0.057114
709 0.058116
713 0.059118
716 0.060120
717 0.061122
722 0.062124
724 0.063126
727 0.064128
731 0.065130
734 0.066132
738 0.067134
739 0.068136
741 0.069138
742 0.072144
747 0.073146
750 0.074148
751 0.075150
752 0.076152
753 0.077154
755 0.078156
756 0.079158
762 0.080160
764 0.081162
772 0.082164
780 0.084168
781 0.086172
783 0.087174
787 0.089178
789 0.090180
790 0.091182
791 0.092184
793 0.093186
798 0.095190
804 0.096192
806 0.097194
811 0.098196
813 0.100200
815 0.102204
816 0.103206
823 0.105210
826 0.106212
828 0.107214
832 0.108216
833 0.109218
837 0.110220
839 0.111222
845 0.113226
847 0.114228
848 0.116232
852 0.119238
853 0.121242
854 0.122244
856 0.123246
857 0.124248
858 0.125251
860 0.127255
863 0.128257
866 0.130261
870 0.131263
876 0.133267
877 0.134269
878 0.135271
880 0.136273
881 0.138277
882 0.140281
883 0.141283
885 0.143287
888 0.144289
889 0.145291
890 0.146293
895 0.148297
899 0.149299
900 0.150301
902 0.151303
904 0.152305
905 0.153307
906 0.155311
908 0.156313
911 0.157315
913 0.159319
915 0.160321
917 0.161323
919 0.163327
920 0.165331
921 0.166333
922 0.168337
923 0.169339
926 0.170341
932 0.172345
933 0.173347
935 0.174349
936 0.175351
937 0.176353
938 0.177355
940 0.178357
941 0.179359
944 0.180361
945 0.181363
946 0.182365
947 0.183367
948 0.186373
950 0.187375
951 0.188377
953 0.189379
954 0.190381
956 0.191383
958 0.192385
963 0.194389
964 0.196393
967 0.198397
968 0.199399
969 0.200401
970 0.201403
971 0.203407
972 0.204409
976 0.206413
977 0.207415
980 0.208417
981 0.209419
982 0.210421
983 0.212425
984 0.213427
985 0.216433
989 0.217435
990 0.218437
992 0.219439
993 0.222445
994 0.223447
995 0.224449
996 0.225451
998 0.226453
999 0.227455
1000 0.228457
1001 0.229459
1003 0.230461
1004 0.232465
1006 0.233467
1007 0.234469
1009 0.235471
1010 0.236473
1011 0.237475
1012 0.238477
1014 0.241483
1015 0.242485
1017 0.244489
1019 0.248497
1020 0.250501
1022 0.251503
1023 0.252505
1024 0.254509
1026 0.255511
1027 0.256513
1028 0.257515
1030 0.258517
1031 0.259519
1032 0.260521
1033 0.261523
1034 0.262525
1035 0.265531
1038 0.268537
1040 0.269539
1042 0.273547
1045 0.275551
1046 0.277555
1047 0.279559
1052 0.280561
1053 0.281563
1054 0.284569
1055 0.285571
1056 0.288577
1058 0.290581
1059 0.291583
1060 0.294589
1061 0.295591
1062 0.296593
1063 0.297595
1064 0.298597
1065 0.299599
1067 0.301603
1069 0.302605
1070 0.303607
1071 0.306613
1072 0.307615
1073 0.309619
1074 0.311623
1075 0.313627
1077 0.314629
1078 0.316633
1079 0.317635
1080 0.319639
1081 0.320641
1082 0.324649
1084 0.326653
1085 0.328657
1086 0.329659
1087 0.330661
1088 0.331663
1089 0.333667
1090 0.336673
1091 0.339679
1092 0.342685
1093 0.343687
1094 0.345691
1095 0.347695
1097 0.348697
1099 0.349699
1102 0.351703
1103 0.355711
1104 0.358717
1105 0.360721
1106 0.362725
1109 0.363727
1110 0.364729
1111 0.365731
1113 0.366733
1115 0.368737
1118 0.371743
1119 0.373747
1120 0.374749
1121 0.376754
1123 0.378758
1124 0.379760
1125 0.384770
1126 0.386774
1127 0.387776
1128 0.390782
1129 0.392786
1130 0.394790
1131 0.396794
1132 0.398798
1133 0.399800
1134 0.401804
1135 0.405812
1136 0.407816
1137 0.409820
1138 0.411824
1139 0.414830
1140 0.421844
1141 0.422846
1142 0.424850
1144 0.425852
1145 0.426854
1147 0.430862
1148 0.431864
1149 0.433868
1150 0.436874
1151 0.439880
1152 0.442886
1153 0.444890
1154 0.446894
1156 0.448898
1157 0.452906
1158 0.456914
1159 0.458918
1160 0.460922
1161 0.461924
1162 0.463928
1164 0.465932
1165 0.467936
1166 0.471944
1167 0.472946
1168 0.474950
1169 0.476954
1170 0.477956
1171 0.478958
1172 0.480962
1174 0.484970
1175 0.485972
1176 0.486974
1177 0.488978
1179 0.490982
1180 0.492986
1181 0.494990
1182 0.498998
1184 0.501002
1185 0.502004
1186 0.505010
1187 0.507014
1188 0.509018
1189 0.510020
1190 0.511022
1192 0.512024
1193 0.513026
1195 0.514028
1196 0.517034
1197 0.519038
1199 0.522044
1200 0.524048
1201 0.530060
1202 0.532064
1203 0.535070
1204 0.536072
1205 0.537074
1206 0.539078
1207 0.540080
1209 0.541082
1211 0.542084
1212 0.544088
1213 0.546092
1214 0.551102
1215 0.553106
1216 0.554108
1218 0.555110
1220 0.557114
1221 0.558116
1222 0.560120
1223 0.562124
1224 0.563126
1225 0.568136
1226 0.570140
1227 0.571142
1228 0.574148
1229 0.579158
1230 0.582164
1231 0.584168
1232 0.587174
1234 0.590180
1235 0.591182
1236 0.593186
1237 0.595190
1238 0.596192
1240 0.597194
1241 0.601202
1243 0.605210
1244 0.610220
1245 0.612224
1246 0.614228
1247 0.615230
1248 0.617234
1249 0.619238
1250 0.621242
1251 0.624248
1252 0.628257
1253 0.633267
1254 0.637275
1255 0.643287
1256 0.646293
1257 0.647295
1258 0.650301
1259 0.651303
1260 0.654309
1261 0.658317
1262 0.662325
1264 0.666333
1267 0.668337
1268 0.669339
1269 0.670341
1270 0.672345
1272 0.675351
1273 0.677355
1274 0.678357
1275 0.679359
1277 0.683367
1278 0.685371
1279 0.687375
1280 0.691383
1282 0.692385
1283 0.696393
1285 0.702405
1286 0.704409
1288 0.708417
1289 0.709419
1290 0.711423
1291 0.714429
1292 0.718437
1293 0.719439
1296 0.722445
1297 0.724449
1298 0.728457
1299 0.730461
1300 0.731463
1301 0.732465
1302 0.733467
1303 0.735471
1304 0.738477
1307 0.741483
1308 0.745491
1309 0.746493
1310 0.750501
1311 0.752505
1312 0.753507
1313 0.754509
1314 0.755511
1317 0.757515
1318 0.758517
1319 0.759519
1320 0.760521
1321 0.763527
1322 0.765531
1323 0.767535
1324 0.770541
1325 0.773547
1326 0.778557
1327 0.779559
1328 0.782565
1330 0.783567
1331 0.784569
1332 0.788577
1333 0.789579
1334 0.795591
1335 0.799599
1336 0.800601
1337 0.803607
1338 0.806613
1339 0.809619
1340 0.811623
1341 0.813627
1342 0.816633
1343 0.817635
1345 0.818637
1348 0.819639
1350 0.820641
1351 0.822645
1352 0.825651
1353 0.827655
1354 0.828657
1355 0.829659
1356 0.831663
1357 0.832665
1358 0.833667
1359 0.836673
1363 0.839679
1364 0.840681
1365 0.842685
1366 0.844689
1367 0.846693
1368 0.847695
1370 0.848697
1374 0.852705
1375 0.854709
1376 0.859719
1379 0.861723
1381 0.862725
1382 0.864729
1383 0.865731
1384 0.866733
1385 0.868737
1386 0.872745
1387 0.873747
1389 0.874749
1391 0.875752
1392 0.878758
1393 0.882766
1394 0.883768
1395 0.885772
1396 0.886774
1397 0.887776
1398 0.888778
1399 0.890782
1401 0.891784
1404 0.892786
1406 0.893788
1407 0.895792
1408 0.896794
1411 0.897796
1412 0.900802
1414 0.902806
1416 0.905812
1419 0.906814
1420 0.908818
1421 0.909820
1422 0.910822
1423 0.912826
1424 0.913828
1428 0.915832
1429 0.916834
1430 0.917836
1431 0.919840
1432 0.920842
1433 0.921844
1435 0.922846
1438 0.923848
1439 0.924850
1441 0.925852
1442 0.926854
1443 0.927856
1450 0.928858
1451 0.929860
1452 0.930862
1455 0.931864
1456 0.932866
1457 0.933868
1459 0.934870
1460 0.935872
1462 0.936874
1466 0.937876
1467 0.939880
1468 0.942886
1469 0.944890
1470 0.945892
1471 0.947896
1473 0.948898
1474 0.950902
1475 0.952906
1476 0.953908
1479 0.955912
1480 0.956914
1482 0.957916
1486 0.958918
1488 0.959920
1491 0.960922
1494 0.961924
1497 0.962926
1503 0.963928
1510 0.964930
1515 0.966934
1516 0.967936
1519 0.968938
1524 0.969940
1525 0.970942
1527 0.971944
1529 0.972946
1530 0.974950
1541 0.975952
1547 0.976954
1548 0.977956
1554 0.978958
1560 0.979960
1568 0.980962
1573 0.981964
1586 0.982966
1588 0.983968
1592 0.984970
1597 0.986974
1601 0.987976
1611 0.988978
1612 0.989980
1622 0.990982
1628 0.992986
1629 0.993988
1637 0.994990
1642 0.995992
1644 0.996994
1663 0.997996
1664 0.998998
1699 1.000000


