293130 0.000000
293130 0.001000
297684 0.002000
298908 0.003000
299519 0.004000
302298 0.005000
304632 0.006000
305288 0.007000
307826 0.008000
308418 0.009000
308832 0.010000
309143 0.011000
309337 0.012000
310100 0.013000
311971 0.014000
312186 0.015000
312240 0.016000
313523 0.017000
314098 0.018000
314176 0.019000
314932 0.020000
315807 0.021000
315850 0.022000
316238 0.023000
316260 0.024000
316492 0.025000
316864 0.026000
316959 0.027000
316960 0.028000
317030 0.029000
317067 0.030000
317489 0.031000
317499 0.032000
317587 0.033000
317628 0.034000
317648 0.035000
317741 0.036000
317937 0.037000
318150 0.038000
318296 0.039000
318339 0.040000
318351 0.041000
318679 0.042000
318978 0.043000
319363 0.044000
319975 0.045000
319978 0.046000
320094 0.047000
320096 0.048000
320401 0.049000
320869 0.051000
320885 0.052000
321589 0.053000
321594 0.054000
321923 0.055000
322019 0.056000
322032 0.057000
322621 0.058000
322671 0.059000
322760 0.060000
322845 0.061000
322905 0.062000
323126 0.063000
323193 0.064000
323264 0.065000
323280 0.066000
323352 0.067000
323573 0.068000
323995 0.069000
324038 0.070000
324131 0.071000
324202 0.072000
324442 0.073000
324726 0.074000
325236 0.075000
325272 0.076000
325521 0.077000
325573 0.078000
325809 0.079000
326095 0.080000
326160 0.081000
326292 0.082000
326508 0.083000
326755 0.084000
326886 0.085000
327073 0.086000
327256 0.087000
327279 0.088000
327397 0.089000
327441 0.090000
327699 0.091000
327754 0.092000
327778 0.093000
327891 0.094000
328015 0.095000
328119 0.096000
328125 0.097000
328339 0.098000
328440 0.099000
328486 0.100000
328794 0.101000
328936 0.102000
328943 0.103000
328952 0.104000
328965 0.105000
329049 0.106000
329388 0.107000
329512 0.108000
329558 0.109000
329597 0.110000
329676 0.111000
329685 0.112000
329727 0.113000
329802 0.114000
329888 0.115000
329985 0.116000
330186 0.117000
330346 0.118000
330678 0.119000
330802 0.120000
330864 0.121000
330965 0.122000
331033 0.123000
331288 0.124000
331398 0.125000
331429 0.126000
331577 0.127000
331670 0.128000
331729 0.129000
331856 0.130000
331916 0.131000
331939 0.132000
331974 0.133000
331985 0.134000
332066 0.135000
332182 0.136000
332300 0.137000
332511 0.138000
332519 0.139000
332587 0.140000
332626 0.141000
332807 0.142000
332856 0.143000
332857 0.144000
332890 0.145000
332929 0.146000
332941 0.147000
332944 0.148000
332975 0.149000
333025 0.150000
333161 0.151000
333277 0.152000
333279 0.153000
333314 0.154000
333532 0.155000
333618 0.156000
333891 0.157000
333910 0.158000
333921 0.159000
333966 0.160000
334015 0.161000
334083 0.162000
334273 0.163000
334288 0.164000
334358 0.165000
334434 0.167000
334458 0.168000
334590 0.169000
334686 0.170000
334909 0.171000
334925 0.172000
334942 0.173000
334951 0.174000
335019 0.175000
335125 0.176000
335151 0.177000
335201 0.178000
335208 0.179000
335391 0.180000
335669 0.181000
335855 0.182000
335889 0.183000
335945 0.184000
335991 0.185000
336009 0.186000
336048 0.187000
336179 0.188000
336236 0.189000
336266 0.190000
336282 0.191000
336409 0.192000
336554 0.193000
336604 0.194000
336700 0.195000
336705 0.196000
336817 0.197000
336861 0.198000
336928 0.199000
337001 0.200000
337030 0.201000
337105 0.202000
337148 0.203000
337205 0.204000
337301 0.205000
337335 0.206000
337374 0.207000
337478 0.208000
337481 0.209000
337552 0.210000
337588 0.211000
337674 0.212000
337707 0.213000
337765 0.214000
337848 0.215000
337858 0.216000
337868 0.218000
337929 0.219000
337936 0.220000
338004 0.221000
338081 0.222000
338092 0.223000
338097 0.224000
338119 0.225000
338470 0.226000
338576 0.227000
338616 0.228000
338699 0.229000
338790 0.230000
338805 0.231000
338951 0.232000
338992 0.233000
339105 0.234000
339216 0.235000
339276 0.236000
339293 0.237000
339316 0.238000
339779 0.239000
339932 0.240000
340059 0.241000
340076 0.242000
340197 0.243000
340326 0.244000
340365 0.245000
340466 0.246000
340481 0.247000
340482 0.248000
340567 0.249000
340617 0.250000
340741 0.251000
340773 0.252000
340801 0.253000
340808 0.254000
340874 0.255000
340940 0.256000
340965 0.257000
341074 0.258000
341081 0.259000
341212 0.260000
341243 0.261000
341295 0.262000
341315 0.263000
341383 0.264000
341387 0.265000
341437 0.266000
341482 0.267000
341489 0.268000
341717 0.269000
341774 0.270000
341868 0.271000
342012 0.272000
342074 0.273000
342207 0.274000
342336 0.275000
342377 0.276000
342419 0.277000
342496 0.278000
342601 0.279000
342626 0.280000
342631 0.281000
342676 0.282000
342762 0.283000
342779 0.284000
342794 0.285000
342817 0.286000
342837 0.287000
342966 0.288000
342997 0.289000
343040 0.290000
343052 0.291000
343111 0.292000
343211 0.293000
343220 0.294000
343314 0.295000
343414 0.296000
343457 0.297000
343483 0.298000
343568 0.299000
343604 0.300000
343621 0.301000
343674 0.302000
343752 0.303000
343763 0.304000
343764 0.305000
343774 0.306000
343797 0.307000
344010 0.308000
344064 0.309000
344092 0.310000
344105 0.311000
344115 0.312000
344156 0.313000
344166 0.314000
344249 0.315000
344470 0.316000
344477 0.317000
344511 0.318000
344541 0.319000
344543 0.320000
344600 0.321000
344752 0.322000
344797 0.323000
344969 0.324000
345005 0.325000
345077 0.326000
345078 0.327000
345083 0.328000
345090 0.329000
345127 0.330000
345213 0.331000
345226 0.332000
345234 0.333000
345345 0.334000
345417 0.335000
345515 0.336000
345549 0.337000
345657 0.338000
345841 0.339000
346000 0.340000
346034 0.341000
346037 0.342000
346073 0.343000
346103 0.344000
346193 0.345000
346210 0.346000
346266 0.347000
346278 0.348000
346360 0.349000
346492 0.350000
346639 0.351000
346654 0.352000
346719 0.353000
346758 0.354000
346982 0.355000
347023 0.356000
347097 0.357000
347208 0.358000
347315 0.359000
347318 0.360000
347355 0.361000
347498 0.362000
347533 0.363000
347583 0.364000
347622 0.365000
347623 0.366000
347679 0.367000
347688 0.368000
347705 0.369000
347777 0.370000
347791 0.371000
347828 0.372000
347873 0.373000
347917 0.374000
347983 0.375000
348075 0.376000
348181 0.377000
348196 0.378000
348284 0.379000
348379 0.380000
348437 0.381000
348469 0.382000
348558 0.383000
348779 0.384000
348810 0.385000
348855 0.386000
348931 0.387000
348977 0.388000
348983 0.389000
349061 0.390000
349229 0.391000
349261 0.392000
349410 0.393000
349429 0.394000
349464 0.395000
349512 0.396000
349590 0.397000
349675 0.398000
349721 0.399000
349887 0.400000
349971 0.401000
350034 0.402000
350150 0.403000
350302 0.404000
350312 0.405000
350347 0.406000
350654 0.407000
350661 0.408000
350704 0.409000
350828 0.410000
350925 0.411000
350972 0.412000
351016 0.413000
351044 0.414000
351149 0.415000
351191 0.416000
351197 0.417000
351287 0.418000
351321 0.419000
351447 0.420000
351450 0.421000
351456 0.422000
351526 0.423000
351636 0.424000
351659 0.425000
351760 0.426000
351884 0.427000
351890 0.428000
352000 0.429000
352137 0.430000
352185 0.431000
352199 0.432000
352252 0.433000
352348 0.434000
352366 0.435000
352388 0.436000
352415 0.437000
352439 0.438000
352460 0.439000
352507 0.440000
352569 0.441000
352625 0.442000
352713 0.443000
352763 0.444000
352779 0.445000
352886 0.446000
352965 0.447000
352985 0.448000
353024 0.449000
353242 0.450000
353284 0.451000
353311 0.452000
353375 0.453000
353378 0.454000
353405 0.455000
353525 0.456000
353550 0.457000
353599 0.458000
353643 0.459000
353666 0.460000
353691 0.462000
353692 0.463000
353702 0.464000
353757 0.465000
353951 0.466000
353987 0.467000
354031 0.468000
354118 0.469000
354143 0.470000
354169 0.471000
354214 0.472000
354376 0.473000
354446 0.474000
354501 0.475000
354540 0.476000
354646 0.477000
354651 0.478000
354660 0.479000
354840 0.480000
354955 0.481000
355031 0.482000
355095 0.483000
355097 0.484000
355228 0.485000
355310 0.486000
355315 0.487000
355326 0.488000
355395 0.489000
355421 0.490000
355474 0.491000
355532 0.492000
355571 0.493000
355590 0.494000
355629 0.495000
355707 0.496000
355752 0.497000
355755 0.498000
355786 0.499000
355842 0.500000
355843 0.501000
355891 0.502000
356006 0.503000
356041 0.504000
356075 0.505000
356102 0.506000
356127 0.507000
356222 0.508000
356310 0.509000
356382 0.510000
356456 0.511000
356489 0.512000
356694 0.513000
356816 0.514000
357115 0.515000
357119 0.516000
357365 0.517000
357503 0.518000
357521 0.519000
357602 0.520000
357653 0.521000
357660 0.522000
357718 0.523000
357726 0.524000
357781 0.525000
357873 0.526000
357931 0.527000
358039 0.528000
358309 0.529000
358514 0.530000
358578 0.531000
358986 0.532000
359006 0.533000
359013 0.534000
359025 0.535000
359146 0.536000
359320 0.537000
359440 0.538000
359593 0.539000
359750 0.540000
359752 0.541000
359789 0.542000
359796 0.543000
359835 0.544000
359871 0.545000
359920 0.546000
359923 0.547000
359942 0.548000
359977 0.549000
360062 0.550000
360212 0.551000
360229 0.552000
360275 0.553000
360356 0.554000
360380 0.555000
360394 0.556000
360407 0.557000
360412 0.558000
360448 0.559000
360462 0.560000
360525 0.561000
360636 0.562000
360696 0.563000
360702 0.564000
360816 0.565000
360866 0.566000
360896 0.567000
360969 0.568000
361006 0.569000
361049 0.570000
361064 0.571000
361103 0.572000
361107 0.573000
361116 0.574000
361126 0.575000
361334 0.576000
361556 0.577000
361744 0.578000
361840 0.579000
361885 0.580000
362002 0.581000
362127 0.582000
362133 0.583000
362268 0.584000
362330 0.585000
362411 0.586000
362511 0.587000
362537 0.588000
362627 0.589000
362683 0.590000
362718 0.591000
362787 0.592000
362974 0.593000
362980 0.594000
362990 0.595000
363054 0.596000
363236 0.597000
363318 0.598000
363395 0.599000
363482 0.600000
363531 0.601000
363538 0.602000
363545 0.603000
363569 0.604000
363633 0.605000
363814 0.606000
363903 0.607000
363929 0.608000
363935 0.609000
364008 0.610000
364042 0.611000
364071 0.612000
364102 0.613000
364105 0.614000
364266 0.615000
364267 0.616000
364297 0.617000
364332 0.618000
364371 0.619000
364379 0.620000
364403 0.621000
364412 0.622000
364530 0.623000
364599 0.624000
364639 0.625000
364697 0.626000
364710 0.627000
364717 0.628000
364761 0.629000
364907 0.630000
365090 0.631000
365259 0.632000
365265 0.633000
365439 0.634000
365526 0.635000
365628 0.636000
365644 0.637000
365725 0.638000
365783 0.639000
365962 0.640000
366008 0.641000
366018 0.642000
366084 0.643000
366133 0.644000
366203 0.645000
366214 0.646000
366324 0.647000
366336 0.648000
366351 0.649000
366359 0.650000
366406 0.651000
366686 0.652000
366778 0.653000
366811 0.654000
366901 0.655000
366989 0.656000
367012 0.657000
367056 0.658000
367321 0.659000
367324 0.660000
367374 0.661000
367432 0.662000
367545 0.663000
367788 0.664000
367835 0.665000
367959 0.666000
368003 0.667000
368115 0.668000
368328 0.669000
368387 0.670000
368473 0.671000
368485 0.672000
368574 0.673000
368781 0.674000
368790 0.675000
368898 0.676000
369014 0.677000
369056 0.678000
369110 0.679000
369122 0.680000
369124 0.681000
369138 0.682000
369209 0.683000
369219 0.684000
369229 0.685000
369298 0.686000
369438 0.687000
369450 0.688000
369472 0.689000
369515 0.690000
369548 0.691000
369723 0.692000
369868 0.693000
369920 0.694000
369999 0.695000
370051 0.696000
370059 0.697000
370127 0.698000
370467 0.699000
370546 0.700000
370864 0.701000
370901 0.702000
370997 0.703000
371008 0.704000
371039 0.705000
371108 0.706000
371395 0.707000
371723 0.708000
371728 0.709000
371794 0.710000
371832 0.711000
371856 0.712000
371859 0.713000
371937 0.714000
372010 0.715000
372020 0.716000
372157 0.717000
372168 0.718000
372186 0.719000
372389 0.720000
372408 0.721000
372489 0.722000
372534 0.723000
372556 0.724000
372759 0.725000
372979 0.726000
373077 0.727000
373164 0.728000
373184 0.729000
373283 0.730000
373354 0.731000
373482 0.732000
373612 0.733000
373711 0.734000
373737 0.735000
373762 0.736000
373781 0.737000
373854 0.738000
373900 0.739000
373987 0.740000
373995 0.741000
374017 0.742000
374037 0.743000
374097 0.744000
374261 0.745000
374294 0.747000
374329 0.748000
374367 0.749000
374405 0.750000
374609 0.751000
374677 0.752000
374683 0.753000
374819 0.754000
374957 0.755000
375059 0.756000
375090 0.757000
375204 0.758000
375256 0.759000
375422 0.760000
375467 0.761000
375509 0.762000
375527 0.763000
375563 0.764000
375611 0.765000
375683 0.766000
375911 0.767000
375914 0.768000
375921 0.769000
375937 0.770000
375962 0.771000
376027 0.772000
376124 0.773000
376146 0.774000
376172 0.775000
376227 0.776000
376288 0.778000
376301 0.780000
376390 0.781000
376590 0.782000
376655 0.783000
376678 0.784000
377136 0.785000
377259 0.786000
377424 0.787000
377443 0.788000
377488 0.789000
377539 0.790000
377594 0.791000
377657 0.792000
377711 0.793000
377732 0.794000
377777 0.795000
377822 0.796000
377880 0.797000
377908 0.798000
378052 0.799000
378057 0.800000
378235 0.801000
378528 0.802000
378641 0.803000
378692 0.804000
378872 0.805000
378875 0.806000
379100 0.807000
379128 0.808000
379136 0.809000
379175 0.810000
379394 0.811000
379514 0.812000
379639 0.813000
379742 0.814000
380180 0.815000
380209 0.816000
380227 0.817000
380242 0.818000
380365 0.819000
380391 0.820000
380457 0.821000
380499 0.822000
380521 0.823000
380730 0.824000
381201 0.825000
381377 0.826000
381409 0.827000
381525 0.828000
381645 0.829000
381740 0.830000
381840 0.831000
381954 0.832000
382026 0.833000
382109 0.834000
382242 0.835000
382286 0.836000
382311 0.837000
382899 0.838000
382926 0.839000
382989 0.840000
383416 0.841000
383520 0.842000
383567 0.843000
383631 0.844000
383752 0.845000
383782 0.846000
384011 0.847000
384022 0.848000
384065 0.849000
384075 0.850000
384106 0.851000
384223 0.852000
384243 0.853000
384250 0.854000
384349 0.855000
384395 0.856000
384662 0.857000
385008 0.858000
385186 0.859000
385331 0.860000
385672 0.861000
385714 0.862000
385787 0.863000
385942 0.864000
386169 0.865000
386275 0.866000
386365 0.867000
386369 0.868000
386732 0.869000
386737 0.870000
386910 0.871000
387007 0.872000
387039 0.873000
387515 0.874000
387590 0.875000
387593 0.876000
387618 0.877000
387768 0.878000
387832 0.879000
387970 0.880000
388012 0.881000
388049 0.882000
388223 0.883000
388329 0.884000
388398 0.885000
388479 0.886000
388487 0.887000
389198 0.888000
389342 0.889000
389388 0.890000
389414 0.891000
389593 0.892000
389860 0.893000
390504 0.894000
390763 0.895000
390853 0.896000
391186 0.897000
391194 0.898000
391234 0.899000
391380 0.900000
391580 0.901000
391605 0.902000
391732 0.903000
391759 0.904000
392101 0.905000
392109 0.906000
392143 0.907000
392205 0.908000
392268 0.909000
392303 0.910000
392354 0.911000
392531 0.912000
392886 0.913000
392955 0.914000
392972 0.915000
393139 0.916000
393168 0.917000
393705 0.918000
393895 0.919000
393931 0.920000
393994 0.921000
394306 0.922000
395145 0.923000
395258 0.924000
395405 0.925000
395773 0.926000
395904 0.927000
396169 0.928000
396749 0.929000
397140 0.930000
397275 0.931000
397596 0.932000
397904 0.933000
397933 0.934000
398088 0.935000
398654 0.936000
398760 0.937000
398796 0.938000
398981 0.939000
399267 0.940000
399372 0.941000
399391 0.942000
399876 0.943000
399988 0.944000
400354 0.945000
400386 0.946000
400506 0.947000
401112 0.948000
401389 0.949000
401398 0.950000
401500 0.951000
401591 0.952000
401627 0.953000
402192 0.954000
402430 0.955000
402513 0.956000
402698 0.957000
403135 0.958000
405011 0.959000
405501 0.960000
405894 0.961000
405936 0.962000
406497 0.963000
408910 0.964000
410981 0.965000
411166 0.966000
411704 0.967000
411923 0.968000
412097 0.969000
412133 0.970000
412221 0.971000
412396 0.972000
412436 0.973000
412934 0.974000
413146 0.975000
413234 0.976000
413918 0.977000
416177 0.978000
417365 0.979000
417536 0.980000
417906 0.981000
418074 0.982000
418186 0.983000
418423 0.984000
420165 0.985000
420327 0.986000
420800 0.987000
421313 0.988000
423239 0.989000
425847 0.990000
428416 0.991000
431279 0.992000
431390 0.993000
431605 0.994000
432957 0.995000
433738 0.996000
435867 0.997000
443380 0.998000
451011 0.999000
475961 1.000000


