161613 0.000000
161613 0.001000
162258 0.002000
164527 0.003000
165040 0.004000
165318 0.005000
167954 0.006000
168236 0.007000
168264 0.008000
168598 0.009000
168864 0.010000
169310 0.011000
169851 0.012000
169998 0.013000
170363 0.014000
170606 0.015000
170837 0.016000
170864 0.017000
171207 0.018000
171619 0.019000
171915 0.020000
172070 0.021000
172283 0.022000
172654 0.023000
172739 0.024000
172809 0.025000
172893 0.026000
172981 0.027000
173543 0.028000
173916 0.029000
173996 0.030000
174038 0.031000
174044 0.032000
174332 0.033000
174404 0.034000
174480 0.035000
174547 0.036000
174553 0.037000
174581 0.038000
174682 0.039000
174750 0.040000
174812 0.041000
174857 0.042000
174939 0.043000
174945 0.044000
175235 0.045000
175574 0.046000
175583 0.047000
175597 0.048000
175927 0.049000
175957 0.050000
176244 0.051000
176274 0.052000
176359 0.053000
176480 0.054000
176582 0.055000
176700 0.056000
176757 0.057000
176818 0.058000
176842 0.059000
176849 0.060000
176958 0.061000
177209 0.062000
177282 0.063000
177416 0.064000
177534 0.065000
177594 0.066000
177631 0.067000
177741 0.068000
177875 0.069000
178026 0.070000
178028 0.071000
178209 0.072000
178426 0.073000
178544 0.074000
178805 0.075000
178976 0.076000
179076 0.077000
179093 0.078000
179180 0.079000
179250 0.080000
179256 0.081000
179287 0.082000
179289 0.083000
179322 0.084000
179341 0.085000
179450 0.086000
179526 0.087000
179556 0.088000
179641 0.089000
179747 0.090000
179754 0.091000
179783 0.092000
179786 0.093000
179899 0.094000
179904 0.095000
179935 0.096000
179969 0.097000
179985 0.098000
180032 0.099000
180101 0.100000
180141 0.101000
180199 0.102000
180225 0.103000
180308 0.104000
180317 0.105000
180372 0.106000
180439 0.107000
180476 0.108000
180481 0.109000
180595 0.110000
180655 0.111000
180786 0.112000
180790 0.113000
180802 0.114000
180938 0.115000
180962 0.116000
180994 0.117000
181104 0.118000
181128 0.119000
181143 0.120000
181196 0.121000
181202 0.122000
181477 0.123000
181799 0.124000
181863 0.125000
182048 0.126000
182055 0.127000
182127 0.128000
182200 0.129000
182336 0.130000
182385 0.131000
182401 0.132000
182403 0.133000
182417 0.134000
182457 0.135000
182776 0.136000
182850 0.137000
182892 0.138000
182903 0.139000
183064 0.140000
183172 0.141000
183186 0.142000
183285 0.143000
183415 0.144000
183477 0.145000
183504 0.146000
183571 0.147000
183586 0.148000
183622 0.149000
183626 0.150000
183652 0.151000
183670 0.152000
183677 0.153000
183700 0.154000
183752 0.155000
183777 0.156000
183806 0.157000
183921 0.158000
183960 0.159000
184011 0.160000
184152 0.161000
184212 0.162000
184264 0.163000
184442 0.164000
184490 0.165000
184495 0.166000
184504 0.167000
184543 0.168000
184575 0.169000
184591 0.170000
184620 0.171000
184639 0.172000
184654 0.173000
184712 0.174000
184783 0.175000
184833 0.176000
184881 0.177000
184884 0.178000
184906 0.179000
185107 0.180000
185133 0.181000
185200 0.182000
185201 0.183000
185213 0.184000
185232 0.185000
185300 0.186000
185315 0.187000
185324 0.188000
185341 0.189000
185410 0.190000
185539 0.191000
185542 0.192000
185588 0.193000
185591 0.194000
185659 0.195000
185807 0.196000
185904 0.197000
185996 0.198000
186031 0.199000
186074 0.200000
186125 0.201000
186152 0.202000
186156 0.203000
186158 0.204000
186160 0.205000
186175 0.206000
186176 0.207000
186257 0.208000
186262 0.209000
186282 0.210000
186300 0.211000
186318 0.212000
186476 0.213000
186544 0.214000
186610 0.215000
186641 0.217000
186657 0.218000
186668 0.219000
186725 0.220000
186732 0.221000
186796 0.222000
186863 0.223000
187014 0.224000
187021 0.226000
187107 0.227000
187166 0.228000
187175 0.229000
187191 0.230000
187207 0.231000
187217 0.232000
187258 0.233000
187276 0.234000
187349 0.235000
187403 0.236000
187436 0.237000
187470 0.238000
187616 0.239000
187703 0.240000
187713 0.241000
187769 0.242000
187794 0.243000
187880 0.244000
187901 0.245000
187903 0.246000
188005 0.247000
188124 0.248000
188147 0.249000
188149 0.250000
188256 0.251000
188260 0.252000
188263 0.253000
188273 0.254000
188353 0.255000
188452 0.256000
188463 0.257000
188466 0.258000
188551 0.259000
188643 0.260000
188716 0.261000
188743 0.262000
188861 0.263000
188977 0.264000
188991 0.265000
188995 0.266000
189061 0.267000
189105 0.268000
189195 0.269000
189197 0.270000
189222 0.271000
189254 0.272000
189303 0.273000
189312 0.274000
189336 0.275000
189357 0.276000
189437 0.277000
189526 0.278000
189597 0.279000
189641 0.280000
189693 0.281000
189745 0.282000
189754 0.283000
189764 0.284000
189775 0.285000
189802 0.287000
189805 0.288000
189884 0.289000
190112 0.290000
190114 0.291000
190155 0.292000
190169 0.293000
190286 0.294000
190312 0.295000
190352 0.296000
190360 0.297000
190419 0.298000
190465 0.299000
190470 0.300000
190504 0.301000
190558 0.302000
190630 0.303000
190721 0.304000
190764 0.305000
190848 0.306000
190918 0.307000
190919 0.308000
190942 0.309000
191020 0.310000
191025 0.311000
191032 0.312000
191053 0.313000
191064 0.314000
191203 0.315000
191275 0.316000
191420 0.317000
191445 0.318000
191638 0.319000
191700 0.320000
191758 0.321000
191779 0.322000
191841 0.323000
191924 0.324000
191973 0.325000
192050 0.326000
192074 0.327000
192095 0.328000
192098 0.329000
192115 0.330000
192228 0.331000
192252 0.332000
192259 0.333000
192263 0.334000
192264 0.335000
192494 0.336000
192569 0.337000
192585 0.338000
192610 0.339000
192644 0.340000
192673 0.341000
192687 0.342000
192755 0.343000
192760 0.344000
192770 0.345000
192809 0.346000
192831 0.347000
192890 0.348000
192914 0.349000
192981 0.350000
193015 0.351000
193079 0.352000
193093 0.353000
193135 0.355000
193170 0.356000
193235 0.357000
193247 0.358000
193273 0.359000
193278 0.360000
193297 0.361000
193311 0.362000
193340 0.363000
193380 0.364000
193455 0.365000
193481 0.366000
193508 0.367000
193514 0.368000
193576 0.369000
193695 0.370000
193879 0.371000
193980 0.372000
194016 0.373000
194074 0.374000
194108 0.375000
194145 0.376000
194197 0.377000
194206 0.378000
194246 0.379000
194267 0.380000
194341 0.381000
194419 0.382000
194445 0.383000
194570 0.384000
194579 0.385000
194592 0.386000
194692 0.387000
194804 0.388000
194828 0.389000
194874 0.390000
194940 0.391000
194956 0.392000
194959 0.393000
194971 0.394000
194982 0.395000
195096 0.396000
195146 0.397000
195168 0.398000
195213 0.399000
195226 0.400000
195293 0.401000
195312 0.402000
195314 0.403000
195330 0.404000
195362 0.405000
195388 0.406000
195398 0.407000
195442 0.408000
195475 0.409000
195537 0.410000
195558 0.411000
195573 0.412000
195618 0.413000
195680 0.414000
195697 0.415000
195717 0.416000
195729 0.417000
195752 0.418000
195764 0.419000
195808 0.420000
195921 0.421000
195968 0.422000
195976 0.423000
196071 0.424000
196137 0.425000
196166 0.426000
196256 0.427000
196304 0.428000
196308 0.429000
196321 0.430000
196379 0.431000
196388 0.432000
196397 0.434000
196519 0.435000
196553 0.436000
196647 0.437000
196703 0.438000
196763 0.439000
196809 0.440000
196842 0.441000
196865 0.442000
196895 0.443000
196899 0.444000
196925 0.445000
196927 0.446000
197012 0.447000
197041 0.448000
197051 0.449000
197071 0.450000
197129 0.451000
197211 0.452000
197437 0.453000
197453 0.454000
197505 0.455000
197516 0.456000
197543 0.457000
197557 0.458000
197615 0.459000
197684 0.460000
197823 0.461000
197871 0.462000
197955 0.463000
198086 0.464000
198166 0.465000
198189 0.467000
198216 0.468000
198308 0.469000
198312 0.470000
198361 0.471000
198370 0.472000
198401 0.473000
198427 0.474000
198457 0.475000
198547 0.476000
198557 0.477000
198560 0.478000
198661 0.479000
198663 0.480000
198708 0.481000
198723 0.482000
198747 0.483000
198799 0.484000
198807 0.485000
198837 0.486000
198864 0.487000
198919 0.488000
198928 0.489000
198954 0.490000
198956 0.491000
199026 0.492000
199051 0.493000
199078 0.494000
199126 0.495000
199148 0.496000
199236 0.497000
199278 0.498000
199300 0.499000
199479 0.500000
199485 0.501000
199505 0.502000
199535 0.503000
199565 0.504000
199572 0.505000
199617 0.506000
199638 0.507000
199727 0.508000
199792 0.509000
199793 0.510000
199802 0.511000
199822 0.512000
199857 0.513000
199867 0.514000
199891 0.515000
199901 0.516000
199956 0.517000
199989 0.518000
200000 0.519000
200022 0.520000
200078 0.521000
200122 0.522000
200172 0.523000
200190 0.524000
200193 0.525000
200229 0.526000
200265 0.527000
200281 0.528000
200285 0.529000
200293 0.530000
200350 0.531000
200457 0.532000
200561 0.533000
200574 0.534000
200576 0.535000
200589 0.536000
200612 0.537000
200619 0.538000
200645 0.539000
200718 0.540000
200795 0.541000
200921 0.542000
201032 0.543000
201056 0.544000
201066 0.545000
201093 0.546000
201107 0.547000
201137 0.548000
201195 0.549000
201243 0.550000
201311 0.551000
201332 0.552000
201413 0.553000
201493 0.554000
201584 0.555000
201590 0.556000
201616 0.557000
201617 0.558000
201622 0.559000
201671 0.560000
201722 0.561000
201723 0.562000
201765 0.563000
201784 0.564000
201795 0.565000
201806 0.566000
201808 0.567000
201954 0.568000
202061 0.569000
202099 0.570000
202152 0.571000
202179 0.572000
202197 0.573000
202237 0.574000
202240 0.575000
202291 0.576000
202319 0.577000
202335 0.578000
202463 0.579000
202479 0.580000
202531 0.581000
202538 0.582000
202627 0.583000
202680 0.584000
202809 0.585000
202811 0.586000
202818 0.587000
202839 0.588000
203011 0.589000
203044 0.590000
203165 0.591000
203171 0.593000
203319 0.594000
203424 0.595000
203462 0.596000
203472 0.597000
203534 0.598000
203570 0.599000
203574 0.600000
203608 0.601000
203611 0.603000
203767 0.604000
203789 0.605000
203823 0.606000
203846 0.607000
203890 0.608000
203941 0.609000
204031 0.610000
204096 0.611000
204099 0.612000
204213 0.613000
204224 0.614000
204255 0.615000
204261 0.616000
204385 0.617000
204402 0.618000
204448 0.619000
204451 0.620000
204471 0.621000
204506 0.622000
204539 0.623000
204588 0.624000
204638 0.625000
204766 0.626000
204992 0.627000
205025 0.628000
205029 0.629000
205071 0.630000
205086 0.631000
205114 0.632000
205142 0.633000
205145 0.634000
205278 0.635000
205449 0.636000
205483 0.637000
205494 0.638000
205576 0.639000
205614 0.640000
205650 0.641000
205659 0.642000
205725 0.643000
205745 0.644000
205753 0.645000
205762 0.646000
205822 0.647000
205850 0.648000
205899 0.649000
205934 0.650000
205945 0.651000
205976 0.652000
205993 0.653000
206097 0.654000
206100 0.655000
206113 0.656000
206296 0.657000
206338 0.658000
206398 0.659000
206436 0.660000
206463 0.661000
206467 0.662000
206528 0.663000
206607 0.664000
206685 0.665000
206702 0.666000
206705 0.667000
206754 0.668000
206760 0.669000
206792 0.670000
206829 0.671000
206890 0.672000
206913 0.673000
206918 0.674000
206939 0.675000
206996 0.676000
207072 0.677000
207158 0.678000
207243 0.679000
207247 0.680000
207275 0.681000
207297 0.682000
207361 0.683000
207387 0.684000
207432 0.685000
207463 0.686000
207470 0.687000
207593 0.688000
207698 0.689000
207735 0.690000
207811 0.691000
207836 0.692000
207865 0.693000
207885 0.694000
207928 0.695000
208051 0.696000
208079 0.697000
208131 0.698000
208171 0.699000
208229 0.700000
208286 0.701000
208291 0.702000
208319 0.703000
208362 0.704000
208452 0.705000
208453 0.706000
208476 0.707000
208578 0.708000
208589 0.709000
208651 0.710000
208673 0.711000
208674 0.712000
208685 0.713000
208700 0.714000
208709 0.715000
208808 0.716000
208854 0.717000
208866 0.718000
208922 0.719000
209029 0.720000
209064 0.721000
209092 0.722000
209197 0.723000
209230 0.724000
209240 0.725000
209320 0.726000
209402 0.727000
209441 0.728000
209491 0.729000
209520 0.730000
209548 0.731000
209550 0.732000
209781 0.733000
209902 0.734000
209958 0.735000
210199 0.736000
210259 0.737000
210270 0.738000
210285 0.739000
210395 0.740000
210475 0.741000
210496 0.742000
210618 0.743000
210679 0.744000
210696 0.745000
210736 0.746000
210743 0.747000
210784 0.748000
210819 0.749000
210876 0.750000
210939 0.751000
210948 0.752000
210955 0.753000
210958 0.754000
210968 0.755000
210977 0.756000
211002 0.757000
211064 0.758000
211189 0.759000
211354 0.760000
211414 0.761000
211423 0.762000
211502 0.763000
211517 0.764000
211628 0.765000
211653 0.766000
211683 0.767000
211757 0.768000
211814 0.769000
211904 0.770000
211999 0.771000
212047 0.772000
212059 0.773000
212106 0.774000
212199 0.775000
212211 0.776000
212215 0.777000
212382 0.778000
212425 0.779000
212449 0.780000
212462 0.781000
212468 0.782000
212529 0.783000
212550 0.784000
212578 0.785000
212616 0.786000
212641 0.787000
212714 0.788000
212948 0.789000
212950 0.790000
212977 0.791000
213002 0.792000
213090 0.793000
213219 0.794000
213249 0.795000
213268 0.796000
213408 0.797000
213483 0.798000
213536 0.799000
213552 0.800000
213633 0.801000
213652 0.802000
213749 0.803000
213813 0.804000
213901 0.805000
213948 0.806000
214074 0.807000
214116 0.808000
214135 0.809000
214222 0.810000
214396 0.811000
214625 0.812000
214628 0.813000
214647 0.814000
214762 0.815000
214810 0.816000
214823 0.817000
214837 0.818000
214930 0.819000
215002 0.820000
215029 0.821000
215035 0.822000
215096 0.823000
215194 0.824000
215210 0.825000
215234 0.826000
215396 0.827000
215465 0.828000
215487 0.829000
215587 0.830000
215909 0.831000
215949 0.832000
215993 0.833000
216001 0.834000
216086 0.835000
216102 0.836000
216139 0.837000
216424 0.838000
216480 0.839000
216542 0.840000
216580 0.841000
216858 0.842000
216880 0.843000
217235 0.844000
217270 0.845000
217467 0.846000
217508 0.847000
217576 0.848000
217759 0.849000
217795 0.850000
217821 0.851000
218002 0.852000
218029 0.853000
218125 0.854000
218154 0.855000
218344 0.856000
218404 0.857000
218412 0.858000
218566 0.859000
219073 0.860000
219096 0.861000
219143 0.862000
219281 0.863000
219358 0.864000
219392 0.865000
219400 0.866000
219624 0.867000
219693 0.868000
219748 0.869000
219794 0.870000
219947 0.871000
220093 0.872000
220223 0.873000
220280 0.874000
220435 0.875000
220461 0.876000
220490 0.877000
220564 0.878000
220688 0.879000
220720 0.880000
220913 0.881000
220971 0.882000
221137 0.883000
221220 0.884000
221226 0.885000
221290 0.886000
221411 0.887000
221519 0.888000
221530 0.889000
221635 0.890000
221676 0.891000
221711 0.892000
221894 0.893000
222043 0.894000
222267 0.895000
222336 0.896000
222365 0.897000
222568 0.898000
222960 0.899000
223014 0.900000
223112 0.901000
223225 0.902000
223310 0.903000
223390 0.904000
223455 0.905000
223757 0.906000
224029 0.907000
224047 0.908000
224081 0.909000
224249 0.910000
224380 0.911000
224399 0.912000
224447 0.913000
224505 0.914000
224609 0.915000
224832 0.916000
225131 0.917000
225283 0.918000
225368 0.919000
225503 0.920000
225517 0.921000
225561 0.922000
225641 0.923000
225836 0.924000
226192 0.925000
226354 0.926000
226439 0.927000
226446 0.928000
226540 0.929000
227034 0.930000
227265 0.931000
227411 0.932000
227439 0.933000
227490 0.934000
227508 0.935000
227531 0.936000
227689 0.937000
227759 0.938000
227779 0.939000
227812 0.940000
227897 0.941000
228636 0.942000
228915 0.943000
228937 0.944000
229213 0.945000
229248 0.946000
229294 0.947000
229660 0.948000
229845 0.949000
229846 0.950000
230144 0.951000
230655 0.952000
230989 0.953000
231164 0.954000
231583 0.955000
231602 0.956000
231632 0.957000
231679 0.958000
231902 0.959000
231941 0.961000
232162 0.962000
232205 0.963000
232686 0.964000
232977 0.965000
233115 0.966000
233288 0.967000
233385 0.968000
233532 0.969000
234033 0.970000
234210 0.971000
234311 0.972000
234393 0.973000
235505 0.974000
236019 0.975000
236302 0.976000
236475 0.977000
236789 0.978000
237073 0.979000
237486 0.980000
237500 0.981000
237881 0.982000
237971 0.983000
238824 0.984000
239998 0.985000
240398 0.986000
240453 0.987000
243948 0.988000
246065 0.989000
246559 0.990000
248093 0.991000
248425 0.992000
251645 0.993000
252311 0.994000
252637 0.995000
253645 0.996000
255461 0.997000
256919 0.998000
259425 0.999000
259667 1.000000


