102630 0.000000
102630 0.002000
102736 0.004000
102954 0.006000
102970 0.008000
103061 0.010000
103085 0.012000
103105 0.014000
103110 0.016000
103183 0.018000
103232 0.020000
103243 0.022000
103272 0.024000
103276 0.026000
103294 0.028000
103330 0.030000
103388 0.032000
103418 0.034000
103453 0.036000
103463 0.040000
103466 0.042000
103468 0.044000
103546 0.046000
103548 0.048000
103562 0.050000
103563 0.052000
103566 0.054000
103579 0.056000
103619 0.058000
103706 0.060000
103729 0.062000
103761 0.064000
103777 0.066000
103804 0.068000
103879 0.070000
103882 0.072000
103888 0.074000
103904 0.076000
103914 0.078000
103916 0.080000
103955 0.082000
104025 0.084000
104043 0.086000
104059 0.088000
104069 0.090000
104074 0.092000
104088 0.094000
104112 0.096000
104138 0.098000
104140 0.100000
104167 0.102000
104174 0.104000
104228 0.106000
104301 0.108000
104325 0.110000
104332 0.112000
104530 0.114000
104544 0.116000
104559 0.118000
104560 0.120000
104573 0.122000
104597 0.124000
104720 0.126000
104735 0.128000
104752 0.130000
104791 0.132000
104805 0.134000
104813 0.136000
104868 0.138000
104898 0.140000
104924 0.142000
104948 0.144000
104964 0.146000
104972 0.148000
104983 0.150000
105048 0.152000
105062 0.154000
105070 0.156000
105084 0.158000
105098 0.160000
105100 0.162000
105126 0.164000
105137 0.168000
105143 0.170000
105144 0.172000
105153 0.174000
105156 0.176000
105163 0.178000
105186 0.180000
105187 0.182000
105188 0.184000
105215 0.186000
105218 0.188000
105235 0.190000
105271 0.192000
105277 0.194000
105278 0.196000
105284 0.198000
105286 0.200000
105290 0.202000
105291 0.204000
105292 0.206000
105298 0.208000
105329 0.210000
105337 0.212000
105349 0.214000
105377 0.216000
105383 0.218000
105396 0.220000
105403 0.222000
105438 0.224000
105462 0.226000
105465 0.228000
105481 0.230000
105482 0.232000
105502 0.234000
105515 0.236000
105518 0.238000
105519 0.240000
105532 0.242000
105546 0.244000
105547 0.246000
105563 0.248000
105568 0.250000
105570 0.252000
105579 0.254000
105586 0.256000
105592 0.258000
105601 0.260000
105602 0.262000
105612 0.264000
105618 0.266000
105622 0.268000
105638 0.270000
105653 0.272000
105661 0.274000
105663 0.276000
105675 0.278000
105715 0.280000
105719 0.282000
105726 0.284000
105730 0.286000
105745 0.288000
105760 0.290000
105763 0.292000
105781 0.294000
105801 0.298000
105803 0.300000
105805 0.302000
105807 0.304000
105820 0.306000
105828 0.308000
105846 0.310000
105850 0.312000
105851 0.314000
105872 0.316000
105876 0.320000
105877 0.322000
105887 0.324000
105890 0.326000
105899 0.330000
105903 0.334000
105912 0.336000
105920 0.338000
105958 0.340000
105960 0.342000
105961 0.344000
105995 0.346000
105997 0.348000
106010 0.350000
106013 0.352000
106029 0.354000
106035 0.356000
106046 0.358000
106047 0.360000
106059 0.362000
106060 0.364000
106063 0.366000
106065 0.368000
106069 0.370000
106086 0.372000
106096 0.374000
106099 0.376000
106104 0.378000
106107 0.380000
106109 0.382000
106150 0.384000
106161 0.386000
106163 0.388000
106190 0.390000
106194 0.392000
106204 0.394000
106206 0.396000
106213 0.398000
106232 0.400000
106249 0.402000
106265 0.404000
106272 0.406000
106274 0.408000
106275 0.410000
106276 0.412000
106279 0.414000
106288 0.416000
106302 0.418000
106312 0.420000
106331 0.422000
106333 0.424000
106341 0.426000
106347 0.428000
106354 0.430000
106355 0.432000
106370 0.434000
106377 0.436000
106383 0.438000
106422 0.440000
106463 0.442000
106467 0.444000
106477 0.446000
106478 0.448000
106487 0.450000
106502 0.452000
106503 0.454000
106528 0.456000
106529 0.458000
106532 0.460000
106548 0.462000
106549 0.464000
106565 0.466000
106611 0.468000
106612 0.470000
106626 0.472000
106648 0.474000
106654 0.476000
106680 0.478000
106730 0.480000
106749 0.482000
106783 0.486000
106796 0.488000
106801 0.490000
106812 0.492000
106821 0.494000
106837 0.496000
106845 0.498000
106881 0.500000
106904 0.502000
106908 0.504000
106924 0.506000
106931 0.508000
106932 0.510000
106934 0.512000
106947 0.514000
106964 0.516000
106969 0.518000
106977 0.520000
106979 0.522000
106987 0.524000
107031 0.526000
107072 0.528000
107078 0.530000
107079 0.532000
107087 0.534000
107095 0.536000
107099 0.538000
107112 0.540000
107121 0.542000
107133 0.544000
107142 0.546000
107151 0.548000
107155 0.550000
107167 0.552000
107188 0.554000
107192 0.558000
107196 0.560000
107197 0.562000
107202 0.564000
107211 0.566000
107214 0.568000
107215 0.570000
107231 0.572000
107248 0.574000
107274 0.576000
107275 0.578000
107282 0.580000
107291 0.582000
107311 0.584000
107324 0.586000
107340 0.588000
107342 0.590000
107349 0.592000
107380 0.594000
107386 0.596000
107404 0.600000
107409 0.602000
107460 0.604000
107464 0.606000
107467 0.608000
107480 0.610000
107484 0.612000
107497 0.614000
107501 0.616000
107515 0.618000
107521 0.620000
107526 0.622000
107534 0.624000
107560 0.626000
107578 0.628000
107588 0.630000
107602 0.632000
107605 0.636000
107615 0.638000
107631 0.640000
107640 0.642000
107647 0.644000
107653 0.646000
107662 0.648000
107667 0.650000
107669 0.652000
107681 0.654000
107687 0.656000
107690 0.658000
107698 0.660000
107704 0.662000
107707 0.664000
107711 0.666000
107715 0.668000
107718 0.670000
107724 0.672000
107728 0.674000
107746 0.676000
107755 0.678000
107759 0.680000
107760 0.682000
107769 0.684000
107779 0.686000
107796 0.688000
107814 0.690000
107831 0.692000
107846 0.694000
107864 0.696000
107878 0.698000
107884 0.700000
107892 0.702000
107894 0.704000
107895 0.706000
107905 0.708000
107920 0.710000
107933 0.712000
107947 0.714000
107956 0.716000
107962 0.718000
107963 0.720000
107971 0.722000
107979 0.724000
107981 0.726000
107988 0.728000
108007 0.730000
108010 0.732000
108011 0.734000
108022 0.736000
108027 0.744000
108034 0.746000
108038 0.748000
108042 0.750000
108044 0.752000
108061 0.754000
108071 0.756000
108081 0.758000
108088 0.760000
108095 0.762000
108111 0.766000
108112 0.768000
108115 0.770000
108116 0.772000
108125 0.774000
108131 0.776000
108138 0.778000
108139 0.780000
108157 0.782000
108172 0.784000
108176 0.786000
108186 0.788000
108193 0.790000
108222 0.792000
108224 0.794000
108225 0.796000
108226 0.798000
108279 0.800000
108292 0.802000
108300 0.806000
108303 0.808000
108331 0.810000
108333 0.812000
108340 0.814000
108346 0.816000
108358 0.818000
108373 0.820000
108380 0.822000
108393 0.824000
108430 0.826000
108432 0.828000
108462 0.830000
108495 0.832000
108561 0.834000
108566 0.836000
108572 0.838000
108623 0.840000
108631 0.842000
108637 0.846000
108652 0.848000
108659 0.850000
108718 0.852000
108721 0.854000
108735 0.856000
108746 0.858000
108760 0.860000
108770 0.862000
108797 0.864000
108812 0.866000
108868 0.868000
108883 0.870000
108890 0.872000
108913 0.874000
108927 0.876000
108930 0.878000
108949 0.880000
108986 0.882000
109054 0.884000
109056 0.886000
109081 0.888000
109122 0.890000
109161 0.892000
109179 0.894000
109183 0.896000
109286 0.898000
109295 0.900000
109302 0.902000
109370 0.904000
109482 0.906000
109546 0.908000
109601 0.910000
109626 0.912000
109692 0.916000
109700 0.918000
109835 0.920000
109850 0.922000
109984 0.924000
110015 0.926000
110092 0.928000
110114 0.930000
110301 0.932000
110320 0.934000
110395 0.936000
110416 0.938000
110670 0.940000
110794 0.942000
110957 0.944000
110981 0.946000
111018 0.948000
111076 0.950000
111722 0.952000
112036 0.954000
113303 0.956000
113825 0.958000
114367 0.960000
116657 0.962000
120206 0.964000
120737 0.966000
121095 0.968000
122261 0.970000
123831 0.972000
124800 0.974000
124872 0.976000
124907 0.978000
125382 0.980000
125486 0.982000
125627 0.984000
125736 0.986000
125848 0.988000
126113 0.990000
127008 0.992000
127389 0.994000
129556 0.996000
130002 0.998000
131705 1.000000


