327751 0.000000
327751 0.001000
403914 0.002000
406053 0.003000
462568 0.004000
474891 0.005000
476527 0.006000
488371 0.007000
507649 0.008000
530091 0.009000
532844 0.010000
539744 0.011000
542038 0.012000
543884 0.013000
547487 0.014000
548370 0.015000
549077 0.016000
559160 0.017000
562061 0.018000
568560 0.019000
568996 0.020000
570027 0.021000
570048 0.022000
575186 0.023000
578636 0.024000
583037 0.025000
595653 0.026000
598963 0.027000
599576 0.028000
599947 0.029000
605950 0.030000
615964 0.031000
617666 0.032000
620253 0.033000
622113 0.034000
622584 0.035000
623014 0.036000
634665 0.037000
635198 0.038000
637091 0.039000
637269 0.040000
640320 0.041000
644326 0.042000
645241 0.043000
646394 0.044000
651857 0.045000
653074 0.046000
653954 0.047000
655365 0.048000
658821 0.049000
659015 0.050000
661364 0.051000
663440 0.052000
666291 0.053000
666969 0.054000
668058 0.055000
668069 0.056000
673023 0.057000
674900 0.058000
675785 0.059000
675902 0.060000
676117 0.061000
676719 0.062000
679514 0.063000
679579 0.064000
688155 0.065000
688187 0.066000
695860 0.067000
697397 0.068000
699274 0.069000
699727 0.070000
701731 0.071000
701818 0.072000
704095 0.073000
704121 0.074000
704194 0.075000
706609 0.076000
707121 0.077000
708230 0.078000
708533 0.079000
710651 0.080000
711715 0.081000
711988 0.082000
712625 0.083000
712665 0.084000
717560 0.085000
717645 0.086000
720946 0.087000
721038 0.088000
721208 0.089000
723829 0.090000
726762 0.091000
727518 0.092000
727927 0.093000
729016 0.094000
735551 0.095000
735771 0.096000
735982 0.097000
736454 0.098000
738550 0.099000
739227 0.100000
740258 0.101000
741335 0.102000
742648 0.103000
742840 0.104000
745884 0.105000
751627 0.106000
753175 0.107000
753314 0.108000
754470 0.109000
755219 0.110000
757316 0.111000
761905 0.112000
763324 0.113000
763541 0.114000
763617 0.115000
765051 0.116000
768133 0.117000
768511 0.118000
769188 0.119000
769386 0.120000
769852 0.121000
770812 0.122000
771981 0.123000
772218 0.124000
772759 0.125000
776225 0.126000
777717 0.127000
784138 0.128000
784552 0.129000
785753 0.130000
788118 0.131000
788657 0.132000
788865 0.133000
788905 0.134000
789239 0.135000
789600 0.136000
789849 0.137000
790449 0.138000
791751 0.139000
792359 0.140000
793209 0.141000
794588 0.142000
794743 0.143000
795850 0.144000
796212 0.145000
797235 0.146000
801989 0.147000
802711 0.148000
803166 0.149000
803435 0.150000
803697 0.151000
803746 0.152000
811656 0.153000
812717 0.154000
815987 0.155000
817912 0.156000
818686 0.157000
819583 0.158000
819753 0.159000
820539 0.160000
822612 0.161000
824245 0.162000
824730 0.163000
825150 0.164000
828337 0.165000
829265 0.166000
830561 0.167000
830853 0.168000
831245 0.169000
832229 0.170000
832519 0.171000
832974 0.172000
833216 0.173000
834562 0.174000
834748 0.175000
835071 0.176000
836468 0.177000
837974 0.178000
838611 0.179000
839429 0.180000
840800 0.181000
841046 0.182000
842436 0.183000
845008 0.184000
846716 0.185000
847636 0.186000
850343 0.187000
850698 0.188000
850894 0.189000
853746 0.190000
854410 0.191000
858529 0.192000
859301 0.193000
860129 0.194000
860997 0.195000
861017 0.196000
861064 0.197000
861222 0.198000
861932 0.199000
863947 0.200000
864800 0.201000
869952 0.202000
871408 0.203000
872739 0.204000
872809 0.205000
873472 0.206000
874557 0.207000
875207 0.208000
875271 0.209000
875668 0.210000
876232 0.211000
876917 0.212000
876941 0.213000
877464 0.214000
878764 0.215000
879396 0.216000
879433 0.217000
879510 0.218000
879621 0.219000
879830 0.220000
880082 0.221000
881734 0.222000
882231 0.223000
882825 0.224000
883293 0.225000
883359 0.226000
883799 0.227000
884240 0.228000
884339 0.229000
886194 0.230000
886357 0.231000
887478 0.232000
887765 0.233000
888067 0.234000
888207 0.235000
888211 0.236000
888360 0.237000
888404 0.238000
889136 0.239000
889555 0.240000
890929 0.241000
891253 0.242000
892140 0.243000
894343 0.244000
894450 0.245000
895369 0.246000
896264 0.247000
897265 0.248000
897867 0.249000
898354 0.250000
898677 0.251000
898743 0.252000
901835 0.253000
903346 0.254000
904350 0.255000
905506 0.256000
905842 0.257000
905949 0.258000
906084 0.259000
906473 0.260000
909976 0.261000
910416 0.262000
910702 0.263000
911854 0.264000
911943 0.265000
912775 0.266000
913159 0.267000
913514 0.268000
915688 0.269000
915901 0.270000
915985 0.271000
916393 0.272000
916608 0.273000
917982 0.274000
918078 0.275000
918549 0.276000
918959 0.277000
919933 0.278000
920196 0.279000
921239 0.280000
921509 0.281000
924187 0.282000
925081 0.283000
925644 0.284000
925839 0.285000
925865 0.286000
926542 0.287000
926821 0.288000
927310 0.289000
928899 0.290000
928977 0.291000
929106 0.292000
929413 0.293000
929853 0.294000
931126 0.295000
931399 0.296000
931767 0.297000
931976 0.298000
932284 0.299000
933229 0.300000
933495 0.301000
933586 0.302000
934128 0.303000
934299 0.304000
934459 0.305000
935765 0.306000
936329 0.307000
936995 0.308000
937632 0.309000
938367 0.310000
939904 0.311000
940373 0.312000
940683 0.313000
941056 0.314000
942029 0.315000
942091 0.316000
942235 0.317000
942647 0.318000
942706 0.319000
944183 0.320000
944460 0.321000
946145 0.322000
947452 0.323000
947851 0.324000
948504 0.325000
951795 0.326000
953196 0.327000
953680 0.328000
953959 0.329000
955940 0.330000
955994 0.331000
958049 0.332000
958155 0.333000
959111 0.334000
959610 0.335000
959683 0.336000
960342 0.337000
960717 0.338000
961000 0.339000
961124 0.340000
961158 0.341000
962187 0.342000
962330 0.343000
962810 0.344000
963991 0.345000
964149 0.346000
964336 0.347000
965768 0.348000
966136 0.349000
966483 0.350000
966863 0.351000
968029 0.352000
968115 0.353000
968227 0.354000
968812 0.355000
969591 0.356000
970683 0.357000
970984 0.358000
971473 0.359000
971559 0.360000
971601 0.361000
972460 0.362000
975489 0.363000
976342 0.364000
976621 0.365000
977393 0.366000
977410 0.367000
977485 0.368000
978244 0.369000
978265 0.370000
979877 0.371000
981035 0.372000
982609 0.373000
984411 0.374000
984543 0.375000
985150 0.376000
986563 0.377000
986676 0.378000
986836 0.379000
987622 0.380000
988232 0.381000
988469 0.382000
988998 0.383000
989676 0.384000
989906 0.385000
990741 0.386000
991484 0.387000
991621 0.388000
992475 0.389000
992659 0.390000
993084 0.391000
997064 0.392000
998534 0.393000
999139 0.394000
999160 0.395000
1000390 0.396000
1000628 0.397000
1000826 0.398000
1001079 0.399000
1001317 0.400000
1001784 0.401000
1001912 0.402000
1002984 0.403000
1003243 0.404000
1003628 0.405000
1003669 0.406000
1003778 0.407000
1004195 0.408000
1004309 0.409000
1004763 0.410000
1005402 0.411000
1005518 0.412000
1006095 0.413000
1006138 0.414000
1007019 0.415000
1007097 0.416000
1007153 0.417000
1007911 0.418000
1010933 0.419000
1011261 0.420000
1013890 0.421000
1014560 0.422000
1015307 0.423000
1015420 0.424000
1015597 0.425000
1015637 0.426000
1017801 0.427000
1018071 0.428000
1018447 0.429000
1018946 0.430000
1019698 0.431000
1019760 0.432000
1020581 0.433000
1021612 0.434000
1021638 0.435000
1022391 0.436000
1022477 0.437000
1022691 0.438000
1023393 0.439000
1023767 0.440000
1023809 0.441000
1023942 0.442000
1024387 0.443000
1025194 0.444000
1025529 0.445000
1025582 0.446000
1025679 0.447000
1026568 0.448000
1027276 0.449000
1027460 0.450000
1027842 0.451000
1028262 0.452000
1028363 0.453000
1028703 0.454000
1029317 0.455000
1029687 0.456000
1030234 0.457000
1030426 0.458000
1030466 0.459000
1030839 0.460000
1031073 0.461000
1032008 0.462000
1032204 0.463000
1032361 0.464000
1033689 0.465000
1034645 0.466000
1035025 0.467000
1035280 0.468000
1035587 0.469000
1036468 0.470000
1037129 0.471000
1037197 0.472000
1037615 0.473000
1038203 0.474000
1038216 0.475000
1038453 0.476000
1038492 0.477000
1038584 0.478000
1038587 0.479000
1039044 0.480000
1039376 0.481000
1039533 0.482000
1040544 0.483000
1040769 0.484000
1040836 0.485000
1040875 0.486000
1041218 0.487000
1041426 0.488000
1041662 0.489000
1042011 0.490000
1042739 0.491000
1044437 0.492000
1044484 0.493000
1044858 0.494000
1046156 0.495000
1046300 0.496000
1046343 0.497000
1047359 0.498000
1048027 0.499000
1049108 0.500000
1049614 0.501000
1049958 0.502000
1050176 0.503000
1050177 0.504000
1050281 0.505000
1051270 0.506000
1052632 0.507000
1053360 0.508000
1053824 0.509000
1054199 0.510000
1055959 0.511000
1056189 0.512000
1057614 0.513000
1057827 0.514000
1058272 0.515000
1058411 0.516000
1058969 0.517000
1059246 0.518000
1059938 0.519000
1060114 0.520000
1060817 0.521000
1061394 0.522000
1063734 0.523000
1064233 0.524000
1064908 0.525000
1065193 0.526000
1065348 0.527000
1065924 0.528000
1066684 0.529000
1066793 0.530000
1067320 0.531000
1068294 0.532000
1068353 0.533000
1068821 0.534000
1068855 0.535000
1069801 0.536000
1070078 0.537000
1070341 0.538000
1070425 0.539000
1071387 0.540000
1071866 0.541000
1072113 0.542000
1072877 0.543000
1073493 0.544000
1073643 0.545000
1073708 0.546000
1074280 0.547000
1074616 0.548000
1074619 0.549000
1075083 0.550000
1075176 0.551000
1075426 0.552000
1075471 0.553000
1076061 0.554000
1076333 0.555000
1076794 0.556000
1077562 0.557000
1077682 0.558000
1077765 0.559000
1078207 0.560000
1078475 0.561000
1078827 0.562000
1079550 0.563000
1079928 0.564000
1079984 0.565000
1080347 0.566000
1081576 0.567000
1081872 0.568000
1082555 0.569000
1082570 0.570000
1082719 0.571000
1083123 0.572000
1083833 0.573000
1084906 0.574000
1086519 0.575000
1087581 0.576000
1088333 0.577000
1090094 0.578000
1090487 0.579000
1091146 0.580000
1091154 0.581000
1091285 0.582000
1091392 0.583000
1092236 0.584000
1092997 0.585000
1093734 0.586000
1093854 0.587000
1095203 0.588000
1095252 0.589000
1095253 0.590000
1095615 0.591000
1095744 0.592000
1096355 0.593000
1097944 0.594000
1098439 0.595000
1101013 0.596000
1101217 0.597000
1101383 0.598000
1102071 0.599000
1102100 0.600000
1102494 0.601000
1103176 0.602000
1103188 0.603000
1103588 0.604000
1103982 0.605000
1104203 0.606000
1104574 0.607000
1105136 0.608000
1105312 0.609000
1105413 0.610000
1105606 0.611000
1105630 0.612000
1106534 0.613000
1106538 0.614000
1107064 0.615000
1108073 0.616000
1109745 0.617000
1109837 0.618000
1112607 0.619000
1112844 0.620000
1112919 0.621000
1113834 0.622000
1113835 0.623000
1113912 0.624000
1114244 0.625000
1115428 0.626000
1115904 0.627000
1116074 0.628000
1116232 0.629000
1116386 0.630000
1116463 0.631000
1118372 0.632000
1118504 0.633000
1119487 0.634000
1120083 0.635000
1120347 0.636000
1120553 0.637000
1121645 0.638000
1121866 0.639000
1121898 0.640000
1122891 0.641000
1123263 0.642000
1124007 0.643000
1124687 0.644000
1124963 0.645000
1126068 0.646000
1126532 0.647000
1126720 0.648000
1127357 0.649000
1127990 0.650000
1128016 0.651000
1129058 0.652000
1129677 0.653000
1130188 0.654000
1130375 0.655000
1131322 0.656000
1131902 0.657000
1132107 0.658000
1132455 0.659000
1132639 0.660000
1132694 0.661000
1133269 0.662000
1133467 0.663000
1133514 0.664000
1133604 0.665000
1134631 0.666000
1134851 0.667000
1135274 0.668000
1135480 0.669000
1135597 0.670000
1136157 0.671000
1136212 0.672000
1136819 0.673000
1136912 0.674000
1137398 0.675000
1137735 0.676000
1139246 0.677000
1139632 0.678000
1141050 0.679000
1141093 0.680000
1141945 0.681000
1142102 0.682000
1142308 0.683000
1142763 0.684000
1142838 0.685000
1142943 0.686000
1143680 0.687000
1144342 0.688000
1144851 0.689000
1145173 0.690000
1145277 0.691000
1145702 0.692000
1146083 0.693000
1146494 0.694000
1146591 0.695000
1147606 0.696000
1148198 0.697000
1148867 0.698000
1149026 0.699000
1149163 0.700000
1150357 0.701000
1150380 0.702000
1150775 0.703000
1150897 0.704000
1151202 0.705000
1151461 0.706000
1151519 0.707000
1152140 0.708000
1152273 0.709000
1152318 0.710000
1153512 0.711000
1154493 0.712000
1154795 0.713000
1154908 0.714000
1156832 0.715000
1159217 0.716000
1159309 0.717000
1159316 0.718000
1159993 0.719000
1160072 0.720000
1160373 0.721000
1160464 0.722000
1161506 0.723000
1163275 0.724000
1163658 0.725000
1164399 0.726000
1164833 0.727000
1164962 0.728000
1165480 0.729000
1167188 0.730000
1167421 0.731000
1168529 0.732000
1169093 0.733000
1169365 0.734000
1170074 0.735000
1170674 0.736000
1170735 0.737000
1171676 0.738000
1172736 0.739000
1172970 0.740000
1173001 0.741000
1173332 0.742000
1173752 0.743000
1174100 0.744000
1174299 0.745000
1174675 0.746000
1175297 0.747000
1175686 0.748000
1176319 0.749000
1176429 0.750000
1177033 0.751000
1177288 0.752000
1178102 0.753000
1178275 0.754000
1178432 0.755000
1179010 0.756000
1179066 0.757000
1180060 0.758000
1180421 0.759000
1180815 0.760000
1180970 0.761000
1181701 0.762000
1181944 0.763000
1182293 0.764000
1183304 0.765000
1184380 0.766000
1185163 0.767000
1186796 0.768000
1188159 0.769000
1188412 0.770000
1188952 0.771000
1189508 0.772000
1190057 0.773000
1191319 0.774000
1191604 0.775000
1192455 0.776000
1192723 0.777000
1193505 0.778000
1197801 0.779000
1198910 0.780000
1199817 0.781000
1199913 0.782000
1200193 0.783000
1200311 0.784000
1200500 0.785000
1200910 0.786000
1201817 0.787000
1202261 0.788000
1202909 0.789000
1203131 0.790000
1204235 0.791000
1205269 0.792000
1205689 0.793000
1205808 0.794000
1206952 0.795000
1207781 0.796000
1208279 0.797000
1208615 0.798000
1209519 0.799000
1210465 0.800000
1210773 0.801000
1211402 0.802000
1211406 0.803000
1214380 0.804000
1214732 0.805000
1215637 0.806000
1215749 0.807000
1216876 0.808000
1218266 0.809000
1218511 0.810000
1218579 0.811000
1219820 0.812000
1220732 0.813000
1221062 0.814000
1222129 0.815000
1222639 0.816000
1222842 0.817000
1224278 0.818000
1225320 0.819000
1226345 0.820000
1226995 0.821000
1227151 0.822000
1228027 0.823000
1228604 0.824000
1229184 0.825000
1229281 0.826000
1231344 0.827000
1232252 0.828000
1232998 0.829000
1233741 0.830000
1235382 0.831000
1235682 0.832000
1235952 0.833000
1236473 0.834000
1237037 0.835000
1237460 0.836000
1237929 0.837000
1238781 0.838000
1239272 0.839000
1239330 0.840000
1240055 0.841000
1241296 0.842000
1241453 0.843000
1241913 0.844000
1242698 0.845000
1243068 0.846000
1243093 0.847000
1243723 0.848000
1243869 0.849000
1244343 0.850000
1244548 0.851000
1244831 0.852000
1247872 0.853000
1248348 0.854000
1248909 0.855000
1248970 0.856000
1249630 0.857000
1250088 0.858000
1250175 0.859000
1250988 0.860000
1251362 0.861000
1251527 0.862000
1252218 0.863000
1254341 0.864000
1254504 0.865000
1254523 0.866000
1255610 0.867000
1256257 0.868000
1257296 0.869000
1257490 0.870000
1257651 0.871000
1257800 0.872000
1259025 0.873000
1259120 0.874000
1259942 0.875000
1260078 0.876000
1262423 0.877000
1263826 0.878000
1264367 0.879000
1264855 0.880000
1264986 0.881000
1265309 0.882000
1265383 0.883000
1267742 0.884000
1267898 0.885000
1268075 0.886000
1269057 0.887000
1269158 0.888000
1269459 0.889000
1269784 0.890000
1272295 0.891000
1273598 0.892000
1273849 0.893000
1274325 0.894000
1274586 0.895000
1276142 0.896000
1277297 0.897000
1278329 0.898000
1278961 0.899000
1279836 0.900000
1279997 0.901000
1280797 0.902000
1280905 0.903000
1281312 0.904000
1281854 0.905000
1284126 0.906000
1286777 0.907000
1286795 0.908000
1286946 0.909000
1288090 0.910000
1288385 0.911000
1288781 0.912000
1289338 0.913000
1292133 0.914000
1293739 0.915000
1294565 0.916000
1296223 0.917000
1297170 0.918000
1297995 0.919000
1299049 0.920000
1299183 0.921000
1299582 0.922000
1299857 0.923000
1302351 0.924000
1303997 0.925000
1304222 0.926000
1305196 0.927000
1305391 0.928000
1305937 0.929000
1307525 0.930000
1307550 0.931000
1308456 0.932000
1310930 0.933000
1312537 0.934000
1312725 0.935000
1312763 0.936000
1312900 0.937000
1313116 0.938000
1316620 0.939000
1318585 0.940000
1319541 0.941000
1320764 0.942000
1321953 0.943000
1322376 0.944000
1322735 0.945000
1323408 0.946000
1326480 0.947000
1327665 0.948000
1333039 0.949000
1333547 0.950000
1334882 0.951000
1335346 0.952000
1335838 0.953000
1338896 0.954000
1342724 0.955000
1343513 0.956000
1344251 0.957000
1346358 0.958000
1346417 0.959000
1348551 0.960000
1348635 0.961000
1351238 0.962000
1351495 0.963000
1354473 0.964000
1355265 0.965000
1356073 0.966000
1357816 0.967000
1358056 0.968000
1360558 0.969000
1371814 0.970000
1372216 0.971000
1375181 0.972000
1376332 0.973000
1379863 0.974000
1381092 0.975000
1381186 0.976000
1382316 0.977000
1386799 0.978000
1387739 0.979000
1391435 0.980000
1393981 0.981000
1399527 0.982000
1399535 0.983000
1402837 0.984000
1403549 0.985000
1405669 0.986000
1405733 0.987000
1406657 0.988000
1416263 0.989000
1424985 0.990000
1439078 0.991000
1440164 0.992000
1446096 0.993000
1461909 0.994000
1463339 0.995000
1503111 0.996000
1508130 0.997000
1509459 0.998000
1521664 0.999000
1538595 1.000000


261 0.000000
261 0.001000
286 0.002000
327 0.003000
357 0.004000
378 0.005000
384 0.006000
385 0.007000
389 0.008000
398 0.009000
409 0.010000
411 0.011000
417 0.012000
431 0.013000
435 0.014000
436 0.016000
446 0.017000
456 0.018000
462 0.019000
464 0.020000
468 0.021000
475 0.022000
478 0.023000
485 0.025000
489 0.026000
491 0.027000
493 0.028000
496 0.029000
499 0.030000
505 0.031000
507 0.032000
509 0.034000
511 0.035000
512 0.037000
513 0.038000
517 0.039000
519 0.040000
521 0.041000
523 0.042000
527 0.043000
528 0.044000
529 0.045000
539 0.046000
541 0.047000
544 0.049000
546 0.050000
554 0.051000
555 0.052000
560 0.053000
562 0.054000
568 0.055000
570 0.057000
573 0.059000
574 0.060000
575 0.061000
576 0.062000
577 0.063000
578 0.064000
579 0.066000
582 0.067000
585 0.068000
586 0.069000
587 0.070000
589 0.071000
590 0.072000
591 0.074000
592 0.075000
593 0.076000
595 0.077000
597 0.078000
598 0.079000
600 0.080000
601 0.081000
603 0.082000
604 0.083000
605 0.084000
606 0.086000
607 0.087000
608 0.089000
609 0.090000
610 0.091000
611 0.092000
612 0.094000
613 0.095000
614 0.096000
618 0.098000
620 0.100000
628 0.102000
630 0.103000
633 0.104000
636 0.106000
637 0.109000
642 0.110000
643 0.111000
647 0.113000
648 0.114000
652 0.115000
654 0.116000
655 0.117000
656 0.118000
657 0.119000
659 0.120000
661 0.121000
664 0.125000
666 0.126000
667 0.127000
668 0.128000
669 0.129000
670 0.132000
671 0.134000
675 0.135000
677 0.138000
679 0.140000
681 0.141000
683 0.142000
685 0.145000
686 0.146000
687 0.147000
688 0.148000
689 0.149000
690 0.150000
691 0.151000
693 0.152000
694 0.153000
695 0.154000
696 0.155000
700 0.156000
702 0.159000
704 0.161000
706 0.163000
707 0.164000
711 0.165000
712 0.166000
714 0.168000
715 0.169000
716 0.171000
717 0.172000
718 0.173000
719 0.175000
721 0.176000
723 0.178000
724 0.180000
729 0.183000
732 0.184000
733 0.185000
734 0.186000
735 0.187000
736 0.188000
740 0.190000
741 0.193000
743 0.195000
744 0.198000
745 0.199000
746 0.201000
747 0.202000
748 0.203000
749 0.204000
750 0.205000
752 0.206000
753 0.209000
754 0.211000
755 0.212000
756 0.213000
757 0.215000
758 0.218000
759 0.222000
760 0.223000
761 0.226000
762 0.228000
766 0.230000
767 0.231000
768 0.234000
769 0.236000
774 0.239000
775 0.240000
776 0.242000
777 0.245000
778 0.247000
779 0.249000
780 0.252000
783 0.253000
784 0.255000
785 0.257000
786 0.260000
787 0.261000
788 0.262000
789 0.266000
791 0.267000
792 0.270000
793 0.272000
794 0.276000
795 0.277000
796 0.280000
797 0.281000
798 0.285000
799 0.287000
800 0.289000
802 0.292000
803 0.293000
807 0.297000
808 0.298000
809 0.300000
811 0.301000
812 0.304000
813 0.305000
814 0.307000
816 0.310000
817 0.311000
818 0.314000
820 0.315000
821 0.319000
822 0.320000
825 0.322000
827 0.325000
828 0.326000
829 0.327000
830 0.329000
832 0.330000
833 0.334000
835 0.336000
837 0.337000
838 0.339000
839 0.342000
840 0.344000
841 0.346000
842 0.347000
844 0.349000
845 0.350000
847 0.353000
848 0.354000
851 0.355000
853 0.356000
855 0.358000
856 0.359000
857 0.360000
858 0.362000
859 0.365000
860 0.367000
861 0.369000
864 0.373000
865 0.374000
866 0.377000
867 0.382000
868 0.384000
869 0.385000
870 0.389000
871 0.390000
872 0.392000
873 0.393000
874 0.394000
875 0.395000
879 0.397000
880 0.400000
882 0.401000
883 0.404000
884 0.406000
885 0.408000
886 0.410000
887 0.412000
888 0.418000
889 0.420000
890 0.423000
893 0.425000
894 0.427000
895 0.428000
896 0.430000
897 0.431000
898 0.434000
899 0.438000
900 0.442000
901 0.444000
902 0.448000
904 0.450000
905 0.453000
906 0.455000
908 0.457000
909 0.459000
911 0.460000
912 0.462000
913 0.464000
914 0.467000
915 0.469000
916 0.471000
917 0.472000
918 0.477000
919 0.481000
920 0.482000
921 0.483000
922 0.486000
923 0.488000
924 0.490000
925 0.493000
926 0.494000
927 0.497000
928 0.501000
929 0.503000
930 0.504000
931 0.509000
934 0.511000
935 0.512000
936 0.514000
937 0.517000
938 0.518000
939 0.520000
941 0.522000
943 0.526000
944 0.527000
945 0.530000
946 0.531000
947 0.532000
948 0.535000
950 0.536000
951 0.539000
952 0.541000
953 0.545000
954 0.546000
955 0.551000
956 0.554000
957 0.557000
958 0.558000
959 0.559000
960 0.563000
961 0.566000
962 0.568000
963 0.569000
964 0.571000
965 0.573000
966 0.575000
967 0.577000
968 0.579000
969 0.580000
970 0.582000
971 0.585000
972 0.588000
973 0.589000
974 0.592000
975 0.593000
976 0.597000
978 0.601000
979 0.602000
980 0.603000
981 0.606000
982 0.609000
983 0.613000
984 0.614000
985 0.617000
986 0.618000
987 0.619000
988 0.621000
989 0.623000
990 0.624000
991 0.630000
992 0.632000
993 0.633000
994 0.634000
995 0.637000
996 0.640000
997 0.642000
998 0.644000
999 0.645000
1000 0.647000
1002 0.651000
1003 0.654000
1004 0.657000
1005 0.660000
1006 0.663000
1007 0.665000
1008 0.667000
1009 0.669000
1010 0.671000
1012 0.675000
1013 0.681000
1014 0.682000
1015 0.683000
1016 0.685000
1017 0.686000
1018 0.687000
1019 0.688000
1020 0.689000
1021 0.692000
1022 0.694000
1023 0.695000
1024 0.702000
1025 0.704000
1026 0.707000
1027 0.708000
1028 0.709000
1030 0.712000
1031 0.714000
1032 0.718000
1033 0.722000
1035 0.724000
1036 0.726000
1037 0.729000
1038 0.730000
1039 0.733000
1040 0.738000
1041 0.739000
1043 0.740000
1045 0.743000
1046 0.746000
1048 0.749000
1050 0.751000
1051 0.752000
1052 0.753000
1053 0.754000
1054 0.755000
1055 0.758000
1056 0.759000
1058 0.761000
1059 0.763000
1060 0.765000
1061 0.766000
1062 0.767000
1063 0.771000
1064 0.773000
1065 0.776000
1066 0.778000
1068 0.779000
1069 0.780000
1070 0.781000
1071 0.784000
1073 0.785000
1074 0.789000
1075 0.791000
1078 0.792000
1079 0.794000
1080 0.797000
1081 0.798000
1082 0.801000
1085 0.804000
1086 0.805000
1089 0.808000
1090 0.809000
1091 0.811000
1092 0.812000
1093 0.816000
1095 0.818000
1097 0.820000
1098 0.823000
1100 0.827000
1101 0.828000
1102 0.830000
1103 0.831000
1105 0.832000
1106 0.834000
1108 0.836000
1109 0.841000
1110 0.844000
1111 0.845000
1112 0.846000
1113 0.847000
1114 0.850000
1116 0.853000
1117 0.855000
1118 0.857000
1119 0.858000
1122 0.861000
1123 0.863000
1124 0.864000
1125 0.866000
1126 0.867000
1127 0.868000
1128 0.869000
1129 0.870000
1130 0.871000
1132 0.872000
1133 0.874000
1134 0.878000
1135 0.880000
1137 0.883000
1140 0.884000
1141 0.885000
1142 0.887000
1143 0.888000
1144 0.891000
1145 0.893000
1146 0.895000
1147 0.898000
1149 0.899000
1150 0.900000
1152 0.902000
1153 0.903000
1154 0.904000
1155 0.905000
1157 0.906000
1158 0.908000
1159 0.910000
1161 0.911000
1162 0.912000
1163 0.913000
1165 0.915000
1168 0.916000
1169 0.917000
1170 0.919000
1171 0.920000
1172 0.921000
1173 0.923000
1174 0.925000
1177 0.926000
1178 0.927000
1180 0.928000
1181 0.930000
1183 0.931000
1186 0.934000
1187 0.936000
1190 0.937000
1192 0.939000
1194 0.940000
1199 0.941000
1200 0.943000
1202 0.944000
1203 0.946000
1204 0.947000
1206 0.948000
1207 0.950000
1208 0.951000
1209 0.952000
1212 0.953000
1213 0.954000
1214 0.955000
1215 0.956000
1217 0.957000
1219 0.958000
1220 0.959000
1221 0.960000
1225 0.961000
1226 0.962000
1228 0.963000
1234 0.964000
1235 0.965000
1236 0.966000
1238 0.967000
1239 0.968000
1240 0.969000
1241 0.970000
1244 0.971000
1246 0.972000
1251 0.973000
1257 0.976000
1259 0.977000
1264 0.979000
1266 0.980000
1268 0.982000
1271 0.983000
1274 0.984000
1280 0.985000
1284 0.986000
1285 0.987000
1294 0.988000
1299 0.989000
1303 0.990000
1309 0.991000
1313 0.992000
1322 0.994000
1335 0.995000
1362 0.996000
1377 0.997000
1384 0.998000
1393 0.999000
1432 1.000000


