207589 0.000000
207589 0.001000
207885 0.002000
208013 0.003000
209448 0.004000
209614 0.005000
209985 0.006000
210219 0.007000
210246 0.008000
210264 0.009000
210366 0.010000
210559 0.011000
210667 0.012000
210821 0.013000
210833 0.014000
210854 0.015000
210932 0.016000
211207 0.017000
211219 0.018000
211318 0.019000
211368 0.020000
211484 0.021000
211601 0.022000
211610 0.023000
211677 0.024000
211741 0.025000
211754 0.026000
211864 0.027000
212016 0.028000
212074 0.029000
212166 0.030000
212358 0.031000
212402 0.032000
212541 0.033000
212806 0.034000
213135 0.035000
213307 0.036000
213310 0.037000
213363 0.038000
213708 0.039000
213780 0.040000
213900 0.041000
213985 0.042000
214896 0.043000
215013 0.044000
215234 0.045000
215319 0.046000
215332 0.047000
215384 0.048000
215554 0.049000
215704 0.050000
216601 0.051000
216670 0.052000
216947 0.053000
221000 0.054000
221333 0.055000
221348 0.056000
221682 0.057000
222114 0.058000
222165 0.059000
222351 0.060000
222571 0.061000
222664 0.062000
222730 0.063000
222762 0.064000
222804 0.065000
222844 0.066000
222849 0.067000
222886 0.068000
222929 0.069000
222931 0.070000
222976 0.071000
222984 0.072000
222988 0.073000
223043 0.074000
223066 0.075000
223079 0.076000
223102 0.077000
223115 0.078000
223118 0.079000
223172 0.080000
223189 0.081000
223220 0.082000
223234 0.083000
223237 0.084000
223238 0.085000
223241 0.086000
223247 0.087000
223324 0.088000
223354 0.089000
223368 0.090000
223426 0.091000
223432 0.092000
223469 0.093000
223583 0.094000
223593 0.095000
223617 0.096000
223632 0.097000
223652 0.098000
223654 0.099000
223674 0.101000
223679 0.102000
223720 0.103000
223797 0.104000
223803 0.105000
223837 0.106000
223869 0.107000
223872 0.108000
223883 0.109000
223912 0.110000
223984 0.111000
224017 0.113000
224065 0.114000
224167 0.115000
224172 0.116000
224190 0.117000
224320 0.119000
224482 0.120000
224485 0.121000
224701 0.122000
224717 0.123000
224740 0.124000
224778 0.125000
224779 0.126000
224782 0.127000
224828 0.128000
224832 0.129000
224877 0.130000
224955 0.131000
225005 0.132000
225021 0.133000
225041 0.134000
225071 0.135000
225084 0.137000
225151 0.138000
225163 0.139000
225215 0.140000
225331 0.141000
225334 0.142000
225351 0.143000
225421 0.144000
225440 0.145000
225464 0.146000
225482 0.147000
225621 0.148000
225635 0.149000
225868 0.150000
225882 0.151000
225977 0.152000
226001 0.153000
226033 0.154000
226055 0.155000
226074 0.156000
226161 0.157000
226166 0.158000
226179 0.159000
226188 0.160000
226209 0.161000
226289 0.162000
226325 0.163000
226342 0.164000
226375 0.165000
226456 0.166000
226504 0.167000
226519 0.168000
226521 0.169000
226535 0.170000
226550 0.171000
226552 0.172000
226553 0.174000
226577 0.175000
226621 0.177000
226668 0.178000
226684 0.179000
226715 0.180000
226732 0.181000
226748 0.182000
226779 0.184000
226788 0.185000
226795 0.186000
226796 0.187000
226807 0.188000
226813 0.189000
226825 0.190000
226831 0.191000
226837 0.192000
226849 0.193000
226857 0.194000
226863 0.195000
226879 0.196000
226885 0.197000
226888 0.198000
226899 0.199000
226907 0.200000
226914 0.201000
226920 0.202000
226928 0.203000
226929 0.204000
226932 0.205000
226933 0.206000
226948 0.207000
226951 0.208000
226955 0.209000
226968 0.210000
226992 0.211000
226997 0.212000
227004 0.213000
227027 0.214000
227035 0.215000
227044 0.216000
227052 0.217000
227053 0.218000
227071 0.219000
227077 0.220000
227079 0.221000
227082 0.222000
227091 0.223000
227094 0.224000
227101 0.225000
227104 0.226000
227109 0.227000
227110 0.228000
227125 0.229000
227137 0.230000
227142 0.231000
227153 0.232000
227154 0.233000
227168 0.234000
227169 0.235000
227177 0.236000
227178 0.237000
227182 0.238000
227189 0.239000
227193 0.240000
227203 0.241000
227207 0.242000
227234 0.243000
227237 0.244000
227240 0.245000
227243 0.246000
227247 0.247000
227254 0.248000
227256 0.249000
227258 0.250000
227273 0.251000
227274 0.252000
227277 0.253000
227282 0.254000
227299 0.255000
227300 0.256000
227313 0.257000
227315 0.258000
227321 0.259000
227330 0.260000
227333 0.261000
227334 0.262000
227337 0.263000
227338 0.265000
227342 0.266000
227344 0.267000
227345 0.268000
227355 0.269000
227360 0.270000
227370 0.271000
227371 0.272000
227377 0.273000
227381 0.274000
227389 0.275000
227398 0.276000
227401 0.277000
227416 0.278000
227419 0.279000
227428 0.280000
227435 0.281000
227439 0.282000
227442 0.283000
227443 0.284000
227448 0.285000
227453 0.286000
227457 0.287000
227460 0.288000
227465 0.289000
227474 0.290000
227478 0.291000
227482 0.292000
227484 0.293000
227493 0.294000
227496 0.295000
227497 0.296000
227501 0.297000
227505 0.298000
227508 0.299000
227523 0.300000
227524 0.302000
227530 0.303000
227531 0.304000
227541 0.305000
227545 0.306000
227546 0.307000
227554 0.308000
227563 0.309000
227569 0.310000
227570 0.311000
227584 0.312000
227587 0.313000
227589 0.314000
227620 0.315000
227621 0.316000
227627 0.317000
227630 0.318000
227635 0.319000
227641 0.320000
227651 0.321000
227657 0.322000
227662 0.324000
227673 0.325000
227678 0.326000
227683 0.327000
227687 0.328000
227699 0.329000
227705 0.330000
227710 0.331000
227716 0.332000
227719 0.333000
227727 0.334000
227735 0.335000
227738 0.337000
227746 0.338000
227753 0.339000
227757 0.340000
227760 0.341000
227765 0.342000
227766 0.343000
227773 0.344000
227774 0.345000
227805 0.346000
227807 0.347000
227812 0.348000
227818 0.349000
227822 0.350000
227824 0.351000
227829 0.352000
227838 0.354000
227857 0.355000
227862 0.357000
227873 0.358000
227874 0.359000
227878 0.360000
227891 0.362000
227909 0.363000
227920 0.364000
227939 0.365000
227947 0.366000
227966 0.367000
227968 0.368000
227974 0.369000
227977 0.370000
227984 0.371000
227991 0.372000
227995 0.373000
228004 0.374000
228008 0.375000
228029 0.376000
228046 0.377000
228059 0.378000
228060 0.379000
228066 0.380000
228071 0.381000
228075 0.382000
228108 0.383000
228119 0.384000
228122 0.385000
228180 0.386000
228190 0.388000
228205 0.389000
228211 0.390000
228216 0.391000
228230 0.392000
228232 0.393000
228235 0.394000
228256 0.395000
228291 0.396000
228320 0.397000
228323 0.398000
228344 0.399000
228346 0.400000
228374 0.401000
228376 0.402000
228415 0.403000
228424 0.404000
228435 0.405000
228443 0.406000
228471 0.408000
228476 0.409000
228507 0.410000
228553 0.411000
228569 0.412000
228595 0.413000
228629 0.414000
228632 0.415000
228673 0.416000
228680 0.417000
228686 0.418000
228714 0.419000
228754 0.420000
228776 0.421000
228802 0.422000
228806 0.423000
228817 0.424000
228821 0.425000
228843 0.426000
228865 0.427000
228881 0.428000
228884 0.430000
228891 0.431000
228928 0.432000
228961 0.433000
228968 0.434000
228969 0.435000
228973 0.436000
229005 0.437000
229012 0.438000
229019 0.439000
229026 0.440000
229043 0.441000
229064 0.442000
229066 0.443000
229078 0.444000
229079 0.445000
229086 0.446000
229088 0.447000
229092 0.448000
229124 0.449000
229136 0.450000
229137 0.451000
229146 0.452000
229152 0.453000
229155 0.454000
229177 0.455000
229186 0.456000
229201 0.457000
229228 0.459000
229258 0.460000
229260 0.461000
229263 0.462000
229291 0.463000
229292 0.464000
229314 0.465000
229316 0.466000
229324 0.467000
229348 0.468000
229357 0.469000
229369 0.470000
229377 0.471000
229388 0.472000
229408 0.473000
229421 0.474000
229436 0.475000
229447 0.476000
229464 0.477000
229468 0.478000
229478 0.479000
229489 0.480000
229512 0.481000
229515 0.482000
229518 0.483000
229528 0.484000
229532 0.486000
229533 0.487000
229541 0.488000
229570 0.489000
229599 0.490000
229600 0.491000
229609 0.492000
229615 0.493000
229628 0.494000
229632 0.495000
229634 0.496000
229648 0.497000
229675 0.498000
229687 0.499000
229719 0.500000
229722 0.501000
229734 0.502000
229741 0.503000
229764 0.504000
229796 0.505000
229815 0.506000
229856 0.507000
229862 0.508000
229870 0.509000
229876 0.510000
229892 0.511000
229954 0.512000
230004 0.513000
230061 0.514000
230064 0.515000
230072 0.516000
230084 0.517000
230129 0.518000
230134 0.519000
230171 0.520000
230223 0.521000
230248 0.522000
230356 0.523000
230382 0.524000
230426 0.525000
230435 0.526000
230447 0.527000
230491 0.528000
230493 0.529000
230510 0.530000
230526 0.531000
230543 0.532000
230561 0.533000
230640 0.534000
230688 0.535000
230736 0.536000
230752 0.537000
230763 0.538000
230826 0.539000
230859 0.540000
230867 0.541000
230868 0.542000
230892 0.543000
230936 0.544000
230938 0.545000
230940 0.546000
230942 0.547000
230977 0.548000
230986 0.549000
230987 0.550000
231006 0.551000
231018 0.552000
231024 0.553000
231056 0.554000
231066 0.555000
231078 0.556000
231093 0.557000
231135 0.558000
231172 0.559000
231177 0.560000
231190 0.561000
231205 0.562000
231227 0.563000
231238 0.564000
231271 0.565000
231289 0.566000
231301 0.567000
231307 0.568000
231322 0.569000
231328 0.570000
231363 0.571000
231376 0.572000
231401 0.573000
231403 0.574000
231407 0.575000
231444 0.576000
231449 0.577000
231453 0.578000
231454 0.579000
231470 0.580000
231476 0.581000
231489 0.582000
231502 0.583000
231556 0.584000
231576 0.585000
231580 0.586000
231588 0.587000
231595 0.588000
231605 0.589000
231610 0.590000
231673 0.591000
231790 0.592000
231816 0.593000
231841 0.594000
231845 0.595000
231867 0.596000
231937 0.597000
232144 0.598000
232173 0.599000
232303 0.600000
232637 0.601000
232695 0.602000
232803 0.603000
232818 0.604000
232904 0.605000
232964 0.606000
232977 0.607000
233179 0.608000
233189 0.609000
233278 0.610000
233498 0.611000
233529 0.612000
233534 0.613000
233538 0.614000
233607 0.615000
233803 0.616000
233903 0.617000
233969 0.618000
234103 0.619000
234374 0.620000
234396 0.621000
234427 0.622000
234738 0.623000
234777 0.624000
234818 0.625000
234846 0.626000
235013 0.627000
235036 0.628000
235038 0.629000
235101 0.630000
235135 0.631000
235168 0.632000
235288 0.633000
235401 0.634000
235410 0.635000
235430 0.636000
235512 0.637000
235552 0.638000
235574 0.639000
235682 0.640000
235770 0.641000
235829 0.642000
235838 0.643000
235916 0.644000
236218 0.645000
236282 0.646000
236970 0.647000
237217 0.648000
237218 0.649000
237479 0.650000
237491 0.651000
237519 0.652000
237651 0.653000
237877 0.654000
238348 0.655000
238515 0.656000
238671 0.657000
238767 0.658000
238989 0.659000
239061 0.660000
239070 0.661000
239209 0.662000
239291 0.663000
239381 0.664000
239405 0.665000
239415 0.666000
239717 0.667000
239881 0.668000
239937 0.669000
240012 0.670000
240039 0.671000
240060 0.672000
240095 0.673000
240172 0.674000
240326 0.675000
240650 0.676000
240737 0.677000
240743 0.678000
241191 0.679000
241233 0.680000
241383 0.681000
241412 0.682000
241515 0.683000
241684 0.684000
241708 0.685000
241721 0.686000
241790 0.687000
241946 0.688000
241960 0.689000
242088 0.690000
242205 0.691000
242257 0.692000
242301 0.693000
242304 0.694000
242331 0.695000
242337 0.696000
242386 0.697000
242470 0.698000
242501 0.699000
242562 0.700000
242577 0.701000
242585 0.702000
242591 0.704000
242598 0.705000
242613 0.706000
242666 0.707000
242686 0.708000
242687 0.709000
242702 0.710000
242773 0.711000
242788 0.712000
242790 0.713000
242823 0.714000
242824 0.715000
242831 0.716000
242880 0.717000
242901 0.718000
242903 0.719000
242915 0.720000
242935 0.721000
242946 0.722000
242964 0.723000
242975 0.724000
242984 0.725000
242995 0.726000
243048 0.727000
243052 0.728000
243088 0.729000
243111 0.730000
243130 0.731000
243180 0.732000
243185 0.733000
243188 0.734000
243195 0.735000
243219 0.736000
243220 0.737000
243234 0.738000
243250 0.739000
243268 0.740000
243270 0.741000
243276 0.742000
243278 0.743000
243283 0.744000
243294 0.745000
243302 0.746000
243309 0.747000
243317 0.748000
243321 0.749000
243326 0.750000
243328 0.751000
243329 0.752000
243334 0.753000
243369 0.754000
243379 0.755000
243380 0.756000
243388 0.757000
243403 0.758000
243411 0.759000
243415 0.762000
243429 0.763000
243434 0.764000
243452 0.765000
243455 0.766000
243458 0.767000
243460 0.768000
243475 0.769000
243484 0.770000
243508 0.771000
243527 0.772000
243530 0.773000
243552 0.774000
243554 0.776000
243562 0.777000
243566 0.778000
243578 0.779000
243613 0.780000
243616 0.781000
243639 0.782000
243671 0.783000
243672 0.784000
243713 0.785000
243714 0.786000
243737 0.787000
243759 0.788000
243764 0.789000
243770 0.790000
243782 0.791000
243807 0.792000
243841 0.793000
243853 0.794000
243873 0.795000
243900 0.796000
243908 0.797000
243909 0.798000
243922 0.799000
243926 0.800000
243968 0.801000
243976 0.802000
243984 0.803000
244051 0.804000
244063 0.805000
244083 0.806000
244105 0.807000
244114 0.808000
244117 0.809000
244131 0.810000
244138 0.811000
244139 0.812000
244150 0.813000
244226 0.814000
244237 0.815000
244240 0.816000
244247 0.817000
244249 0.818000
244288 0.819000
244340 0.820000
244359 0.821000
244386 0.822000
244448 0.823000
244498 0.824000
244535 0.825000
244575 0.826000
244595 0.827000
244611 0.828000
244639 0.829000
244662 0.830000
244715 0.831000
244852 0.832000
244869 0.833000
244885 0.834000
244905 0.835000
244999 0.836000
245019 0.837000
245024 0.838000
245038 0.839000
245056 0.840000
245084 0.841000
245089 0.843000
245106 0.845000
245126 0.846000
245142 0.847000
245146 0.848000
245151 0.849000
245187 0.850000
245222 0.851000
245225 0.852000
245276 0.853000
245289 0.854000
245298 0.855000
245312 0.856000
245332 0.857000
245342 0.858000
245367 0.859000
245382 0.860000
245400 0.861000
245425 0.862000
245446 0.863000
245510 0.864000
245546 0.865000
245599 0.866000
245622 0.867000
245630 0.868000
245635 0.869000
245653 0.870000
245668 0.871000
245673 0.872000
245676 0.873000
245683 0.874000
245685 0.875000
245702 0.876000
245716 0.877000
245720 0.878000
245724 0.879000
245735 0.880000
245853 0.881000
245876 0.883000
245894 0.884000
245900 0.885000
245944 0.886000
245955 0.887000
245986 0.888000
246007 0.889000
246018 0.890000
246023 0.891000
246037 0.892000
246122 0.893000
246158 0.894000
246242 0.895000
246258 0.896000
246329 0.897000
246348 0.898000
246407 0.899000
246471 0.900000
246582 0.901000
246623 0.902000
246675 0.903000
246685 0.904000
246709 0.905000
246754 0.906000
246809 0.907000
246843 0.908000
246897 0.909000
246941 0.910000
246974 0.911000
247013 0.912000
247033 0.913000
247089 0.914000
247105 0.915000
247116 0.916000
247118 0.917000
247128 0.918000
247156 0.919000
247170 0.920000
247197 0.921000
247206 0.922000
247232 0.923000
247261 0.924000
247267 0.925000
247285 0.926000
247311 0.927000
247329 0.928000
247339 0.929000
247347 0.930000
247437 0.931000
247444 0.932000
247568 0.933000
247574 0.934000
247617 0.935000
247632 0.936000
247655 0.937000
247658 0.938000
247696 0.939000
247741 0.941000
247749 0.942000
247784 0.943000
247791 0.944000
247796 0.945000
247811 0.946000
247878 0.947000
247895 0.948000
247917 0.949000
247947 0.950000
247977 0.951000
247985 0.952000
248072 0.953000
248093 0.954000
248146 0.955000
248172 0.956000
248174 0.957000
248238 0.958000
248270 0.959000
248335 0.960000
248407 0.961000
248825 0.962000
248836 0.963000
249003 0.964000
249033 0.965000
249035 0.966000
249067 0.967000
249091 0.968000
249104 0.969000
249193 0.970000
249298 0.971000
249411 0.972000
249680 0.973000
249736 0.974000
250523 0.975000
250787 0.976000
250916 0.977000
250961 0.978000
251074 0.979000
251120 0.980000
251404 0.981000
251448 0.982000
251501 0.983000
251877 0.984000
251909 0.985000
252008 0.986000
252137 0.987000
252997 0.988000
253090 0.989000
253100 0.990000
253215 0.991000
253412 0.992000
253570 0.993000
254036 0.994000
254345 0.995000
254517 0.996000
255159 0.997000
255252 0.998000
255563 0.999000
272784 1.000000


