142000 0.000000
142000 0.000833
142245 0.001667
142715 0.002500
143440 0.003333
143535 0.004167
143658 0.005000
143771 0.005833
143773 0.006667
143845 0.007500
143879 0.008333
143984 0.010000
144006 0.010833
144085 0.011667
144133 0.012500
144162 0.014167
144178 0.015000
144218 0.015833
144261 0.016667
144295 0.017500
144308 0.018333
144374 0.019167
144375 0.020000
144395 0.020833
144410 0.021667
144412 0.022500
144503 0.023333
144518 0.024167
144538 0.025000
144602 0.025833
144776 0.026667
144789 0.027500
144877 0.028333
144992 0.029167
145009 0.030000
145167 0.030833
145172 0.031667
145318 0.032500
145484 0.033333
145643 0.034167
145807 0.035000
145851 0.035833
146033 0.036667
146220 0.037500
146288 0.038333
146485 0.039167
146526 0.040000
146558 0.040833
146563 0.041667
146592 0.042500
146738 0.043333
146776 0.044167
146915 0.045000
146922 0.045833
146937 0.046667
146942 0.047500
146982 0.048333
147034 0.049167
147038 0.050000
147041 0.050833
147054 0.051667
147099 0.052500
147111 0.053333
147123 0.054167
147143 0.055000
147165 0.055833
147186 0.056667
147218 0.057500
147361 0.058333
147368 0.059167
147397 0.060000
147472 0.060833
147513 0.061667
147605 0.062500
147615 0.063333
147634 0.064167
147639 0.065000
147702 0.065833
147709 0.066667
147746 0.067500
147761 0.068333
147816 0.069167
147824 0.070000
147863 0.070833
147872 0.071667
147879 0.072500
147884 0.073333
147930 0.074167
147941 0.075000
147950 0.075833
147952 0.076667
147957 0.077500
147978 0.078333
147979 0.079167
147983 0.080000
148007 0.080833
148031 0.081667
148039 0.082500
148049 0.083333
148066 0.084167
148072 0.085000
148090 0.085833
148125 0.086667
148136 0.087500
148144 0.088333
148150 0.089167
148171 0.090000
148174 0.090833
148212 0.091667
148216 0.092500
148219 0.093333
148225 0.094167
148263 0.095833
148282 0.096667
148287 0.097500
148293 0.098333
148299 0.099167
148303 0.100000
148304 0.100833
148308 0.101667
148311 0.102500
148314 0.103333
148320 0.104167
148323 0.105000
148328 0.105833
148330 0.106667
148331 0.108333
148336 0.109167
148343 0.110000
148347 0.110833
148349 0.111667
148352 0.112500
148353 0.113333
148355 0.114167
148356 0.115000
148362 0.115833
148369 0.117500
148372 0.118333
148377 0.120000
148379 0.120833
148385 0.121667
148395 0.122500
148397 0.123333
148399 0.124167
148401 0.125000
148409 0.125833
148425 0.126667
148428 0.127500
148435 0.128333
148440 0.129167
148451 0.130000
148463 0.131667
148467 0.132500
148471 0.133333
148481 0.134167
148482 0.135000
148486 0.135833
148499 0.136667
148504 0.137500
148507 0.138333
148511 0.139167
148523 0.140000
148531 0.140833
148532 0.141667
148534 0.142500
148539 0.144167
148544 0.145000
148555 0.145833
148563 0.147500
148570 0.148333
148572 0.149167
148577 0.150000
148585 0.150833
148594 0.151667
148596 0.152500
148613 0.153333
148622 0.154167
148631 0.155833
148639 0.156667
148648 0.158333
148653 0.159167
148657 0.160000
148658 0.160833
148663 0.161667
148676 0.162500
148684 0.163333
148690 0.164167
148692 0.165000
148695 0.165833
148696 0.166667
148697 0.167500
148701 0.168333
148702 0.169167
148710 0.170000
148713 0.170833
148728 0.171667
148740 0.172500
148742 0.174167
148745 0.175000
148753 0.175833
148760 0.176667
148768 0.177500
148769 0.178333
148771 0.179167
148788 0.180000
148798 0.180833
148800 0.181667
148801 0.182500
148813 0.183333
148823 0.185000
148831 0.185833
148846 0.186667
148854 0.187500
148868 0.188333
148871 0.189167
148872 0.190000
148873 0.190833
148876 0.191667
148879 0.192500
148881 0.193333
148883 0.194167
148885 0.195000
148889 0.195833
148893 0.196667
148896 0.197500
148904 0.198333
148910 0.199167
148929 0.200000
148931 0.201667
148933 0.202500
148935 0.203333
148942 0.204167
148952 0.205000
148953 0.205833
148967 0.206667
148968 0.207500
148973 0.208333
148980 0.209167
148984 0.210000
148990 0.210833
148991 0.211667
148992 0.212500
148995 0.214167
149003 0.215000
149005 0.215833
149006 0.216667
149008 0.217500
149011 0.219167
149014 0.220000
149022 0.220833
149026 0.222500
149028 0.223333
149038 0.225000
149041 0.225833
149042 0.226667
149043 0.227500
149050 0.228333
149057 0.229167
149065 0.230000
149066 0.230833
149067 0.231667
149074 0.232500
149079 0.233333
149091 0.234167
149094 0.235833
149098 0.236667
149100 0.237500
149103 0.238333
149136 0.239167
149140 0.240000
149167 0.240833
149168 0.241667
149171 0.242500
149184 0.243333
149192 0.244167
149199 0.245000
149208 0.245833
149219 0.246667
149234 0.248333
149240 0.249167
149253 0.250000
149254 0.250833
149257 0.251667
149259 0.252500
149260 0.253333
149262 0.254167
149268 0.255000
149286 0.255833
149287 0.256667
149301 0.257500
149305 0.258333
149309 0.259167
149316 0.260000
149326 0.260833
149331 0.261667
149341 0.262500
149342 0.263333
149347 0.264167
149349 0.265000
149351 0.265833
149352 0.266667
149355 0.267500
149358 0.268333
149359 0.269167
149362 0.270000
149374 0.270833
149377 0.271667
149384 0.272500
149390 0.273333
149407 0.274167
149425 0.275000
149432 0.275833
149447 0.276667
149450 0.277500
149455 0.278333
149458 0.279167
149461 0.280000
149472 0.280833
149492 0.281667
149494 0.282500
149495 0.283333
149514 0.285000
149517 0.285833
149528 0.286667
149532 0.287500
149534 0.288333
149541 0.289167
149548 0.290000
149551 0.290833
149552 0.292500
149559 0.293333
149574 0.294167
149579 0.295000
149582 0.295833
149587 0.297500
149602 0.298333
149610 0.299167
149612 0.300000
149613 0.300833
149615 0.301667
149629 0.302500
149647 0.303333
149653 0.305000
149663 0.305833
149665 0.306667
149676 0.307500
149678 0.308333
149681 0.309167
149688 0.310000
149689 0.310833
149694 0.311667
149724 0.312500
149731 0.313333
149744 0.314167
149761 0.315000
149772 0.315833
149790 0.316667
149801 0.317500
149805 0.318333
149857 0.319167
149890 0.320000
149912 0.320833
149914 0.321667
149915 0.322500
149940 0.323333
149946 0.324167
149948 0.325000
149962 0.325833
149966 0.326667
149971 0.327500
149978 0.328333
149988 0.329167
150022 0.330000
150026 0.330833
150035 0.332500
150038 0.333333
150075 0.334167
150150 0.335000
150152 0.335833
150158 0.336667
150162 0.337500
150202 0.338333
150221 0.339167
150239 0.340000
150244 0.340833
150259 0.341667
150261 0.342500
150275 0.343333
150317 0.344167
150345 0.345000
150360 0.345833
150365 0.346667
150387 0.347500
150430 0.348333
150433 0.349167
150516 0.350000
150517 0.350833
150550 0.351667
150553 0.352500
150560 0.353333
150561 0.354167
150582 0.355000
150605 0.355833
150615 0.356667
150643 0.357500
150648 0.358333
150670 0.359167
150677 0.360000
150720 0.360833
150724 0.361667
150752 0.362500
150769 0.363333
150771 0.364167
150851 0.365000
150856 0.366667
150882 0.367500
150898 0.368333
150916 0.369167
150929 0.370000
150948 0.370833
150977 0.371667
150978 0.372500
151040 0.373333
151042 0.374167
151095 0.375000
151139 0.375833
151197 0.376667
151216 0.377500
151272 0.378333
151277 0.379167
151291 0.380000
151373 0.380833
151378 0.381667
151379 0.382500
151383 0.383333
151404 0.384167
151417 0.385000
151442 0.385833
151453 0.386667
151478 0.387500
151513 0.388333
151526 0.389167
151540 0.390000
151542 0.390833
151550 0.391667
151553 0.392500
151571 0.393333
151574 0.394167
151585 0.395000
151586 0.395833
151613 0.396667
151668 0.397500
151669 0.398333
151673 0.399167
151687 0.400000
151694 0.400833
151705 0.401667
151732 0.402500
151758 0.403333
151764 0.404167
151805 0.405000
151837 0.405833
151849 0.406667
151863 0.407500
151895 0.408333
151907 0.409167
151944 0.410000
151947 0.410833
151948 0.411667
151966 0.412500
151976 0.413333
151981 0.414167
151983 0.415000
152000 0.415833
152001 0.416667
152019 0.417500
152028 0.418333
152029 0.419167
152030 0.420000
152034 0.420833
152057 0.422500
152071 0.423333
152080 0.424167
152127 0.425000
152133 0.425833
152137 0.426667
152158 0.427500
152187 0.428333
152199 0.429167
152208 0.430000
152209 0.430833
152220 0.431667
152224 0.432500
152259 0.433333
152274 0.434167
152283 0.435000
152322 0.435833
152326 0.436667
152330 0.437500
152332 0.439167
152334 0.440000
152340 0.441667
152366 0.442500
152385 0.443333
152418 0.444167
152428 0.445000
152435 0.445833
152457 0.446667
152463 0.447500
152473 0.448333
152483 0.449167
152495 0.450000
152508 0.450833
152516 0.452500
152518 0.453333
152519 0.454167
152523 0.455000
152524 0.455833
152537 0.456667
152540 0.457500
152574 0.458333
152575 0.459167
152590 0.460000
152605 0.460833
152607 0.462500
152615 0.463333
152627 0.464167
152631 0.465000
152632 0.465833
152633 0.466667
152640 0.467500
152644 0.468333
152645 0.470000
152661 0.470833
152662 0.471667
152667 0.472500
152668 0.473333
152675 0.475833
152684 0.476667
152692 0.478333
152695 0.479167
152714 0.480000
152715 0.480833
152729 0.481667
152739 0.482500
152740 0.483333
152747 0.485000
152756 0.485833
152757 0.486667
152759 0.487500
152760 0.488333
152768 0.489167
152769 0.490000
152772 0.490833
152773 0.491667
152777 0.492500
152780 0.493333
152783 0.494167
152791 0.495833
152796 0.496667
152797 0.497500
152803 0.498333
152806 0.499167
152810 0.500000
152812 0.500833
152814 0.501667
152831 0.502500
152844 0.504167
152846 0.505000
152847 0.505833
152849 0.506667
152850 0.507500
152857 0.508333
152858 0.509167
152866 0.510000
152868 0.510833
152873 0.511667
152874 0.512500
152875 0.513333
152877 0.514167
152881 0.515000
152886 0.515833
152900 0.516667
152902 0.517500
152906 0.518333
152919 0.519167
152923 0.520833
152924 0.521667
152930 0.523333
152932 0.524167
152937 0.525000
152938 0.525833
152943 0.526667
152950 0.527500
152957 0.528333
152958 0.529167
152959 0.530000
152965 0.530833
152972 0.531667
152975 0.532500
152980 0.533333
152982 0.534167
152986 0.535000
152995 0.535833
152996 0.536667
153005 0.537500
153012 0.538333
153020 0.539167
153022 0.540000
153023 0.540833
153028 0.541667
153029 0.542500
153038 0.543333
153039 0.544167
153046 0.545000
153047 0.545833
153060 0.546667
153068 0.547500
153069 0.548333
153071 0.549167
153072 0.550000
153075 0.550833
153079 0.551667
153082 0.553333
153087 0.554167
153093 0.555000
153097 0.555833
153100 0.557500
153112 0.559167
153118 0.560000
153120 0.560833
153123 0.561667
153138 0.562500
153144 0.563333
153146 0.564167
153155 0.565000
153161 0.565833
153162 0.566667
153166 0.567500
153168 0.568333
153169 0.569167
153173 0.570000
153181 0.570833
153184 0.571667
153188 0.572500
153191 0.573333
153192 0.574167
153197 0.575000
153199 0.575833
153204 0.576667
153205 0.577500
153213 0.578333
153219 0.579167
153221 0.580000
153240 0.580833
153242 0.582500
153245 0.583333
153249 0.584167
153264 0.585000
153266 0.586667
153270 0.587500
153271 0.588333
153284 0.589167
153286 0.590833
153298 0.591667
153302 0.592500
153303 0.595000
153307 0.595833
153308 0.596667
153309 0.597500
153313 0.598333
153314 0.599167
153317 0.600000
153318 0.600833
153322 0.601667
153328 0.602500
153330 0.603333
153334 0.604167
153337 0.605000
153342 0.606667
153346 0.607500
153363 0.608333
153364 0.609167
153367 0.610000
153374 0.610833
153377 0.611667
153381 0.613333
153389 0.614167
153391 0.615000
153392 0.615833
153394 0.616667
153396 0.617500
153409 0.618333
153413 0.619167
153414 0.620000
153415 0.620833
153421 0.621667
153425 0.622500
153435 0.623333
153439 0.624167
153445 0.625000
153452 0.625833
153459 0.626667
153460 0.627500
153467 0.628333
153471 0.629167
153476 0.630000
153478 0.630833
153480 0.631667
153481 0.632500
153486 0.634167
153491 0.635000
153500 0.635833
153502 0.636667
153508 0.638333
153509 0.639167
153519 0.640000
153522 0.642500
153523 0.643333
153526 0.644167
153530 0.645000
153533 0.645833
153540 0.648333
153549 0.649167
153558 0.650000
153566 0.650833
153571 0.651667
153573 0.652500
153576 0.653333
153577 0.654167
153581 0.655833
153583 0.656667
153584 0.657500
153588 0.658333
153590 0.659167
153597 0.660000
153600 0.660833
153603 0.661667
153605 0.662500
153612 0.663333
153633 0.664167
153634 0.665000
153636 0.665833
153637 0.666667
153647 0.667500
153648 0.668333
153649 0.669167
153650 0.670000
153653 0.670833
153664 0.671667
153669 0.672500
153675 0.673333
153676 0.674167
153677 0.675000
153679 0.675833
153684 0.676667
153685 0.677500
153700 0.678333
153706 0.679167
153713 0.680000
153716 0.681667
153726 0.682500
153732 0.683333
153733 0.684167
153745 0.685000
153750 0.685833
153757 0.686667
153763 0.687500
153764 0.688333
153767 0.689167
153768 0.690000
153783 0.690833
153789 0.691667
153797 0.692500
153807 0.693333
153835 0.694167
153839 0.695000
153841 0.695833
153852 0.696667
153861 0.697500
153868 0.698333
153873 0.699167
153881 0.700000
153890 0.700833
153899 0.701667
153905 0.702500
153909 0.703333
153910 0.704167
153920 0.705000
153921 0.705833
153923 0.706667
153925 0.707500
153937 0.708333
153939 0.709167
153942 0.710000
153948 0.710833
153961 0.711667
153991 0.712500
153995 0.713333
153996 0.714167
154004 0.715000
154006 0.715833
154007 0.716667
154011 0.717500
154012 0.718333
154028 0.719167
154031 0.720000
154069 0.720833
154075 0.721667
154108 0.722500
154122 0.723333
154129 0.724167
154131 0.725000
154132 0.725833
154140 0.726667
154148 0.727500
154158 0.728333
154164 0.729167
154207 0.730000
154209 0.730833
154210 0.731667
154240 0.732500
154244 0.733333
154262 0.734167
154263 0.735000
154270 0.735833
154274 0.736667
154292 0.737500
154304 0.738333
154325 0.740000
154332 0.740833
154333 0.741667
154340 0.742500
154371 0.743333
154374 0.744167
154376 0.745000
154377 0.745833
154389 0.746667
154409 0.747500
154415 0.748333
154439 0.749167
154450 0.750000
154463 0.750833
154467 0.751667
154518 0.752500
154550 0.753333
154552 0.754167
154553 0.755000
154586 0.755833
154587 0.756667
154600 0.757500
154624 0.758333
154670 0.759167
154682 0.760000
154712 0.760833
154725 0.761667
154786 0.762500
154791 0.763333
154808 0.764167
154823 0.765000
154848 0.765833
154873 0.766667
154893 0.767500
154922 0.770000
154931 0.770833
154938 0.771667
154965 0.772500
154999 0.773333
155001 0.774167
155005 0.775000
155022 0.775833
155057 0.776667
155074 0.777500
155075 0.778333
155092 0.779167
155152 0.780000
155228 0.780833
155253 0.781667
155254 0.782500
155285 0.783333
155318 0.784167
155346 0.785000
155383 0.785833
155396 0.786667
155399 0.787500
155520 0.788333
155603 0.789167
155620 0.790000
155681 0.790833
155687 0.791667
155699 0.792500
155723 0.793333
155777 0.794167
155816 0.795000
156070 0.795833
156072 0.796667
156308 0.797500
156311 0.798333
156313 0.799167
156330 0.800000
156336 0.800833
156337 0.801667
156398 0.802500
156532 0.803333
156555 0.804167
156607 0.805000
156625 0.805833
156653 0.806667
156788 0.807500
156855 0.808333
157168 0.809167
157419 0.810000
157456 0.810833
157759 0.811667
157779 0.812500
157810 0.813333
159496 0.814167
162079 0.815000
166924 0.815833
167378 0.816667
167396 0.817500
167881 0.818333
168267 0.819167
168358 0.820000
168729 0.820833
168793 0.821667
168967 0.822500
169051 0.823333
169228 0.824167
169396 0.825000
169503 0.825833
169555 0.826667
169577 0.827500
169707 0.828333
169776 0.829167
169793 0.830000
169821 0.830833
169842 0.831667
169852 0.832500
169854 0.833333
169880 0.834167
169917 0.835000
170001 0.835833
170002 0.836667
170020 0.837500
170044 0.838333
170093 0.839167
170108 0.840000
170132 0.840833
170137 0.841667
170142 0.842500
170177 0.843333
170181 0.844167
170215 0.845000
170229 0.845833
170298 0.846667
170329 0.847500
170364 0.848333
170454 0.849167
170458 0.850000
170472 0.850833
170476 0.851667
170490 0.852500
170491 0.853333
170495 0.854167
170500 0.855000
170506 0.855833
170517 0.856667
170531 0.857500
170544 0.858333
170662 0.859167
170794 0.860000
170797 0.860833
170809 0.861667
170828 0.862500
170915 0.863333
170944 0.864167
170972 0.865000
171030 0.865833
171037 0.866667
171079 0.867500
171158 0.868333
171300 0.869167
171304 0.870000
171577 0.870833
171593 0.871667
171622 0.872500
171687 0.873333
171825 0.874167
171917 0.875000
171971 0.875833
171993 0.876667
172086 0.877500
172111 0.878333
172536 0.879167
172551 0.880000
172805 0.880833
172860 0.881667
172904 0.882500
173001 0.883333
173074 0.884167
173461 0.885000
173699 0.885833
173752 0.886667
173973 0.887500
173989 0.888333
174148 0.889167
174256 0.890000
174297 0.890833
174530 0.891667
174564 0.892500
174837 0.893333
174883 0.894167
174929 0.895000
174935 0.895833
174974 0.896667
174977 0.897500
175129 0.898333
175184 0.899167
175188 0.900000
175197 0.900833
175207 0.901667
175230 0.902500
175269 0.903333
175280 0.904167
175285 0.905000
175366 0.905833
175405 0.906667
175474 0.907500
175475 0.908333
175479 0.909167
175492 0.910000
175541 0.910833
175594 0.911667
175596 0.912500
175607 0.913333
175608 0.914167
175626 0.915000
175632 0.915833
175647 0.916667
175662 0.917500
175663 0.918333
175677 0.919167
175683 0.920000
175691 0.920833
175710 0.921667
175804 0.922500
175805 0.923333
175813 0.924167
175814 0.925000
175838 0.925833
175850 0.926667
175869 0.927500
175871 0.928333
175873 0.929167
175879 0.930000
175883 0.930833
175889 0.931667
175903 0.932500
175914 0.933333
175948 0.934167
175952 0.935000
175967 0.935833
175983 0.936667
176008 0.937500
176064 0.938333
176068 0.940000
176072 0.940833
176085 0.941667
176099 0.942500
176109 0.943333
176113 0.944167
176120 0.945000
176161 0.945833
176169 0.946667
176199 0.948333
176218 0.949167
176221 0.950000
176230 0.950833
176248 0.951667
176273 0.952500
176280 0.953333
176283 0.954167
176311 0.955000
176313 0.955833
176324 0.956667
176331 0.957500
176338 0.958333
176350 0.959167
176355 0.960000
176359 0.960833
176362 0.961667
176363 0.962500
176372 0.963333
176427 0.964167
176461 0.965000
176462 0.965833
176464 0.966667
176471 0.967500
176475 0.968333
176521 0.969167
176693 0.970000
176742 0.970833
176789 0.971667
176802 0.972500
176912 0.973333
176916 0.974167
177038 0.975000
177074 0.975833
177083 0.976667
177174 0.977500
177379 0.978333
177535 0.979167
177642 0.980000
177673 0.980833
177693 0.981667
177769 0.982500
178080 0.983333
178125 0.984167
178302 0.985000
178761 0.985833
179381 0.986667
181097 0.987500
182451 0.988333
182496 0.989167
182661 0.990000
182816 0.990833
183203 0.991667
183909 0.992500
183944 0.993333
184467 0.994167
186339 0.995000
186691 0.995833
188992 0.996667
204104 0.997500
204267 0.998333
205817 0.999167
209241 1.000000


