813401 0.000000
813401 0.001000
941424 0.002000
1012992 0.003000
1059513 0.004000
1084287 0.005000
1094811 0.006000
1095274 0.007000
1109054 0.008000
1133991 0.009000
1139551 0.010000
1176883 0.011000
1209445 0.012000
1288046 0.013000
1305821 0.014000
1308786 0.015000
1314936 0.016000
1322409 0.017000
1326543 0.018000
1327831 0.019000
1360499 0.020000
1367993 0.021000
1411391 0.022000
1450482 0.023000
1456906 0.024000
1466628 0.025000
1485872 0.026000
1502955 0.027000
1504915 0.028000
1546385 0.029000
1577097 0.030000
1602336 0.031000
1609855 0.032000
1618718 0.033000
1635696 0.034000
1644634 0.035000
1659864 0.036000
1661145 0.037000
1664099 0.038000
1677230 0.039000
1678216 0.040000
1718708 0.041000
1722943 0.042000
1725401 0.043000
1739529 0.044000
1740371 0.045000
1740669 0.046000
1745961 0.047000
1748053 0.048000
1764756 0.049000
1774233 0.050000
1811467 0.051000
1819719 0.052000
1830180 0.053000
1847268 0.054000
1849662 0.055000
1850818 0.056000
1857923 0.057000
1862382 0.058000
1872560 0.059000
1884223 0.060000
1889329 0.061000
1890868 0.062000
1893745 0.063000
1913221 0.064000
1920353 0.065000
1924234 0.066000
1958150 0.067000
1966387 0.068000
1971097 0.069000
1976852 0.070000
1987541 0.071000
1989777 0.072000
2003314 0.073000
2006006 0.074000
2010127 0.075000
2012674 0.076000
2016898 0.077000
2023502 0.078000
2031530 0.079000
2032355 0.080000
2042138 0.081000
2047506 0.082000
2047939 0.083000
2048530 0.084000
2054946 0.085000
2055151 0.086000
2059126 0.087000
2060533 0.088000
2062792 0.089000
2063164 0.090000
2063426 0.091000
2068007 0.092000
2071319 0.093000
2071767 0.094000
2075706 0.095000
2080868 0.096000
2081120 0.097000
2085263 0.098000
2090066 0.099000
2093707 0.100000
2095691 0.101000
2106634 0.102000
2110931 0.103000
2117441 0.104000
2118060 0.105000
2122538 0.106000
2127081 0.107000
2127246 0.108000
2134024 0.109000
2135528 0.110000
2142965 0.111000
2143255 0.112000
2143956 0.113000
2151901 0.114000
2153252 0.115000
2153533 0.116000
2153815 0.117000
2153925 0.118000
2156709 0.119000
2162977 0.120000
2172417 0.121000
2178128 0.122000
2180754 0.123000
2188961 0.124000
2195789 0.125000
2198807 0.126000
2202378 0.127000
2203204 0.128000
2203813 0.129000
2205029 0.130000
2211206 0.131000
2211601 0.132000
2211628 0.133000
2212660 0.134000
2214021 0.135000
2214837 0.136000
2221482 0.137000
2221713 0.138000
2224852 0.139000
2225335 0.140000
2225411 0.141000
2227160 0.142000
2232175 0.143000
2234621 0.144000
2236412 0.145000
2237403 0.146000
2245235 0.147000
2245346 0.148000
2247037 0.149000
2247722 0.150000
2249997 0.151000
2251942 0.152000
2254940 0.153000
2256100 0.154000
2256261 0.155000
2257361 0.156000
2259199 0.157000
2259837 0.158000
2260306 0.159000
2262328 0.160000
2264142 0.161000
2269532 0.162000
2269645 0.163000
2269843 0.164000
2270572 0.165000
2270633 0.166000
2272451 0.167000
2272494 0.168000
2274566 0.169000
2274839 0.170000
2277742 0.171000
2278113 0.172000
2278627 0.173000
2279219 0.174000
2281990 0.175000
2282674 0.176000
2283112 0.177000
2286126 0.178000
2286824 0.179000
2287993 0.180000
2295729 0.181000
2295754 0.182000
2297295 0.183000
2298083 0.184000
2298674 0.185000
2298825 0.186000
2300260 0.187000
2300312 0.188000
2301570 0.189000
2306245 0.190000
2306805 0.191000
2308828 0.192000
2310429 0.193000
2310508 0.194000
2311154 0.195000
2311301 0.196000
2311867 0.197000
2313044 0.198000
2314523 0.199000
2315738 0.200000
2316272 0.201000
2318356 0.202000
2318855 0.203000
2320270 0.204000
2322397 0.205000
2322739 0.206000
2322741 0.207000
2323856 0.208000
2324458 0.209000
2324501 0.210000
2325131 0.211000
2325938 0.212000
2326764 0.213000
2330996 0.214000
2331761 0.215000
2332145 0.216000
2332667 0.217000
2333848 0.218000
2334699 0.219000
2338532 0.220000
2339624 0.221000
2339883 0.222000
2340624 0.223000
2341633 0.224000
2341865 0.225000
2342111 0.226000
2343717 0.227000
2345976 0.228000
2346239 0.229000
2346699 0.230000
2348243 0.231000
2349973 0.232000
2350783 0.233000
2351330 0.234000
2351593 0.235000
2351616 0.236000
2351869 0.237000
2352244 0.238000
2353442 0.239000
2355171 0.240000
2356297 0.241000
2357801 0.242000
2357997 0.243000
2358390 0.244000
2359136 0.245000
2359611 0.246000
2360100 0.247000
2360209 0.248000
2360502 0.249000
2360688 0.250000
2360926 0.251000
2360928 0.252000
2362307 0.253000
2362765 0.254000
2363818 0.255000
2363979 0.256000
2364860 0.257000
2365137 0.258000
2367812 0.259000
2367817 0.260000
2367902 0.261000
2367957 0.262000
2368701 0.263000
2369997 0.264000
2370334 0.265000
2370499 0.266000
2371732 0.267000
2374830 0.268000
2375705 0.269000
2376434 0.270000
2376770 0.271000
2378080 0.272000
2378451 0.273000
2381250 0.274000
2381864 0.275000
2384063 0.276000
2384138 0.277000
2384362 0.278000
2385189 0.279000
2385674 0.280000
2385895 0.281000
2386610 0.282000
2387813 0.283000
2389195 0.284000
2389278 0.285000
2390984 0.286000
2391446 0.287000
2391722 0.288000
2392419 0.289000
2393141 0.290000
2393399 0.291000
2393483 0.292000
2393793 0.293000
2394409 0.294000
2394576 0.295000
2395080 0.296000
2395155 0.297000
2395590 0.298000
2395627 0.299000
2395799 0.300000
2397510 0.301000
2397614 0.302000
2397621 0.303000
2398324 0.304000
2398354 0.305000
2398780 0.306000
2399042 0.307000
2400958 0.308000
2401026 0.309000
2402133 0.310000
2402350 0.311000
2406300 0.312000
2408136 0.313000
2408371 0.314000
2409125 0.315000
2409323 0.316000
2410082 0.317000
2410472 0.318000
2410905 0.319000
2412109 0.320000
2412566 0.321000
2412854 0.322000
2412951 0.323000
2412997 0.324000
2413110 0.325000
2414231 0.326000
2415273 0.327000
2415299 0.328000
2416105 0.329000
2416377 0.330000
2417004 0.331000
2417648 0.332000
2417655 0.333000
2418054 0.334000
2419245 0.335000
2419794 0.336000
2419929 0.337000
2420531 0.338000
2420629 0.339000
2420791 0.340000
2421059 0.341000
2421747 0.342000
2422509 0.343000
2423829 0.344000
2426316 0.345000
2426510 0.346000
2426798 0.347000
2427096 0.348000
2427306 0.349000
2427362 0.350000
2427598 0.351000
2427673 0.352000
2428020 0.353000
2428826 0.354000
2429108 0.355000
2429132 0.356000
2429133 0.357000
2429363 0.358000
2429585 0.359000
2429834 0.360000
2429984 0.361000
2430929 0.362000
2430971 0.363000
2431574 0.364000
2434516 0.365000
2434616 0.366000
2435432 0.367000
2436372 0.368000
2436434 0.369000
2436865 0.370000
2436889 0.371000
2436979 0.372000
2437054 0.373000
2437403 0.374000
2438104 0.375000
2438648 0.376000
2439695 0.377000
2439892 0.378000
2440342 0.379000
2440365 0.380000
2440395 0.381000
2441124 0.382000
2441455 0.383000
2441764 0.384000
2441931 0.385000
2441938 0.386000
2442189 0.387000
2442464 0.388000
2442868 0.389000
2443399 0.390000
2444178 0.391000
2445033 0.392000
2445755 0.393000
2446530 0.394000
2447289 0.395000
2447412 0.396000
2448768 0.397000
2448891 0.398000
2449339 0.399000
2449503 0.400000
2449592 0.401000
2449659 0.402000
2450422 0.403000
2450533 0.404000
2450718 0.405000
2450782 0.406000
2450886 0.407000
2450905 0.408000
2451648 0.409000
2452246 0.410000
2452838 0.411000
2453326 0.412000
2453646 0.413000
2455195 0.414000
2455650 0.415000
2458247 0.416000
2458340 0.417000
2459262 0.418000
2459355 0.419000
2459458 0.420000
2460541 0.421000
2460716 0.422000
2460990 0.423000
2461004 0.424000
2461803 0.425000
2462404 0.426000
2463975 0.427000
2464611 0.428000
2466398 0.429000
2469660 0.430000
2470115 0.431000
2470880 0.432000
2471689 0.433000
2472082 0.434000
2472248 0.435000
2472514 0.436000
2472796 0.437000
2473130 0.438000
2473377 0.439000
2473399 0.440000
2473499 0.441000
2473810 0.442000
2474034 0.443000
2474840 0.444000
2475541 0.445000
2475579 0.446000
2475594 0.447000
2475905 0.448000
2476881 0.449000
2477047 0.450000
2477374 0.451000
2479194 0.452000
2480553 0.453000
2480640 0.454000
2480813 0.455000
2481519 0.456000
2483789 0.457000
2484823 0.458000
2485075 0.459000
2485140 0.460000
2485152 0.461000
2485532 0.462000
2488458 0.463000
2489920 0.464000
2490135 0.465000
2490222 0.466000
2490418 0.467000
2490815 0.468000
2490907 0.469000
2492258 0.470000
2492338 0.471000
2492363 0.472000
2492854 0.473000
2493536 0.474000
2493587 0.475000
2493696 0.476000
2493703 0.477000
2493708 0.478000
2493796 0.479000
2494095 0.480000
2494510 0.481000
2494626 0.482000
2495880 0.483000
2496391 0.484000
2496865 0.485000
2497196 0.486000
2497402 0.487000
2499105 0.488000
2499302 0.489000
2500020 0.490000
2500494 0.491000
2500566 0.492000
2500635 0.493000
2500786 0.494000
2501268 0.495000
2501790 0.496000
2501810 0.497000
2502134 0.498000
2502677 0.499000
2503067 0.500000
2503372 0.501000
2503543 0.502000
2504385 0.503000
2505463 0.504000
2505734 0.505000
2506727 0.506000
2507244 0.507000
2507251 0.508000
2507947 0.509000
2508542 0.510000
2508588 0.511000
2508591 0.512000
2509027 0.513000
2509674 0.514000
2510701 0.515000
2510736 0.516000
2510812 0.517000
2511468 0.518000
2512033 0.519000
2513773 0.520000
2514352 0.521000
2514532 0.522000
2514982 0.523000
2514984 0.524000
2515535 0.525000
2518184 0.526000
2518236 0.527000
2519520 0.528000
2520385 0.529000
2520517 0.530000
2520914 0.531000
2521302 0.532000
2522556 0.533000
2522632 0.534000
2522694 0.535000
2523013 0.536000
2523718 0.537000
2524916 0.538000
2525581 0.539000
2526432 0.540000
2527009 0.541000
2527047 0.542000
2527350 0.543000
2527459 0.544000
2527968 0.545000
2528089 0.546000
2529397 0.547000
2530158 0.548000
2530615 0.549000
2531177 0.550000
2531315 0.551000
2531635 0.552000
2531929 0.553000
2531984 0.554000
2531994 0.555000
2532266 0.556000
2532505 0.557000
2532924 0.558000
2534009 0.559000
2534484 0.560000
2534507 0.561000
2534554 0.562000
2534997 0.563000
2535967 0.564000
2536209 0.565000
2536664 0.566000
2537599 0.567000
2537915 0.568000
2537982 0.569000
2538313 0.570000
2539013 0.571000
2539814 0.572000
2540391 0.573000
2540812 0.574000
2541999 0.575000
2542617 0.576000
2542902 0.577000
2543080 0.578000
2543116 0.579000
2543195 0.580000
2543289 0.581000
2544901 0.582000
2544987 0.583000
2545041 0.584000
2545882 0.585000
2546359 0.586000
2546763 0.587000
2547978 0.588000
2548005 0.589000
2548760 0.590000
2548888 0.591000
2550439 0.592000
2550687 0.593000
2551387 0.594000
2551489 0.595000
2551862 0.596000
2552116 0.597000
2552458 0.598000
2552845 0.599000
2553336 0.600000
2553382 0.601000
2553433 0.602000
2553748 0.603000
2554355 0.604000
2554640 0.605000
2555167 0.606000
2555514 0.607000
2555970 0.608000
2556314 0.609000
2556895 0.610000
2557857 0.611000
2559436 0.612000
2559556 0.613000
2559952 0.614000
2560059 0.615000
2560558 0.616000
2560885 0.617000
2560928 0.618000
2561238 0.619000
2562103 0.620000
2563045 0.621000
2563778 0.622000
2564438 0.623000
2564728 0.624000
2564864 0.625000
2565310 0.626000
2565673 0.627000
2567152 0.628000
2567221 0.629000
2568526 0.630000
2569372 0.631000
2570053 0.632000
2570536 0.633000
2570599 0.634000
2571542 0.635000
2571574 0.636000
2571578 0.637000
2572493 0.638000
2573167 0.639000
2573934 0.640000
2575195 0.641000
2575284 0.642000
2575418 0.643000
2576005 0.644000
2577553 0.645000
2577930 0.646000
2578248 0.647000
2578969 0.648000
2579563 0.649000
2579692 0.650000
2579948 0.651000
2580119 0.652000
2580788 0.653000
2580872 0.654000
2580969 0.655000
2581645 0.656000
2583118 0.657000
2583706 0.658000
2584052 0.659000
2584082 0.660000
2584201 0.661000
2585037 0.662000
2586415 0.663000
2586580 0.664000
2588060 0.665000
2588228 0.666000
2589068 0.667000
2590174 0.668000
2590259 0.669000
2590458 0.670000
2590673 0.671000
2590959 0.672000
2591570 0.673000
2591786 0.674000
2591810 0.675000
2592191 0.676000
2592310 0.677000
2592426 0.678000
2592513 0.679000
2592833 0.680000
2592890 0.681000
2593382 0.682000
2596071 0.683000
2596364 0.684000
2596533 0.685000
2596574 0.686000
2598661 0.687000
2599064 0.688000
2599358 0.689000
2599546 0.690000
2600023 0.691000
2600107 0.692000
2600210 0.693000
2600416 0.694000
2601017 0.695000
2601074 0.696000
2601364 0.697000
2602103 0.698000
2603512 0.699000
2605750 0.700000
2606038 0.701000
2606218 0.702000
2607103 0.703000
2607150 0.704000
2607497 0.705000
2609434 0.706000
2609472 0.707000
2609511 0.708000
2610052 0.709000
2610083 0.710000
2610085 0.711000
2611244 0.712000
2611992 0.713000
2612261 0.714000
2613204 0.715000
2613640 0.716000
2614599 0.717000
2614841 0.718000
2615062 0.719000
2615426 0.720000
2615917 0.721000
2616020 0.722000
2616304 0.723000
2616853 0.724000
2617177 0.725000
2619097 0.726000
2620317 0.727000
2620884 0.728000
2621642 0.729000
2621820 0.730000
2623851 0.731000
2624151 0.732000
2624201 0.733000
2624267 0.734000
2624306 0.735000
2625348 0.736000
2625708 0.737000
2625824 0.738000
2626647 0.739000
2627804 0.740000
2629057 0.741000
2629926 0.742000
2630073 0.743000
2630205 0.744000
2631625 0.745000
2633653 0.746000
2634851 0.747000
2634959 0.748000
2635304 0.749000
2636111 0.750000
2636440 0.751000
2636809 0.752000
2637053 0.753000
2637560 0.754000
2638234 0.755000
2638617 0.756000
2638742 0.757000
2640781 0.758000
2641288 0.759000
2642106 0.760000
2642116 0.761000
2642279 0.762000
2643542 0.763000
2644923 0.764000
2645548 0.765000
2645570 0.766000
2645874 0.767000
2646232 0.768000
2646496 0.769000
2646737 0.770000
2646762 0.771000
2646776 0.772000
2647650 0.773000
2647828 0.774000
2647955 0.775000
2648206 0.776000
2648432 0.777000
2649178 0.778000
2649593 0.779000
2649743 0.780000
2650675 0.781000
2650786 0.782000
2652357 0.783000
2652887 0.784000
2653039 0.785000
2655374 0.786000
2655842 0.787000
2656287 0.788000
2656378 0.789000
2656707 0.790000
2657427 0.791000
2657736 0.792000
2657746 0.793000
2657944 0.794000
2658370 0.795000
2658609 0.796000
2659328 0.797000
2659368 0.798000
2659609 0.799000
2659689 0.800000
2661381 0.801000
2661802 0.802000
2662385 0.803000
2662504 0.804000
2662508 0.805000
2662874 0.806000
2662989 0.807000
2664015 0.808000
2664288 0.809000
2664409 0.810000
2665172 0.811000
2666510 0.812000
2666919 0.813000
2667288 0.814000
2667562 0.815000
2667590 0.816000
2667834 0.817000
2668099 0.818000
2668484 0.819000
2668933 0.820000
2669040 0.821000
2669235 0.822000
2669574 0.823000
2672300 0.824000
2673080 0.825000
2673089 0.826000
2673116 0.827000
2675403 0.828000
2676477 0.829000
2677386 0.830000
2677397 0.831000
2678098 0.832000
2678806 0.833000
2679348 0.834000
2680111 0.835000
2681620 0.836000
2681696 0.837000
2681742 0.838000
2681782 0.839000
2684891 0.840000
2685216 0.841000
2686967 0.842000
2687494 0.843000
2687996 0.844000
2688487 0.845000
2690718 0.846000
2691408 0.847000
2693250 0.848000
2693967 0.849000
2696038 0.850000
2696523 0.851000
2697173 0.852000
2697291 0.853000
2697497 0.854000
2698801 0.855000
2699133 0.856000
2699362 0.857000
2699781 0.858000
2701686 0.859000
2701927 0.860000
2703687 0.861000
2705208 0.862000
2705863 0.863000
2709391 0.864000
2710684 0.865000
2710913 0.866000
2711853 0.867000
2712195 0.868000
2713020 0.869000
2714025 0.870000
2714278 0.871000
2714422 0.872000
2714503 0.873000
2714970 0.874000
2715882 0.875000
2716264 0.876000
2718174 0.877000
2718234 0.878000
2719991 0.879000
2720176 0.880000
2721414 0.881000
2723511 0.882000
2725954 0.883000
2726923 0.884000
2727598 0.885000
2728645 0.886000
2730078 0.887000
2730116 0.888000
2730370 0.889000
2730442 0.890000
2730663 0.891000
2732191 0.892000
2732812 0.893000
2733558 0.894000
2734311 0.895000
2734337 0.896000
2735927 0.897000
2736329 0.898000
2736515 0.899000
2736824 0.900000
2737456 0.901000
2740130 0.902000
2740205 0.903000
2740658 0.904000
2742032 0.905000
2742912 0.906000
2743562 0.907000
2744239 0.908000
2744773 0.909000
2744998 0.910000
2745287 0.911000
2746557 0.912000
2746592 0.913000
2750165 0.914000
2750469 0.915000
2750845 0.916000
2752209 0.917000
2752574 0.918000
2753441 0.919000
2754630 0.920000
2754772 0.921000
2756518 0.922000
2756777 0.923000
2759454 0.924000
2761171 0.925000
2761492 0.926000
2762022 0.927000
2762230 0.928000
2762811 0.929000
2763793 0.930000
2764528 0.931000
2764712 0.932000
2765051 0.933000
2767112 0.934000
2767717 0.935000
2769173 0.936000
2771870 0.937000
2772004 0.938000
2772253 0.939000
2772648 0.940000
2773764 0.941000
2775203 0.942000
2775566 0.943000
2776930 0.944000
2779121 0.945000
2779174 0.946000
2780895 0.947000
2782348 0.948000
2783264 0.949000
2784133 0.950000
2784440 0.951000
2784536 0.952000
2788344 0.953000
2792738 0.954000
2793928 0.955000
2794864 0.956000
2797850 0.957000
2798089 0.958000
2800567 0.959000
2801244 0.960000
2805550 0.961000
2810345 0.962000
2814246 0.963000
2816162 0.964000
2817507 0.965000
2819564 0.966000
2820317 0.967000
2824012 0.968000
2824149 0.969000
2824472 0.970000
2825534 0.971000
2831698 0.972000
2832151 0.973000
2832641 0.974000
2837512 0.975000
2843143 0.976000
2846043 0.977000
2847308 0.978000
2851305 0.979000
2854551 0.980000
2856621 0.981000
2860564 0.982000
2863246 0.983000
2865101 0.984000
2866327 0.985000
2869932 0.986000
2872136 0.987000
2875422 0.988000
2878311 0.989000
2880059 0.990000
2880251 0.991000
2889601 0.992000
2892232 0.993000
2897714 0.994000
2900872 0.995000
2903549 0.996000
2908227 0.997000
2910219 0.998000
2921119 0.999000
2994345 1.000000


