541938 0.000000
541938 0.001000
559992 0.002000
573139 0.003000
578931 0.004000
589107 0.005000
612104 0.006000
625379 0.007000
631060 0.008000
650034 0.009000
668816 0.010000
676378 0.011000
685147 0.012000
687929 0.013000
691991 0.014000
692142 0.015000
692226 0.016000
695422 0.017000
695646 0.018000
702485 0.019000
711724 0.020000
729522 0.021000
730058 0.022000
736607 0.023000
742578 0.024000
745827 0.025000
750488 0.026000
751219 0.027000
754166 0.028000
756719 0.029000
758376 0.030000
763124 0.031000
771436 0.032000
781215 0.033000
789370 0.034000
789417 0.035000
801182 0.036000
806532 0.037000
808041 0.038000
811957 0.039000
813932 0.040000
814141 0.041000
814941 0.042000
828256 0.043000
846164 0.044000
851838 0.045000
855505 0.046000
856957 0.047000
864241 0.048000
864772 0.049000
868126 0.050000
868295 0.051000
871092 0.052000
871544 0.053000
872783 0.054000
875191 0.055000
880598 0.056000
881809 0.057000
895619 0.058000
896375 0.059000
900541 0.060000
903344 0.061000
914209 0.062000
914477 0.063000
915809 0.064000
917696 0.065000
919058 0.066000
920510 0.067000
921026 0.068000
921830 0.069000
925523 0.070000
928321 0.071000
929255 0.072000
931138 0.073000
933572 0.074000
937300 0.075000
937331 0.076000
937638 0.077000
937916 0.078000
942892 0.079000
944769 0.080000
949159 0.081000
949568 0.082000
952322 0.083000
953163 0.084000
955960 0.085000
958875 0.086000
959867 0.087000
962399 0.088000
970844 0.089000
972878 0.090000
974505 0.091000
976264 0.092000
976442 0.093000
980437 0.094000
983769 0.095000
984829 0.096000
985892 0.097000
986270 0.098000
989678 0.099000
991719 0.100000
991975 0.101000
993616 0.102000
997169 0.103000
998715 0.104000
1000475 0.105000
1001411 0.106000
1002222 0.107000
1002869 0.108000
1005646 0.109000
1006538 0.110000
1008448 0.111000
1008625 0.112000
1012115 0.113000
1012857 0.114000
1015199 0.115000
1018333 0.116000
1018386 0.117000
1020758 0.118000
1022592 0.119000
1025449 0.120000
1030746 0.121000
1030817 0.122000
1032969 0.123000
1033612 0.124000
1033735 0.125000
1034640 0.126000
1036963 0.127000
1037650 0.128000
1040105 0.129000
1040166 0.130000
1041257 0.131000
1042248 0.132000
1042772 0.133000
1046675 0.134000
1047380 0.135000
1049012 0.136000
1052194 0.137000
1053475 0.138000
1054655 0.139000
1059047 0.140000
1061101 0.141000
1062001 0.142000
1062160 0.143000
1063288 0.144000
1064625 0.145000
1067156 0.146000
1067431 0.147000
1068473 0.148000
1071468 0.149000
1071982 0.150000
1072033 0.151000
1074724 0.152000
1075066 0.153000
1077642 0.154000
1078505 0.155000
1079197 0.156000
1079242 0.157000
1083727 0.158000
1085943 0.159000
1086866 0.160000
1089659 0.161000
1093483 0.162000
1095521 0.163000
1098684 0.164000
1101008 0.165000
1101409 0.166000
1101435 0.167000
1104770 0.168000
1105770 0.169000
1105820 0.170000
1106690 0.171000
1108848 0.172000
1111399 0.173000
1111741 0.174000
1112935 0.175000
1113434 0.176000
1116559 0.177000
1116721 0.178000
1117027 0.179000
1117876 0.180000
1118007 0.181000
1118983 0.182000
1120105 0.183000
1120254 0.184000
1122209 0.185000
1123215 0.186000
1123940 0.187000
1124002 0.188000
1124144 0.189000
1125098 0.190000
1126378 0.191000
1128725 0.192000
1128954 0.193000
1129169 0.194000
1129566 0.195000
1132053 0.196000
1132250 0.197000
1134064 0.198000
1135800 0.199000
1136003 0.200000
1137080 0.201000
1137137 0.202000
1137384 0.203000
1139252 0.204000
1139337 0.205000
1140798 0.206000
1140978 0.207000
1141094 0.208000
1143668 0.209000
1146060 0.210000
1147508 0.211000
1147689 0.212000
1147751 0.213000
1147815 0.214000
1148890 0.215000
1149552 0.216000
1151769 0.217000
1152654 0.218000
1158885 0.219000
1161392 0.220000
1162152 0.221000
1162386 0.222000
1163276 0.223000
1166544 0.224000
1166963 0.225000
1167964 0.226000
1171610 0.227000
1173329 0.228000
1173772 0.229000
1174049 0.230000
1175795 0.231000
1177748 0.232000
1180328 0.233000
1182880 0.234000
1183177 0.235000
1185178 0.236000
1186779 0.237000
1189496 0.238000
1189616 0.239000
1191531 0.240000
1191618 0.241000
1193012 0.242000
1193379 0.243000
1193447 0.244000
1193603 0.245000
1193983 0.246000
1195007 0.247000
1200115 0.248000
1202494 0.249000
1207271 0.250000
1207568 0.251000
1207859 0.252000
1208124 0.253000
1208566 0.254000
1209234 0.255000
1209897 0.256000
1211908 0.257000
1214263 0.258000
1217542 0.259000
1218754 0.260000
1218890 0.261000
1219262 0.262000
1219357 0.263000
1222323 0.264000
1222572 0.265000
1222953 0.266000
1223456 0.267000
1223823 0.268000
1224818 0.269000
1226091 0.270000
1226106 0.271000
1229005 0.272000
1230258 0.273000
1231019 0.274000
1231139 0.275000
1233609 0.276000
1234267 0.277000
1235805 0.278000
1238451 0.279000
1239428 0.280000
1240011 0.281000
1241439 0.282000
1241552 0.283000
1242151 0.284000
1242284 0.285000
1245419 0.286000
1246880 0.287000
1247398 0.288000
1247744 0.289000
1248494 0.290000
1249987 0.291000
1250274 0.292000
1251910 0.293000
1252040 0.294000
1252125 0.295000
1252259 0.296000
1253701 0.297000
1254110 0.298000
1254367 0.299000
1254383 0.300000
1254388 0.301000
1255608 0.302000
1257279 0.303000
1258484 0.304000
1259525 0.305000
1260284 0.306000
1260822 0.307000
1261848 0.308000
1261862 0.309000
1263517 0.310000
1264398 0.311000
1265843 0.312000
1265970 0.313000
1266660 0.314000
1268342 0.315000
1268753 0.316000
1268768 0.317000
1270304 0.318000
1271293 0.319000
1272131 0.320000
1273205 0.321000
1273344 0.322000
1275799 0.323000
1279216 0.324000
1279288 0.325000
1280125 0.326000
1281605 0.327000
1281777 0.328000
1283064 0.329000
1283648 0.330000
1284472 0.331000
1287646 0.332000
1287863 0.333000
1291841 0.334000
1295375 0.335000
1295576 0.336000
1296075 0.337000
1298109 0.338000
1298132 0.339000
1300952 0.340000
1301197 0.341000
1303027 0.342000
1303038 0.343000
1303706 0.344000
1305242 0.345000
1305592 0.346000
1306143 0.347000
1306538 0.348000
1308449 0.349000
1308820 0.350000
1310482 0.351000
1310933 0.352000
1311342 0.353000
1313662 0.354000
1313953 0.355000
1315377 0.356000
1315592 0.357000
1318392 0.358000
1320302 0.359000
1320638 0.360000
1321475 0.361000
1321856 0.362000
1323476 0.363000
1325404 0.364000
1327325 0.365000
1327381 0.366000
1329798 0.367000
1330592 0.368000
1331221 0.369000
1331523 0.370000
1336764 0.371000
1337025 0.372000
1338548 0.373000
1338716 0.374000
1338890 0.375000
1339177 0.376000
1340645 0.377000
1343186 0.378000
1344116 0.379000
1346123 0.380000
1346959 0.381000
1349246 0.382000
1351045 0.383000
1351099 0.384000
1351416 0.385000
1352048 0.386000
1352488 0.387000
1353267 0.388000
1353798 0.389000
1354242 0.390000
1355522 0.391000
1355628 0.392000
1356049 0.393000
1357054 0.394000
1357266 0.395000
1358157 0.396000
1359539 0.397000
1362632 0.398000
1362883 0.399000
1362911 0.400000
1363272 0.401000
1363351 0.402000
1366229 0.403000
1367051 0.404000
1367390 0.405000
1368959 0.406000
1369876 0.407000
1372410 0.408000
1372766 0.409000
1373784 0.410000
1373815 0.411000
1373880 0.412000
1373994 0.413000
1375113 0.414000
1375533 0.415000
1376216 0.416000
1376298 0.417000
1376905 0.418000
1377580 0.419000
1377599 0.420000
1378142 0.421000
1379993 0.422000
1381092 0.423000
1381144 0.424000
1381499 0.425000
1382737 0.426000
1384116 0.427000
1385143 0.428000
1385588 0.429000
1387229 0.430000
1387353 0.431000
1387738 0.432000
1387998 0.433000
1388043 0.434000
1388311 0.435000
1388518 0.436000
1388917 0.437000
1389239 0.438000
1390745 0.439000
1391274 0.440000
1391611 0.441000
1392269 0.442000
1392300 0.443000
1393997 0.444000
1394213 0.445000
1394339 0.446000
1395373 0.447000
1395753 0.448000
1395845 0.449000
1398160 0.451000
1398343 0.452000
1398392 0.453000
1399994 0.454000
1400696 0.455000
1400805 0.456000
1400826 0.457000
1403740 0.458000
1406327 0.459000
1407551 0.460000
1407759 0.461000
1408099 0.462000
1408229 0.463000
1409599 0.464000
1409844 0.465000
1410208 0.466000
1410252 0.467000
1411173 0.468000
1412060 0.469000
1412225 0.470000
1412557 0.471000
1414424 0.472000
1414607 0.473000
1415326 0.474000
1415419 0.475000
1416122 0.476000
1417189 0.477000
1421530 0.478000
1421768 0.479000
1421770 0.480000
1421830 0.481000
1422411 0.482000
1422720 0.483000
1424784 0.484000
1425822 0.485000
1426653 0.486000
1427627 0.487000
1428120 0.488000
1430975 0.489000
1431318 0.490000
1431573 0.491000
1431813 0.492000
1432195 0.493000
1432398 0.494000
1433064 0.495000
1435198 0.496000
1437365 0.497000
1438171 0.498000
1438206 0.499000
1438736 0.500000
1438902 0.501000
1440152 0.502000
1440611 0.503000
1441142 0.504000
1442322 0.505000
1442819 0.506000
1443529 0.507000
1443701 0.508000
1444673 0.509000
1445239 0.510000
1446032 0.511000
1446168 0.512000
1446454 0.513000
1446639 0.514000
1448950 0.515000
1449238 0.516000
1449397 0.517000
1450367 0.518000
1453625 0.519000
1454495 0.520000
1454572 0.521000
1454584 0.522000
1454655 0.523000
1456539 0.524000
1456721 0.525000
1457485 0.526000
1458751 0.527000
1459113 0.528000
1459396 0.529000
1460387 0.530000
1460421 0.531000
1460457 0.532000
1461421 0.533000
1461598 0.534000
1461620 0.535000
1461824 0.536000
1462979 0.537000
1463268 0.538000
1463311 0.539000
1464541 0.540000
1465084 0.541000
1465767 0.542000
1466478 0.543000
1469451 0.544000
1469829 0.545000
1470671 0.546000
1471472 0.547000
1473540 0.548000
1474102 0.549000
1474311 0.550000
1475072 0.551000
1475961 0.552000
1476002 0.553000
1476595 0.554000
1477450 0.555000
1477930 0.556000
1477966 0.557000
1479286 0.558000
1479320 0.559000
1480630 0.560000
1481017 0.561000
1482603 0.562000
1483856 0.563000
1484719 0.564000
1485581 0.565000
1485969 0.566000
1485973 0.567000
1486043 0.568000
1486247 0.569000
1486586 0.570000
1486959 0.571000
1488987 0.572000
1489065 0.573000
1489913 0.574000
1490482 0.575000
1490999 0.576000
1491852 0.577000
1492215 0.578000
1492275 0.579000
1492743 0.580000
1494456 0.581000
1495852 0.582000
1497275 0.583000
1497420 0.584000
1497661 0.585000
1498371 0.586000
1500049 0.587000
1500367 0.588000
1502939 0.589000
1503617 0.590000
1503963 0.591000
1503973 0.592000
1504230 0.593000
1504730 0.594000
1504972 0.595000
1505625 0.596000
1506716 0.597000
1507123 0.598000
1507323 0.599000
1507420 0.600000
1507791 0.601000
1508641 0.602000
1508797 0.603000
1508902 0.604000
1509262 0.605000
1509863 0.606000
1511496 0.607000
1512510 0.608000
1512592 0.609000
1513311 0.610000
1513667 0.611000
1513714 0.612000
1514461 0.613000
1514713 0.614000
1515052 0.615000
1515136 0.616000
1515783 0.617000
1515856 0.618000
1515972 0.619000
1518080 0.620000
1518744 0.621000
1522069 0.622000
1522638 0.623000
1522670 0.624000
1524671 0.625000
1524891 0.626000
1526461 0.627000
1527953 0.628000
1528027 0.629000
1528073 0.630000
1528257 0.631000
1528653 0.632000
1530010 0.633000
1531298 0.634000
1531378 0.635000
1531853 0.636000
1531933 0.637000
1533116 0.638000
1533385 0.639000
1533455 0.640000
1534818 0.641000
1534853 0.642000
1535334 0.643000
1536327 0.644000
1536641 0.645000
1537152 0.646000
1537613 0.647000
1539313 0.648000
1539960 0.649000
1540067 0.650000
1540778 0.651000
1542176 0.652000
1542684 0.653000
1544035 0.654000
1544357 0.655000
1545312 0.656000
1545907 0.657000
1548749 0.658000
1549448 0.659000
1549813 0.660000
1551508 0.661000
1553761 0.662000
1554670 0.663000
1555226 0.664000
1555894 0.665000
1556863 0.666000
1557719 0.667000
1559797 0.668000
1560236 0.669000
1560907 0.670000
1561290 0.671000
1562880 0.672000
1563303 0.673000
1563947 0.674000
1565961 0.675000
1566800 0.676000
1566889 0.677000
1567280 0.678000
1568648 0.679000
1569973 0.680000
1570968 0.681000
1572405 0.682000
1573658 0.683000
1574254 0.684000
1575044 0.685000
1575253 0.686000
1575270 0.687000
1577113 0.688000
1577542 0.689000
1578834 0.690000
1579073 0.691000
1579074 0.692000
1580649 0.693000
1581554 0.694000
1582081 0.695000
1583177 0.696000
1583218 0.697000
1584249 0.698000
1584303 0.699000
1584371 0.700000
1586083 0.701000
1588023 0.702000
1588257 0.703000
1589225 0.704000
1589343 0.705000
1589708 0.706000
1590896 0.707000
1591219 0.708000
1591757 0.709000
1592373 0.710000
1593413 0.711000
1594530 0.712000
1596041 0.713000
1596948 0.714000
1599687 0.715000
1599751 0.716000
1599857 0.717000
1599939 0.718000
1600909 0.719000
1601788 0.720000
1604418 0.721000
1604541 0.722000
1606724 0.723000
1606949 0.724000
1607298 0.725000
1607536 0.726000
1608407 0.727000
1608935 0.728000
1610448 0.729000
1610791 0.730000
1611152 0.731000
1611875 0.732000
1612023 0.733000
1613143 0.734000
1613235 0.735000
1613382 0.736000
1613616 0.737000
1614460 0.738000
1614557 0.739000
1614581 0.740000
1614815 0.741000
1614847 0.742000
1614870 0.743000
1614969 0.744000
1615402 0.745000
1616088 0.746000
1616174 0.747000
1616559 0.748000
1616875 0.749000
1617479 0.750000
1618230 0.751000
1618469 0.752000
1618545 0.753000
1619441 0.754000
1619641 0.755000
1621344 0.756000
1621609 0.757000
1621662 0.758000
1621843 0.759000
1622016 0.760000
1622432 0.761000
1622625 0.762000
1623028 0.763000
1623936 0.764000
1624284 0.765000
1625176 0.766000
1625804 0.767000
1626039 0.768000
1626919 0.769000
1628483 0.770000
1629777 0.771000
1630686 0.772000
1630870 0.773000
1631011 0.774000
1634865 0.775000
1635937 0.776000
1636001 0.777000
1636064 0.778000
1636102 0.779000
1636586 0.780000
1636735 0.781000
1638532 0.782000
1640604 0.783000
1641061 0.784000
1641496 0.785000
1641997 0.786000
1642775 0.787000
1643411 0.788000
1645982 0.789000
1646399 0.790000
1646495 0.791000
1647691 0.792000
1648774 0.793000
1651383 0.794000
1651556 0.795000
1652521 0.796000
1655663 0.797000
1655728 0.798000
1657393 0.799000
1657599 0.800000
1658432 0.801000
1659411 0.802000
1659588 0.803000
1659689 0.804000
1660779 0.805000
1661299 0.806000
1661315 0.807000
1662316 0.808000
1662602 0.809000
1662759 0.810000
1663516 0.811000
1663961 0.812000
1664496 0.813000
1665044 0.814000
1665521 0.815000
1666149 0.816000
1666348 0.817000
1667065 0.818000
1667785 0.819000
1667962 0.820000
1669595 0.821000
1669623 0.822000
1669976 0.823000
1671939 0.824000
1672011 0.825000
1672221 0.826000
1672252 0.827000
1672421 0.828000
1674141 0.829000
1675090 0.830000
1675092 0.831000
1675959 0.832000
1676551 0.833000
1677835 0.834000
1678997 0.835000
1680081 0.836000
1680281 0.837000
1681930 0.838000
1682657 0.839000
1683458 0.840000
1683688 0.841000
1685852 0.842000
1686352 0.843000
1686759 0.844000
1686814 0.845000
1688757 0.846000
1690687 0.847000
1690811 0.848000
1691303 0.849000
1692308 0.850000
1693510 0.851000
1694665 0.852000
1694810 0.853000
1695488 0.854000
1696578 0.855000
1697345 0.856000
1700051 0.857000
1700169 0.858000
1702260 0.859000
1702747 0.860000
1703466 0.861000
1704916 0.862000
1705517 0.863000
1706011 0.864000
1706518 0.865000
1707165 0.866000
1708622 0.867000
1708928 0.868000
1711516 0.869000
1712443 0.870000
1712793 0.871000
1715609 0.872000
1716271 0.873000
1718306 0.874000
1718613 0.875000
1718899 0.876000
1719527 0.877000
1719727 0.878000
1722119 0.879000
1722238 0.880000
1722433 0.881000
1722492 0.882000
1724854 0.883000
1726550 0.884000
1728291 0.885000
1728427 0.886000
1729504 0.887000
1729901 0.888000
1730461 0.889000
1731153 0.890000
1732107 0.891000
1733102 0.892000
1733767 0.893000
1734908 0.894000
1738405 0.895000
1738631 0.896000
1738702 0.897000
1740152 0.898000
1746506 0.899000
1746771 0.900000
1747030 0.901000
1747478 0.902000
1747695 0.903000
1747696 0.904000
1748556 0.905000
1750617 0.906000
1752386 0.907000
1752865 0.908000
1756167 0.909000
1756396 0.910000
1757211 0.911000
1757715 0.912000
1758388 0.913000
1758774 0.914000
1758901 0.915000
1759809 0.916000
1760465 0.917000
1760685 0.918000
1762437 0.919000
1764037 0.920000
1764779 0.921000
1767399 0.922000
1770028 0.923000
1770033 0.924000
1770579 0.925000
1771492 0.926000
1774359 0.927000
1775641 0.928000
1776789 0.929000
1778294 0.930000
1782140 0.931000
1783288 0.932000
1784165 0.933000
1784647 0.934000
1785148 0.935000
1786228 0.936000
1787757 0.937000
1788041 0.938000
1788133 0.939000
1790847 0.940000
1794139 0.941000
1795689 0.942000
1799105 0.943000
1801594 0.944000
1801894 0.945000
1802186 0.946000
1804739 0.947000
1805934 0.948000
1808965 0.949000
1811884 0.950000
1812617 0.951000
1813009 0.952000
1813425 0.953000
1822206 0.954000
1824883 0.955000
1824915 0.956000
1825728 0.957000
1827224 0.958000
1827497 0.959000
1829073 0.960000
1832863 0.961000
1834092 0.962000
1835645 0.963000
1837433 0.964000
1837820 0.965000
1838066 0.966000
1841207 0.967000
1841663 0.968000
1843022 0.969000
1851521 0.970000
1852391 0.971000
1856015 0.972000
1859168 0.973000
1865037 0.974000
1871640 0.975000
1876211 0.976000
1878412 0.977000
1881080 0.978000
1887111 0.979000
1888833 0.980000
1906614 0.981000
1924163 0.982000
1932021 0.983000
1943547 0.984000
1961562 0.985000
1963208 0.986000
1975691 0.987000
1982000 0.988000
2005719 0.989000
2007846 0.990000
2027701 0.991000
2054685 0.992000
2059282 0.993000
2062365 0.994000
2078032 0.995000
2085217 0.996000
2093970 0.997000
2137044 0.998000
2140957 0.999000
2158294 1.000000


390 0.000000
390 0.001000
397 0.002000
402 0.003000
435 0.004000
445 0.005000
449 0.006000
461 0.007000
472 0.008000
490 0.009000
494 0.010000
495 0.011000
499 0.012000
509 0.013000
512 0.014000
513 0.015000
532 0.016000
535 0.017000
539 0.018000
543 0.019000
550 0.020000
552 0.021000
564 0.022000
572 0.023000
575 0.024000
579 0.025000
587 0.026000
592 0.027000
594 0.028000
595 0.029000
607 0.030000
610 0.031000
611 0.032000
614 0.033000
622 0.034000
623 0.035000
626 0.036000
627 0.037000
628 0.038000
641 0.039000
648 0.040000
653 0.041000
654 0.042000
656 0.043000
660 0.044000
665 0.045000
670 0.046000
672 0.047000
673 0.048000
677 0.049000
686 0.050000
694 0.051000
700 0.052000
701 0.053000
704 0.054000
707 0.055000
713 0.056000
715 0.060000
718 0.061000
719 0.062000
724 0.063000
727 0.064000
733 0.066000
741 0.068000
743 0.069000
746 0.070000
747 0.071000
749 0.072000
752 0.074000
760 0.075000
761 0.076000
765 0.077000
768 0.078000
771 0.079000
777 0.080000
780 0.081000
781 0.082000
782 0.083000
784 0.084000
790 0.086000
791 0.088000
793 0.089000
797 0.090000
799 0.091000
802 0.092000
803 0.094000
806 0.096000
807 0.097000
808 0.098000
812 0.099000
813 0.100000
817 0.101000
820 0.102000
821 0.104000
822 0.105000
823 0.106000
826 0.108000
827 0.110000
828 0.111000
830 0.113000
833 0.114000
834 0.115000
836 0.117000
841 0.118000
842 0.121000
843 0.122000
844 0.123000
845 0.124000
847 0.125000
848 0.126000
849 0.127000
850 0.129000
851 0.130000
852 0.132000
853 0.134000
857 0.136000
858 0.138000
859 0.139000
861 0.140000
862 0.141000
864 0.143000
865 0.144000
868 0.145000
870 0.146000
871 0.148000
873 0.149000
876 0.150000
877 0.152000
879 0.153000
880 0.155000
885 0.157000
886 0.158000
888 0.159000
889 0.160000
892 0.162000
893 0.163000
894 0.164000
895 0.165000
896 0.169000
900 0.170000
901 0.171000
906 0.172000
907 0.173000
908 0.175000
911 0.176000
913 0.177000
915 0.178000
916 0.180000
917 0.181000
918 0.182000
920 0.183000
921 0.185000
923 0.186000
924 0.187000
925 0.188000
927 0.189000
931 0.190000
934 0.192000
937 0.193000
940 0.195000
942 0.196000
943 0.197000
944 0.198000
947 0.199000
948 0.200000
949 0.203000
953 0.204000
956 0.205000
957 0.208000
958 0.209000
959 0.211000
960 0.213000
961 0.214000
963 0.215000
966 0.216000
967 0.218000
968 0.219000
969 0.220000
971 0.222000
972 0.224000
974 0.226000
975 0.227000
976 0.228000
977 0.230000
978 0.231000
979 0.233000
980 0.234000
981 0.236000
982 0.237000
983 0.239000
984 0.244000
990 0.246000
991 0.248000
992 0.251000
998 0.253000
999 0.254000
1003 0.256000
1005 0.258000
1006 0.259000
1007 0.260000
1009 0.261000
1010 0.262000
1011 0.263000
1012 0.264000
1014 0.265000
1015 0.266000
1016 0.268000
1017 0.269000
1018 0.271000
1019 0.272000
1021 0.273000
1022 0.278000
1023 0.279000
1024 0.280000
1026 0.281000
1027 0.283000
1028 0.284000
1032 0.285000
1033 0.286000
1035 0.287000
1037 0.289000
1038 0.291000
1039 0.293000
1040 0.295000
1042 0.300000
1044 0.302000
1045 0.303000
1046 0.304000
1048 0.305000
1049 0.306000
1050 0.307000
1051 0.310000
1056 0.311000
1058 0.313000
1061 0.315000
1062 0.316000
1063 0.317000
1064 0.318000
1065 0.320000
1066 0.321000
1068 0.322000
1069 0.324000
1070 0.325000
1071 0.330000
1075 0.332000
1076 0.335000
1078 0.336000
1079 0.337000
1081 0.338000
1083 0.339000
1085 0.340000
1086 0.341000
1087 0.342000
1088 0.343000
1090 0.345000
1091 0.346000
1092 0.347000
1093 0.349000
1096 0.352000
1099 0.353000
1100 0.354000
1101 0.357000
1102 0.358000
1103 0.360000
1104 0.361000
1107 0.362000
1110 0.363000
1111 0.364000
1112 0.366000
1116 0.368000
1117 0.369000
1118 0.371000
1120 0.372000
1122 0.373000
1123 0.374000
1125 0.375000
1126 0.376000
1127 0.377000
1129 0.382000
1130 0.383000
1132 0.386000
1134 0.389000
1135 0.391000
1136 0.392000
1137 0.393000
1138 0.394000
1139 0.396000
1141 0.397000
1142 0.399000
1144 0.400000
1145 0.401000
1146 0.405000
1147 0.406000
1148 0.409000
1150 0.410000
1154 0.412000
1155 0.413000
1156 0.415000
1157 0.419000
1159 0.421000
1160 0.424000
1162 0.428000
1166 0.431000
1167 0.435000
1170 0.437000
1173 0.438000
1174 0.439000
1175 0.440000
1176 0.441000
1177 0.442000
1180 0.444000
1181 0.447000
1184 0.448000
1185 0.449000
1186 0.450000
1187 0.451000
1188 0.452000
1190 0.455000
1191 0.456000
1192 0.458000
1196 0.463000
1198 0.467000
1199 0.468000
1200 0.469000
1201 0.470000
1202 0.474000
1203 0.476000
1205 0.477000
1206 0.478000
1207 0.479000
1208 0.480000
1209 0.483000
1210 0.484000
1211 0.485000
1212 0.487000
1213 0.488000
1214 0.491000
1215 0.493000
1217 0.494000
1220 0.496000
1221 0.499000
1222 0.500000
1223 0.503000
1224 0.505000
1226 0.509000
1228 0.512000
1229 0.514000
1231 0.515000
1233 0.517000
1234 0.519000
1235 0.521000
1236 0.524000
1238 0.526000
1239 0.528000
1240 0.531000
1241 0.532000
1242 0.533000
1243 0.534000
1244 0.535000
1246 0.536000
1247 0.538000
1252 0.540000
1253 0.541000
1254 0.542000
1255 0.543000
1256 0.544000
1257 0.545000
1258 0.549000
1259 0.550000
1260 0.552000
1261 0.553000
1263 0.555000
1264 0.556000
1265 0.560000
1266 0.561000
1267 0.562000
1268 0.564000
1269 0.567000
1272 0.569000
1273 0.570000
1274 0.571000
1275 0.572000
1277 0.574000
1278 0.576000
1279 0.578000
1280 0.582000
1281 0.585000
1282 0.588000
1283 0.589000
1284 0.590000
1285 0.592000
1286 0.594000
1289 0.599000
1290 0.601000
1291 0.604000
1292 0.607000
1293 0.608000
1295 0.611000
1297 0.614000
1298 0.618000
1299 0.619000
1300 0.620000
1301 0.621000
1302 0.622000
1303 0.623000
1304 0.624000
1306 0.629000
1309 0.630000
1310 0.635000
1311 0.636000
1312 0.638000
1313 0.639000
1314 0.640000
1315 0.641000
1316 0.642000
1317 0.643000
1319 0.644000
1320 0.645000
1321 0.647000
1322 0.648000
1323 0.649000
1324 0.650000
1325 0.653000
1328 0.654000
1331 0.655000
1332 0.657000
1333 0.659000
1334 0.661000
1335 0.662000
1336 0.663000
1337 0.666000
1338 0.668000
1339 0.670000
1340 0.671000
1341 0.672000
1342 0.674000
1343 0.675000
1345 0.677000
1346 0.679000
1347 0.680000
1348 0.681000
1350 0.682000
1351 0.683000
1352 0.684000
1354 0.688000
1355 0.689000
1356 0.691000
1358 0.693000
1360 0.694000
1362 0.699000
1363 0.700000
1365 0.702000
1366 0.705000
1368 0.707000
1369 0.710000
1370 0.711000
1371 0.713000
1372 0.714000
1374 0.715000
1375 0.717000
1377 0.721000
1378 0.722000
1379 0.724000
1380 0.726000
1381 0.728000
1382 0.730000
1383 0.732000
1385 0.735000
1388 0.736000
1389 0.737000
1390 0.738000
1391 0.740000
1392 0.742000
1393 0.744000
1394 0.747000
1396 0.748000
1398 0.749000
1399 0.754000
1401 0.756000
1402 0.759000
1403 0.760000
1405 0.761000
1406 0.763000
1407 0.764000
1408 0.766000
1409 0.771000
1410 0.772000
1412 0.773000
1413 0.775000
1414 0.776000
1415 0.777000
1416 0.778000
1418 0.779000
1419 0.780000
1420 0.783000
1422 0.786000
1424 0.789000
1425 0.791000
1426 0.793000
1428 0.794000
1429 0.795000
1430 0.796000
1431 0.799000
1432 0.800000
1433 0.801000
1434 0.802000
1436 0.803000
1439 0.804000
1440 0.806000
1441 0.809000
1442 0.810000
1443 0.812000
1444 0.813000
1445 0.815000
1446 0.817000
1447 0.820000
1448 0.823000
1449 0.824000
1451 0.826000
1453 0.830000
1454 0.832000
1455 0.834000
1456 0.838000
1457 0.839000
1461 0.840000
1462 0.841000
1463 0.842000
1464 0.843000
1465 0.846000
1466 0.848000
1467 0.849000
1468 0.850000
1469 0.851000
1470 0.852000
1472 0.853000
1474 0.855000
1475 0.856000
1476 0.857000
1477 0.859000
1478 0.860000
1479 0.861000
1480 0.864000
1481 0.866000
1482 0.867000
1485 0.869000
1487 0.871000
1488 0.872000
1489 0.873000
1490 0.874000
1491 0.875000
1492 0.877000
1493 0.878000
1494 0.880000
1496 0.882000
1497 0.883000
1499 0.884000
1500 0.886000
1501 0.888000
1502 0.889000
1504 0.891000
1506 0.892000
1507 0.893000
1508 0.894000
1509 0.897000
1510 0.899000
1511 0.900000
1512 0.901000
1513 0.903000
1514 0.904000
1517 0.907000
1518 0.908000
1519 0.909000
1520 0.910000
1525 0.912000
1529 0.913000
1530 0.914000
1531 0.915000
1533 0.916000
1535 0.917000
1537 0.919000
1538 0.920000
1539 0.921000
1540 0.923000
1544 0.925000
1545 0.926000
1547 0.927000
1549 0.928000
1554 0.929000
1555 0.931000
1556 0.932000
1558 0.933000
1560 0.934000
1561 0.935000
1562 0.936000
1563 0.937000
1564 0.938000
1566 0.939000
1568 0.940000
1570 0.941000
1571 0.943000
1572 0.944000
1573 0.945000
1576 0.946000
1578 0.949000
1583 0.950000
1585 0.951000
1586 0.953000
1589 0.954000
1595 0.956000
1598 0.957000
1599 0.959000
1600 0.960000
1613 0.961000
1615 0.962000
1616 0.963000
1621 0.964000
1622 0.965000
1623 0.966000
1625 0.968000
1626 0.971000
1628 0.972000
1629 0.973000
1637 0.974000
1638 0.975000
1640 0.976000
1655 0.977000
1669 0.978000
1676 0.979000
1682 0.980000
1691 0.981000
1698 0.982000
1708 0.983000
1712 0.984000
1713 0.985000
1716 0.986000
1728 0.987000
1738 0.988000
1765 0.989000
1775 0.990000
1776 0.991000
1803 0.992000
1812 0.993000
1820 0.994000
1838 0.995000
1842 0.996000
1846 0.997000
1890 0.998000
1894 0.999000
1965 1.000000


