231795 0.000000
231795 0.001000
232293 0.002000
232467 0.003000
232524 0.004000
232621 0.005000
232898 0.006000
232911 0.007000
232950 0.008000
233037 0.009000
233065 0.010000
233111 0.011000
233186 0.012000
233272 0.013000
233331 0.014000
233336 0.015000
233356 0.016000
233412 0.017000
233415 0.018000
233429 0.019000
233532 0.020000
233593 0.021000
233608 0.022000
233682 0.023000
233727 0.024000
233902 0.025000
233937 0.026000
234053 0.027000
234136 0.028000
234506 0.029000
234510 0.030000
234582 0.031000
234767 0.032000
234924 0.033000
234981 0.034000
234982 0.035000
235154 0.036000
235237 0.037000
235289 0.038000
235339 0.039000
235380 0.040000
235604 0.041000
235648 0.042000
235678 0.043000
235906 0.044000
236016 0.045000
236318 0.046000
236618 0.047000
236649 0.048000
236813 0.049000
236828 0.050000
236868 0.051000
236931 0.053000
236935 0.054000
236987 0.055000
236989 0.056000
236995 0.057000
236996 0.058000
237016 0.059000
237028 0.060000
237107 0.061000
237160 0.062000
237224 0.063000
237252 0.064000
237263 0.065000
237288 0.066000
237340 0.067000
237359 0.068000
237405 0.069000
237450 0.071000
237506 0.072000
237510 0.073000
237538 0.074000
237584 0.075000
237681 0.076000
237708 0.077000
237717 0.078000
237741 0.079000
237753 0.080000
237756 0.081000
237803 0.082000
237854 0.083000
237882 0.084000
237900 0.085000
237909 0.086000
237914 0.087000
237933 0.088000
237935 0.089000
237942 0.090000
237950 0.091000
237957 0.092000
237967 0.093000
238006 0.094000
238020 0.095000
238064 0.096000
238082 0.097000
238166 0.098000
238175 0.099000
238189 0.100000
238321 0.101000
238365 0.102000
238378 0.103000
238400 0.104000
238435 0.105000
238545 0.106000
238546 0.107000
238607 0.108000
238629 0.109000
238772 0.110000
238807 0.111000
238828 0.112000
238838 0.113000
238962 0.114000
239041 0.115000
239053 0.116000
239086 0.117000
239276 0.118000
239323 0.119000
239331 0.120000
239336 0.121000
239361 0.122000
239450 0.123000
239654 0.124000
239837 0.125000
239901 0.126000
240122 0.127000
240208 0.128000
240231 0.129000
240439 0.130000
240472 0.131000
240562 0.132000
240666 0.133000
240684 0.134000
240734 0.135000
240783 0.136000
240789 0.137000
240803 0.138000
240939 0.139000
240972 0.140000
240974 0.141000
241071 0.142000
241085 0.143000
241149 0.144000
241154 0.145000
241269 0.146000
241271 0.147000
241309 0.148000
241348 0.149000
241362 0.150000
241413 0.151000
241438 0.152000
241482 0.153000
241727 0.154000
241961 0.155000
242029 0.156000
242110 0.157000
242278 0.158000
242431 0.159000
242877 0.160000
243212 0.161000
243302 0.162000
243315 0.163000
243430 0.164000
243459 0.165000
243509 0.166000
243578 0.167000
243597 0.168000
243720 0.169000
244354 0.170000
244488 0.171000
246309 0.172000
247219 0.173000
247886 0.174000
248049 0.175000
248180 0.176000
248192 0.177000
248222 0.178000
248242 0.179000
248267 0.180000
248287 0.181000
248312 0.182000
248328 0.183000
248360 0.184000
248459 0.185000
248505 0.186000
248516 0.187000
248553 0.188000
248555 0.189000
248582 0.190000
248589 0.191000
248616 0.192000
248650 0.193000
248655 0.194000
248675 0.195000
248679 0.196000
248699 0.197000
248700 0.198000
248703 0.199000
248730 0.200000
248734 0.201000
248740 0.202000
248741 0.203000
248754 0.204000
248761 0.205000
248768 0.206000
248791 0.207000
248839 0.208000
248883 0.209000
248898 0.210000
248927 0.211000
248931 0.212000
248934 0.213000
248960 0.214000
248964 0.215000
248967 0.216000
248970 0.217000
248994 0.218000
248995 0.219000
249033 0.220000
249096 0.221000
249101 0.222000
249119 0.223000
249228 0.224000
249231 0.225000
249240 0.226000
249271 0.227000
249273 0.228000
249285 0.230000
249301 0.231000
249303 0.232000
249355 0.233000
249417 0.234000
249462 0.235000
249519 0.236000
249564 0.237000
249605 0.238000
249660 0.239000
249661 0.240000
249671 0.241000
249688 0.242000
249716 0.243000
249733 0.244000
249756 0.245000
249800 0.246000
249817 0.247000
249819 0.248000
249879 0.249000
249898 0.250000
249920 0.251000
249929 0.252000
249937 0.253000
249959 0.254000
249997 0.255000
250040 0.256000
250106 0.257000
250107 0.258000
250152 0.259000
250183 0.260000
250217 0.261000
250235 0.262000
250238 0.263000
250248 0.264000
250264 0.265000
250374 0.266000
250386 0.267000
250402 0.268000
250475 0.269000
250478 0.270000
250515 0.271000
250541 0.272000
250550 0.273000
250565 0.274000
250567 0.275000
250573 0.276000
250606 0.277000
250629 0.278000
250634 0.279000
250637 0.280000
250678 0.281000
250695 0.282000
250697 0.283000
250706 0.284000
250710 0.285000
250716 0.286000
250720 0.287000
250728 0.288000
250731 0.289000
250745 0.290000
250746 0.291000
250765 0.292000
250782 0.293000
250803 0.294000
250807 0.295000
250832 0.296000
250840 0.297000
250938 0.298000
250941 0.299000
250943 0.300000
250976 0.302000
250992 0.303000
250995 0.304000
251044 0.305000
251089 0.306000
251093 0.307000
251101 0.308000
251139 0.309000
251150 0.310000
251151 0.311000
251167 0.312000
251194 0.313000
251200 0.314000
251201 0.315000
251217 0.316000
251256 0.317000
251305 0.318000
251321 0.320000
251341 0.321000
251372 0.322000
251405 0.323000
251442 0.324000
251544 0.325000
251581 0.326000
251630 0.327000
251656 0.328000
251661 0.329000
251666 0.330000
251668 0.331000
251695 0.332000
251710 0.333000
251787 0.334000
251862 0.335000
251889 0.336000
251893 0.337000
251933 0.338000
251955 0.339000
251962 0.340000
251963 0.341000
252003 0.342000
252005 0.343000
252032 0.344000
252036 0.345000
252042 0.346000
252054 0.347000
252098 0.348000
252103 0.349000
252111 0.350000
252113 0.351000
252116 0.352000
252119 0.353000
252131 0.354000
252143 0.355000
252168 0.356000
252189 0.357000
252191 0.358000
252193 0.359000
252195 0.360000
252217 0.361000
252224 0.362000
252229 0.363000
252230 0.364000
252234 0.365000
252248 0.366000
252252 0.367000
252256 0.368000
252260 0.369000
252262 0.370000
252267 0.371000
252271 0.372000
252281 0.373000
252298 0.374000
252337 0.375000
252343 0.376000
252346 0.377000
252359 0.378000
252360 0.379000
252363 0.380000
252369 0.381000
252388 0.382000
252391 0.383000
252418 0.384000
252426 0.385000
252427 0.386000
252428 0.387000
252438 0.388000
252461 0.389000
252467 0.390000
252496 0.391000
252525 0.392000
252535 0.393000
252540 0.394000
252542 0.395000
252546 0.396000
252547 0.397000
252553 0.398000
252566 0.399000
252570 0.400000
252587 0.401000
252595 0.402000
252606 0.403000
252616 0.404000
252621 0.405000
252627 0.406000
252630 0.407000
252639 0.408000
252660 0.409000
252661 0.410000
252671 0.411000
252679 0.412000
252685 0.413000
252689 0.414000
252692 0.415000
252703 0.416000
252706 0.417000
252717 0.418000
252720 0.419000
252729 0.420000
252731 0.421000
252740 0.422000
252741 0.423000
252769 0.424000
252779 0.425000
252796 0.426000
252798 0.427000
252805 0.429000
252808 0.431000
252815 0.432000
252825 0.433000
252840 0.434000
252847 0.435000
252848 0.436000
252850 0.437000
252855 0.438000
252868 0.439000
252869 0.440000
252893 0.441000
252908 0.442000
252912 0.443000
252914 0.444000
252924 0.445000
252928 0.446000
252931 0.448000
252935 0.449000
252944 0.450000
252945 0.451000
252956 0.452000
252961 0.453000
252964 0.454000
252990 0.455000
253001 0.456000
253004 0.457000
253007 0.458000
253015 0.459000
253017 0.460000
253028 0.461000
253032 0.462000
253047 0.464000
253048 0.465000
253058 0.466000
253069 0.467000
253075 0.468000
253080 0.469000
253084 0.470000
253091 0.471000
253120 0.472000
253130 0.473000
253135 0.474000
253139 0.475000
253147 0.476000
253148 0.477000
253151 0.478000
253166 0.479000
253177 0.480000
253179 0.481000
253190 0.482000
253191 0.483000
253199 0.484000
253220 0.485000
253240 0.486000
253251 0.487000
253254 0.488000
253257 0.489000
253266 0.490000
253287 0.491000
253302 0.492000
253316 0.494000
253322 0.495000
253338 0.496000
253344 0.497000
253349 0.498000
253395 0.499000
253427 0.500000
253440 0.501000
253468 0.502000
253472 0.504000
253484 0.505000
253502 0.506000
253504 0.507000
253529 0.508000
253556 0.509000
253557 0.510000
253569 0.511000
253585 0.512000
253586 0.513000
253589 0.514000
253613 0.515000
253617 0.516000
253622 0.517000
253673 0.518000
253701 0.519000
253707 0.520000
253740 0.521000
253747 0.522000
253749 0.523000
253756 0.524000
253760 0.525000
253764 0.526000
253825 0.527000
253838 0.528000
253884 0.529000
253917 0.530000
253927 0.531000
253972 0.532000
254016 0.533000
254018 0.534000
254021 0.535000
254050 0.536000
254051 0.537000
254074 0.539000
254086 0.540000
254099 0.541000
254108 0.542000
254117 0.544000
254118 0.545000
254144 0.546000
254153 0.547000
254194 0.548000
254197 0.549000
254238 0.550000
254282 0.551000
254326 0.552000
254329 0.553000
254345 0.554000
254346 0.555000
254399 0.556000
254421 0.557000
254426 0.558000
254436 0.559000
254440 0.560000
254447 0.561000
254471 0.562000
254480 0.563000
254508 0.564000
254510 0.565000
254515 0.566000
254516 0.567000
254534 0.568000
254552 0.569000
254572 0.570000
254585 0.571000
254587 0.572000
254628 0.573000
254636 0.574000
254646 0.575000
254655 0.576000
254662 0.577000
254663 0.578000
254666 0.580000
254677 0.581000
254679 0.582000
254690 0.583000
254700 0.584000
254715 0.585000
254735 0.586000
254739 0.587000
254746 0.588000
254765 0.589000
254776 0.590000
254791 0.591000
254833 0.592000
254854 0.593000
254868 0.594000
254875 0.595000
254901 0.596000
254910 0.597000
254916 0.598000
254926 0.601000
254940 0.602000
254947 0.603000
254972 0.604000
254974 0.605000
254980 0.606000
254995 0.607000
255004 0.608000
255013 0.609000
255036 0.610000
255076 0.611000
255084 0.612000
255094 0.614000
255097 0.615000
255125 0.616000
255138 0.617000
255148 0.618000
255149 0.619000
255151 0.620000
255152 0.621000
255191 0.622000
255218 0.623000
255240 0.624000
255257 0.625000
255261 0.626000
255288 0.627000
255293 0.628000
255297 0.629000
255302 0.630000
255330 0.631000
255369 0.632000
255374 0.633000
255409 0.634000
255423 0.635000
255445 0.636000
255482 0.637000
255497 0.638000
255498 0.639000
255505 0.640000
255518 0.641000
255523 0.642000
255525 0.643000
255554 0.644000
255576 0.645000
255589 0.646000
255615 0.647000
255666 0.648000
255675 0.649000
255688 0.651000
255692 0.652000
255729 0.653000
255747 0.654000
255751 0.655000
255791 0.656000
255794 0.657000
255800 0.658000
255823 0.659000
255832 0.660000
255853 0.661000
255866 0.662000
255874 0.663000
255894 0.664000
255911 0.665000
255913 0.666000
255914 0.667000
255921 0.668000
255944 0.669000
255994 0.670000
256014 0.671000
256029 0.672000
256043 0.673000
256066 0.674000
256070 0.675000
256071 0.676000
256113 0.677000
256121 0.678000
256132 0.679000
256187 0.680000
256210 0.681000
256215 0.682000
256229 0.683000
256230 0.684000
256239 0.685000
256269 0.686000
256290 0.687000
256314 0.688000
256334 0.689000
256351 0.690000
256352 0.691000
256358 0.692000
256370 0.693000
256390 0.694000
256401 0.695000
256405 0.696000
256471 0.697000
256495 0.698000
256510 0.699000
256513 0.700000
256556 0.701000
256565 0.702000
256567 0.703000
256590 0.704000
256593 0.705000
256602 0.706000
256618 0.707000
256630 0.708000
256635 0.709000
256652 0.710000
256669 0.711000
256671 0.712000
256703 0.713000
256726 0.714000
256762 0.715000
256768 0.716000
256772 0.717000
256784 0.718000
256785 0.719000
256829 0.720000
256857 0.721000
256866 0.722000
256874 0.723000
256889 0.724000
256899 0.725000
256928 0.726000
256951 0.727000
256960 0.729000
256971 0.730000
257005 0.731000
257014 0.732000
257059 0.733000
257060 0.734000
257084 0.735000
257085 0.736000
257089 0.737000
257090 0.738000
257114 0.739000
257201 0.740000
257205 0.741000
257252 0.742000
257264 0.743000
257270 0.744000
257364 0.745000
257376 0.746000
257385 0.747000
257404 0.748000
257419 0.749000
257422 0.750000
257440 0.751000
257459 0.752000
257548 0.753000
257592 0.754000
257653 0.755000
257703 0.756000
257729 0.757000
257754 0.758000
257817 0.759000
257854 0.760000
257865 0.761000
257913 0.762000
257919 0.763000
257954 0.764000
257971 0.765000
257985 0.766000
258006 0.767000
258016 0.768000
258218 0.769000
258238 0.770000
258386 0.771000
258389 0.772000
258391 0.773000
258421 0.774000
258494 0.775000
258508 0.776000
258549 0.777000
258610 0.778000
258694 0.779000
258764 0.780000
258804 0.781000
258820 0.782000
258828 0.783000
258830 0.784000
258832 0.785000
258848 0.786000
258951 0.787000
258969 0.788000
258977 0.789000
259005 0.790000
259016 0.791000
259032 0.792000
259062 0.793000
259073 0.794000
259080 0.795000
259264 0.796000
259412 0.797000
259568 0.798000
259586 0.799000
259587 0.800000
259616 0.801000
259688 0.802000
259700 0.803000
259769 0.804000
259823 0.805000
259856 0.806000
260032 0.807000
260103 0.808000
260179 0.809000
260188 0.810000
260254 0.811000
260300 0.812000
260348 0.813000
260375 0.814000
260489 0.815000
260502 0.816000
260539 0.817000
260556 0.818000
260774 0.819000
260828 0.820000
260830 0.821000
260851 0.822000
260907 0.823000
260931 0.824000
261004 0.825000
261047 0.826000
261049 0.827000
261181 0.828000
261191 0.829000
261220 0.830000
261342 0.831000
261412 0.832000
261478 0.833000
261517 0.834000
261601 0.835000
261634 0.836000
261808 0.837000
262089 0.838000
262180 0.839000
262204 0.840000
262287 0.841000
262360 0.842000
262370 0.843000
262452 0.844000
262557 0.845000
262897 0.846000
263017 0.847000
263319 0.848000
263561 0.849000
263563 0.850000
263702 0.851000
264133 0.852000
264419 0.853000
264430 0.854000
264466 0.855000
264762 0.856000
264926 0.857000
264948 0.858000
265272 0.859000
266150 0.860000
266909 0.861000
266953 0.862000
267522 0.863000
267662 0.864000
267989 0.865000
268105 0.866000
268132 0.867000
268151 0.868000
268328 0.869000
268377 0.870000
268445 0.871000
268459 0.872000
268609 0.873000
268628 0.874000
268672 0.875000
268733 0.876000
268749 0.877000
268778 0.878000
268871 0.879000
268883 0.880000
268911 0.881000
268917 0.882000
269046 0.883000
269068 0.884000
269103 0.885000
269147 0.886000
269242 0.887000
269248 0.888000
269258 0.889000
269279 0.890000
269375 0.891000
269412 0.892000
269413 0.893000
269431 0.894000
269464 0.895000
269476 0.896000
269546 0.897000
269668 0.898000
269743 0.899000
269764 0.900000
269818 0.901000
269819 0.902000
269828 0.903000
269870 0.904000
270107 0.905000
270207 0.906000
270230 0.907000
270255 0.908000
270474 0.909000
270530 0.910000
270535 0.911000
270554 0.912000
270642 0.913000
270691 0.914000
270694 0.915000
270699 0.916000
270725 0.917000
270778 0.918000
270869 0.919000
270875 0.920000
270878 0.921000
270976 0.922000
271013 0.923000
271028 0.924000
271043 0.925000
271047 0.926000
271119 0.927000
271153 0.928000
271252 0.929000
271275 0.930000
271351 0.931000
271456 0.932000
271509 0.933000
271534 0.934000
271538 0.935000
271573 0.936000
271668 0.937000
271680 0.938000
271734 0.939000
271744 0.940000
272023 0.941000
272078 0.942000
272159 0.943000
272187 0.944000
272209 0.945000
272414 0.946000
272440 0.947000
272470 0.948000
272576 0.949000
272594 0.950000
272646 0.951000
272648 0.952000
272672 0.953000
272712 0.954000
272713 0.955000
272863 0.956000
272872 0.957000
272888 0.958000
272892 0.959000
273118 0.960000
273151 0.961000
273152 0.962000
273167 0.963000
273170 0.964000
273215 0.965000
273221 0.966000
273335 0.967000
273458 0.968000
273577 0.969000
273660 0.970000
273674 0.971000
273729 0.972000
273978 0.973000
274288 0.974000
274294 0.975000
274773 0.976000
274848 0.977000
274929 0.978000
275257 0.979000
275273 0.980000
275508 0.981000
275632 0.982000
275893 0.983000
276084 0.984000
276692 0.985000
276737 0.986000
276789 0.987000
277055 0.988000
277152 0.989000
278039 0.990000
278158 0.991000
278905 0.992000
279062 0.993000
279226 0.994000
279343 0.995000
280675 0.996000
280760 0.997000
281777 0.998000
282164 0.999000
282944 1.000000


