199130 0.000000
199130 0.001000
225191 0.002000
228194 0.003000
228252 0.004000
229105 0.005000
231581 0.006000
231629 0.007000
232499 0.008000
233987 0.009000
234726 0.010000
235542 0.011000
235656 0.012000
235953 0.013000
236182 0.014000
236503 0.015000
236624 0.016000
236841 0.017000
237057 0.018000
237179 0.019000
237657 0.020000
237742 0.021000
237980 0.022000
238042 0.023000
238055 0.024000
238193 0.025000
238405 0.026000
239033 0.027000
239050 0.028000
239202 0.029000
239248 0.030000
239698 0.031000
239863 0.032000
239870 0.033000
239976 0.034000
240014 0.035000
240060 0.036000
240550 0.037000
240570 0.038000
241053 0.039000
241083 0.040000
241402 0.041000
241431 0.042000
241717 0.043000
241884 0.044000
241999 0.045000
242027 0.046000
242340 0.047000
242367 0.048000
242416 0.049000
242644 0.050000
242710 0.051000
242868 0.052000
242895 0.053000
243163 0.054000
243166 0.055000
243244 0.056000
243460 0.057000
243513 0.058000
243677 0.059000
243870 0.060000
243990 0.061000
244034 0.062000
244302 0.063000
244412 0.064000
244493 0.065000
244592 0.066000
244657 0.067000
244717 0.068000
244930 0.069000
244959 0.070000
245152 0.071000
245355 0.072000
245496 0.073000
245555 0.074000
245616 0.075000
245862 0.076000
246107 0.077000
246495 0.078000
246624 0.079000
246647 0.080000
246688 0.081000
246727 0.082000
246768 0.083000
247024 0.084000
247127 0.085000
247210 0.086000
247294 0.087000
247380 0.088000
247404 0.089000
247498 0.090000
247647 0.091000
247702 0.092000
247844 0.093000
247846 0.094000
247852 0.095000
248009 0.096000
248030 0.097000
248044 0.098000
248062 0.099000
248130 0.100000
248233 0.101000
248390 0.102000
248396 0.103000
248416 0.104000
248477 0.105000
248608 0.106000
248687 0.107000
248744 0.108000
248761 0.109000
248817 0.110000
248861 0.111000
248923 0.112000
249072 0.113000
249135 0.114000
249280 0.115000
249431 0.116000
249530 0.117000
249774 0.118000
249859 0.119000
249925 0.120000
249945 0.121000
249947 0.122000
250084 0.123000
250114 0.124000
250142 0.125000
250315 0.126000
250357 0.127000
250405 0.128000
250442 0.129000
250460 0.130000
250463 0.131000
250514 0.132000
250617 0.133000
250667 0.134000
250681 0.135000
250699 0.136000
250716 0.137000
250897 0.138000
250902 0.139000
250963 0.140000
251031 0.141000
251036 0.142000
251119 0.143000
251157 0.144000
251220 0.145000
251264 0.146000
251405 0.147000
251447 0.148000
251599 0.149000
251610 0.150000
251616 0.151000
251771 0.152000
251857 0.153000
251876 0.154000
251888 0.155000
251936 0.156000
251945 0.157000
251948 0.158000
251962 0.159000
252017 0.160000
252038 0.161000
252101 0.162000
252131 0.163000
252231 0.164000
252369 0.165000
252418 0.166000
252443 0.167000
252451 0.168000
252494 0.169000
252505 0.170000
252531 0.171000
252642 0.172000
252688 0.173000
252715 0.174000
252719 0.175000
252736 0.176000
252771 0.177000
252793 0.178000
252917 0.179000
253006 0.180000
253133 0.181000
253150 0.182000
253151 0.183000
253212 0.184000
253235 0.185000
253261 0.187000
253284 0.188000
253358 0.189000
253401 0.190000
253446 0.191000
253465 0.192000
253598 0.193000
253742 0.194000
253804 0.195000
253820 0.196000
253838 0.197000
254007 0.198000
254021 0.199000
254029 0.200000
254068 0.201000
254123 0.202000
254260 0.203000
254269 0.204000
254284 0.205000
254301 0.206000
254320 0.207000
254376 0.209000
254402 0.210000
254522 0.211000
254555 0.212000
254577 0.213000
254587 0.214000
254603 0.215000
254678 0.216000
254717 0.217000
254755 0.218000
254817 0.219000
254833 0.220000
254841 0.221000
254846 0.222000
255010 0.223000
255011 0.224000
255013 0.225000
255072 0.226000
255204 0.227000
255208 0.228000
255211 0.229000
255222 0.230000
255240 0.231000
255281 0.232000
255333 0.233000
255342 0.234000
255372 0.235000
255464 0.236000
255488 0.237000
255543 0.238000
255619 0.239000
255725 0.240000
255732 0.241000
255830 0.242000
255839 0.243000
255851 0.244000
255931 0.245000
255980 0.246000
256026 0.247000
256047 0.248000
256055 0.249000
256076 0.250000
256080 0.251000
256143 0.252000
256246 0.253000
256254 0.254000
256276 0.255000
256386 0.256000
256465 0.257000
256490 0.258000
256502 0.259000
256509 0.260000
256529 0.261000
256627 0.263000
256722 0.264000
256736 0.265000
256775 0.266000
256810 0.267000
256826 0.268000
256840 0.269000
256880 0.270000
256940 0.271000
256944 0.272000
257243 0.273000
257318 0.274000
257326 0.275000
257339 0.276000
257414 0.277000
257415 0.278000
257458 0.279000
257489 0.280000
257519 0.281000
257577 0.282000
257600 0.283000
257621 0.284000
257640 0.285000
257653 0.286000
257694 0.287000
257701 0.288000
257719 0.289000
257738 0.290000
257772 0.291000
257832 0.292000
257870 0.293000
257945 0.294000
257987 0.295000
258002 0.296000
258035 0.297000
258057 0.298000
258094 0.299000
258174 0.300000
258196 0.301000
258224 0.302000
258302 0.303000
258314 0.304000
258326 0.305000
258327 0.306000
258344 0.307000
258349 0.308000
258414 0.309000
258458 0.310000
258538 0.311000
258557 0.312000
258574 0.313000
258585 0.314000
258590 0.315000
258624 0.316000
258629 0.317000
258651 0.318000
258673 0.320000
258681 0.321000
258694 0.322000
258726 0.323000
258777 0.324000
258792 0.325000
258798 0.326000
258813 0.327000
258819 0.328000
258823 0.329000
258856 0.330000
258921 0.331000
258944 0.332000
258948 0.333000
259021 0.334000
259147 0.335000
259151 0.336000
259198 0.337000
259300 0.338000
259419 0.339000
259426 0.340000
259453 0.341000
259491 0.342000
259497 0.343000
259564 0.344000
259610 0.345000
259658 0.346000
259702 0.347000
259754 0.348000
259850 0.349000
259852 0.350000
260013 0.351000
260063 0.352000
260075 0.353000
260115 0.354000
260123 0.355000
260138 0.356000
260183 0.357000
260230 0.358000
260310 0.359000
260316 0.360000
260322 0.361000
260354 0.362000
260394 0.363000
260397 0.364000
260398 0.365000
260593 0.366000
260698 0.367000
260721 0.368000
260727 0.369000
260845 0.370000
260872 0.371000
260876 0.372000
260889 0.374000
261013 0.375000
261043 0.376000
261061 0.377000
261074 0.378000
261142 0.379000
261251 0.380000
261313 0.381000
261323 0.382000
261357 0.383000
261384 0.384000
261406 0.385000
261434 0.386000
261485 0.387000
261562 0.388000
261579 0.389000
261655 0.390000
261662 0.391000
261734 0.392000
261821 0.393000
261837 0.394000
261844 0.395000
261851 0.396000
261855 0.397000
261930 0.398000
261935 0.399000
261967 0.400000
261981 0.401000
262012 0.402000
262017 0.403000
262086 0.404000
262146 0.405000
262162 0.406000
262176 0.407000
262200 0.408000
262204 0.409000
262221 0.410000
262229 0.411000
262251 0.412000
262406 0.413000
262428 0.414000
262448 0.415000
262472 0.416000
262549 0.417000
262557 0.418000
262640 0.419000
262669 0.420000
262700 0.421000
262715 0.422000
262739 0.423000
262779 0.424000
262810 0.425000
262813 0.426000
262920 0.427000
262955 0.428000
263023 0.429000
263062 0.430000
263090 0.431000
263110 0.432000
263116 0.433000
263153 0.434000
263271 0.435000
263313 0.436000
263316 0.437000
263328 0.438000
263341 0.439000
263431 0.440000
263508 0.441000
263517 0.442000
263537 0.443000
263562 0.444000
263565 0.445000
263606 0.446000
263687 0.447000
263692 0.448000
263714 0.449000
263731 0.450000
263775 0.451000
263822 0.452000
263833 0.453000
263847 0.454000
263927 0.455000
264026 0.456000
264177 0.457000
264178 0.458000
264234 0.459000
264249 0.460000
264281 0.461000
264283 0.462000
264310 0.463000
264317 0.464000
264380 0.465000
264533 0.466000
264577 0.467000
264585 0.468000
264641 0.469000
264667 0.470000
264685 0.471000
264691 0.472000
264706 0.473000
264830 0.474000
264859 0.475000
264908 0.476000
265003 0.477000
265022 0.478000
265028 0.479000
265029 0.480000
265041 0.481000
265092 0.482000
265102 0.483000
265185 0.484000
265190 0.485000
265213 0.486000
265243 0.487000
265250 0.488000
265256 0.489000
265271 0.490000
265328 0.491000
265353 0.492000
265366 0.493000
265384 0.494000
265442 0.495000
265472 0.496000
265603 0.497000
265730 0.498000
265765 0.499000
265898 0.500000
265943 0.501000
265997 0.502000
266063 0.503000
266069 0.504000
266141 0.505000
266179 0.506000
266183 0.507000
266246 0.508000
266377 0.509000
266381 0.510000
266395 0.511000
266439 0.512000
266441 0.514000
266489 0.515000
266583 0.516000
266674 0.517000
266698 0.518000
266711 0.519000
266724 0.520000
266747 0.521000
266840 0.522000
266854 0.523000
266905 0.524000
266946 0.525000
266983 0.526000
267004 0.527000
267016 0.528000
267039 0.529000
267065 0.530000
267137 0.531000
267142 0.532000
267209 0.533000
267251 0.534000
267275 0.536000
267313 0.537000
267385 0.538000
267396 0.539000
267411 0.540000
267426 0.541000
267436 0.542000
267467 0.543000
267488 0.544000
267518 0.545000
267548 0.546000
267579 0.547000
267587 0.548000
267621 0.549000
267686 0.550000
267743 0.551000
267757 0.552000
267790 0.553000
267844 0.554000
268010 0.555000
268072 0.556000
268194 0.557000
268226 0.558000
268261 0.559000
268269 0.560000
268302 0.561000
268324 0.562000
268443 0.563000
268455 0.564000
268462 0.565000
268473 0.566000
268480 0.567000
268601 0.568000
268603 0.569000
268658 0.570000
268701 0.571000
268708 0.572000
268717 0.573000
268740 0.574000
268790 0.575000
268835 0.576000
268850 0.577000
268892 0.578000
268973 0.579000
268989 0.580000
269023 0.581000
269052 0.582000
269056 0.583000
269225 0.584000
269250 0.585000
269273 0.586000
269291 0.587000
269328 0.588000
269352 0.589000
269369 0.590000
269370 0.591000
269387 0.592000
269392 0.593000
269466 0.594000
269484 0.595000
269510 0.596000
269511 0.597000
269515 0.598000
269537 0.599000
269543 0.600000
269625 0.601000
269628 0.602000
269692 0.603000
269694 0.604000
269799 0.605000
269808 0.606000
269821 0.607000
269890 0.608000
269949 0.609000
269960 0.610000
269997 0.611000
270030 0.612000
270055 0.613000
270064 0.614000
270134 0.615000
270164 0.616000
270177 0.617000
270250 0.618000
270304 0.619000
270331 0.620000
270356 0.621000
270388 0.622000
270404 0.623000
270410 0.624000
270474 0.625000
270551 0.626000
270738 0.627000
270760 0.628000
270761 0.629000
270766 0.630000
270783 0.631000
270797 0.632000
270868 0.633000
270922 0.634000
270931 0.635000
271095 0.636000
271129 0.637000
271141 0.638000
271155 0.639000
271203 0.640000
271220 0.641000
271271 0.642000
271341 0.643000
271394 0.644000
271487 0.645000
271551 0.646000
271564 0.647000
271631 0.648000
271636 0.649000
271653 0.650000
271717 0.651000
271723 0.652000
271739 0.653000
271781 0.654000
271795 0.655000
271802 0.656000
271829 0.657000
271835 0.658000
271856 0.659000
271927 0.660000
271958 0.661000
271976 0.662000
271987 0.663000
272037 0.664000
272058 0.665000
272076 0.666000
272081 0.667000
272095 0.668000
272159 0.669000
272184 0.670000
272205 0.671000
272214 0.672000
272257 0.673000
272350 0.674000
272444 0.675000
272445 0.676000
272495 0.677000
272536 0.678000
272547 0.679000
272635 0.680000
272642 0.681000
272683 0.682000
272824 0.683000
272867 0.684000
272945 0.685000
272959 0.686000
273090 0.687000
273157 0.688000
273158 0.689000
273182 0.690000
273186 0.691000
273250 0.692000
273302 0.693000
273325 0.694000
273370 0.695000
273376 0.696000
273421 0.697000
273438 0.698000
273473 0.699000
273479 0.700000
273513 0.701000
273558 0.702000
273564 0.703000
273580 0.704000
273730 0.705000
273778 0.706000
273808 0.707000
273976 0.708000
274062 0.709000
274077 0.710000
274290 0.711000
274293 0.712000
274308 0.713000
274318 0.714000
274336 0.715000
274368 0.716000
274447 0.718000
274471 0.719000
274558 0.720000
274614 0.721000
274625 0.722000
274628 0.723000
274687 0.724000
274689 0.725000
274721 0.726000
274797 0.727000
274838 0.728000
274942 0.730000
275004 0.731000
275007 0.732000
275014 0.733000
275024 0.734000
275078 0.735000
275122 0.736000
275268 0.737000
275327 0.738000
275335 0.739000
275398 0.740000
275451 0.741000
275569 0.742000
275578 0.743000
275610 0.744000
275744 0.745000
275796 0.746000
275991 0.747000
276163 0.748000
276209 0.749000
276325 0.750000
276344 0.751000
276354 0.752000
276484 0.753000
276678 0.754000
276702 0.755000
276723 0.756000
276734 0.757000
276750 0.758000
276821 0.759000
276841 0.760000
276886 0.761000
276896 0.762000
276907 0.763000
276974 0.764000
277063 0.765000
277107 0.766000
277134 0.767000
277192 0.768000
277442 0.769000
277448 0.770000
277516 0.771000
277549 0.772000
277611 0.773000
277614 0.774000
277663 0.775000
277711 0.776000
277804 0.777000
277862 0.778000
277946 0.779000
277963 0.780000
278020 0.781000
278027 0.782000
278081 0.783000
278118 0.784000
278249 0.786000
278266 0.787000
278281 0.788000
278326 0.789000
278353 0.790000
278400 0.791000
278406 0.792000
278441 0.793000
278598 0.794000
278623 0.795000
278688 0.796000
278708 0.797000
278724 0.798000
278800 0.799000
278820 0.800000
278865 0.801000
278927 0.802000
278963 0.803000
279107 0.804000
279129 0.805000
279133 0.806000
279168 0.807000
279242 0.808000
279330 0.809000
279350 0.810000
279361 0.811000
279374 0.812000
279458 0.813000
279602 0.814000
279858 0.815000
279864 0.816000
279928 0.817000
279978 0.818000
279988 0.819000
280096 0.820000
280188 0.821000
280289 0.822000
280311 0.823000
280339 0.824000
280378 0.825000
280419 0.826000
280475 0.827000
280507 0.828000
280508 0.829000
280536 0.830000
280619 0.831000
280660 0.832000
280662 0.833000
280995 0.834000
281278 0.835000
281490 0.836000
281530 0.837000
281535 0.838000
281539 0.839000
281565 0.840000
281594 0.841000
281663 0.842000
281753 0.843000
281832 0.844000
281877 0.845000
282088 0.846000
282119 0.847000
282124 0.848000
282141 0.849000
282166 0.850000
282266 0.851000
282306 0.852000
282370 0.853000
282386 0.854000
282452 0.855000
282522 0.856000
282525 0.857000
282564 0.858000
282588 0.859000
282613 0.860000
282669 0.861000
282679 0.862000
282711 0.863000
282755 0.864000
282948 0.865000
282968 0.866000
282989 0.867000
283086 0.868000
283116 0.869000
283182 0.870000
283258 0.871000
283274 0.872000
283281 0.873000
283320 0.874000
283351 0.875000
283470 0.876000
283554 0.877000
283665 0.878000
283804 0.879000
283861 0.880000
283905 0.881000
283906 0.882000
283993 0.883000
284127 0.884000
284215 0.885000
284218 0.886000
284340 0.887000
284617 0.888000
284677 0.889000
284742 0.890000
284746 0.891000
284803 0.892000
284935 0.893000
284947 0.894000
285060 0.895000
285166 0.896000
285511 0.897000
285739 0.898000
285751 0.899000
285853 0.900000
285876 0.901000
285900 0.902000
286129 0.903000
286223 0.904000
286426 0.905000
286648 0.906000
286655 0.907000
286723 0.908000
286971 0.909000
287003 0.910000
287042 0.911000
287080 0.912000
287365 0.913000
287461 0.914000
287520 0.915000
287531 0.916000
287557 0.917000
287667 0.918000
287815 0.919000
287982 0.920000
288132 0.921000
288199 0.922000
288464 0.923000
288544 0.924000
288676 0.925000
288862 0.926000
288904 0.927000
288975 0.928000
289011 0.929000
289131 0.930000
289178 0.931000
289221 0.932000
289295 0.933000
289608 0.934000
289629 0.935000
289669 0.936000
289707 0.937000
289710 0.938000
289803 0.939000
289930 0.940000
290631 0.941000
290666 0.942000
290682 0.943000
290710 0.944000
291428 0.945000
291923 0.946000
292246 0.947000
292515 0.948000
292976 0.949000
293047 0.950000
293452 0.951000
293697 0.952000
294145 0.953000
294327 0.954000
294366 0.955000
294532 0.956000
294561 0.957000
295040 0.958000
295277 0.959000
295505 0.960000
295583 0.961000
295740 0.962000
295963 0.963000
295980 0.964000
296030 0.965000
296301 0.966000
296468 0.967000
296522 0.968000
297704 0.969000
298083 0.970000
299235 0.971000
299640 0.972000
299783 0.973000
299909 0.974000
300118 0.975000
300358 0.976000
301025 0.977000
301376 0.978000
301487 0.979000
302631 0.980000
304295 0.981000
306433 0.982000
306926 0.983000
307539 0.984000
311893 0.985000
312290 0.986000
312601 0.987000
313139 0.988000
314954 0.989000
322235 0.990000
325623 0.991000
331907 0.992000
335172 0.993000
336364 0.994000
349154 0.995000
351752 0.996000
362167 0.997000
363992 0.998000
364805 0.999000
371469 1.000000


148 0.000000
148 0.001000
166 0.002000
173 0.004000
174 0.005000
175 0.008000
176 0.009000
177 0.012000
178 0.014000
179 0.019000
180 0.026000
181 0.036000
182 0.043000
183 0.051000
184 0.062000
185 0.069000
186 0.080000
187 0.103000
188 0.124000
189 0.142000
190 0.163000
191 0.189000
192 0.220000
193 0.253000
194 0.285000
195 0.324000
196 0.360000
197 0.398000
198 0.444000
199 0.483000
200 0.528000
201 0.570000
202 0.611000
203 0.653000
204 0.686000
205 0.727000
206 0.746000
207 0.776000
208 0.797000
209 0.815000
210 0.841000
211 0.862000
212 0.880000
213 0.891000
214 0.900000
215 0.920000
216 0.932000
217 0.943000
218 0.947000
219 0.952000
220 0.957000
221 0.963000
222 0.966000
223 0.969000
224 0.972000
225 0.973000
226 0.975000
227 0.976000
230 0.979000
231 0.982000
232 0.984000
236 0.985000
237 0.986000
240 0.988000
241 0.989000
247 0.990000
248 0.991000
249 0.992000
252 0.993000
258 0.994000
274 0.995000
284 0.996000
296 0.997000
297 0.998000
301 0.999000
308 1.000000


