251695 0.000000
251695 0.001000
321775 0.002000
323837 0.003000
383258 0.004000
415760 0.005000
434192 0.006000
436653 0.007000
439787 0.008000
439825 0.009000
455282 0.010000
468115 0.011000
469658 0.012000
471471 0.013000
475857 0.014000
483856 0.015000
488531 0.016000
498313 0.017000
503948 0.018000
506708 0.019000
514480 0.020000
519751 0.021000
521893 0.022000
522607 0.023000
525324 0.024000
529043 0.025000
537837 0.026000
541216 0.027000
543543 0.028000
543800 0.029000
549970 0.030000
550357 0.031000
551356 0.032000
551628 0.033000
557248 0.034000
559236 0.035000
559302 0.036000
562899 0.037000
571800 0.038000
572083 0.039000
576027 0.040000
576145 0.041000
576786 0.042000
576795 0.043000
584247 0.044000
592266 0.045000
600939 0.046000
604184 0.047000
604710 0.048000
605107 0.049000
614367 0.050000
622018 0.051000
623291 0.052000
625308 0.053000
626431 0.054000
631740 0.055000
631893 0.056000
633120 0.057000
635861 0.058000
639764 0.059000
639834 0.060000
639908 0.061000
641897 0.062000
642692 0.063000
643645 0.064000
643882 0.065000
644660 0.066000
644763 0.067000
644880 0.068000
645762 0.069000
648939 0.070000
651887 0.071000
653090 0.072000
653805 0.073000
653944 0.074000
655100 0.075000
655711 0.076000
656438 0.077000
659128 0.078000
660031 0.079000
660096 0.080000
662039 0.081000
663600 0.082000
667944 0.083000
669054 0.084000
676698 0.085000
679697 0.086000
680131 0.087000
681198 0.088000
681636 0.089000
682915 0.090000
683582 0.091000
686738 0.092000
687821 0.093000
688034 0.094000
690421 0.095000
691596 0.096000
694297 0.097000
695200 0.098000
695456 0.099000
698414 0.100000
698987 0.101000
699851 0.102000
700153 0.103000
700663 0.104000
702319 0.105000
703601 0.106000
704326 0.107000
704851 0.108000
705798 0.109000
707910 0.110000
708498 0.111000
710103 0.112000
712003 0.113000
714187 0.114000
716748 0.115000
717811 0.116000
717978 0.117000
719313 0.118000
719442 0.119000
720124 0.120000
720563 0.121000
721799 0.122000
724110 0.123000
724794 0.124000
725261 0.125000
726830 0.126000
727925 0.127000
728068 0.128000
728173 0.129000
728960 0.130000
730318 0.131000
730867 0.132000
731848 0.133000
732460 0.134000
734238 0.135000
738160 0.136000
738684 0.137000
739572 0.138000
740628 0.139000
741881 0.140000
743753 0.141000
743972 0.142000
744274 0.143000
744446 0.144000
744946 0.145000
748004 0.146000
752065 0.147000
752081 0.148000
752558 0.149000
753381 0.150000
753931 0.151000
754704 0.152000
754988 0.153000
755464 0.154000
755620 0.155000
755762 0.156000
756318 0.157000
759878 0.158000
760216 0.159000
760722 0.160000
760785 0.161000
761130 0.162000
761565 0.163000
762579 0.164000
763578 0.165000
763720 0.166000
764984 0.167000
765476 0.168000
766271 0.169000
767562 0.170000
768097 0.171000
769648 0.172000
771286 0.173000
771625 0.174000
771723 0.175000
771877 0.176000
772202 0.177000
772481 0.178000
775624 0.179000
775677 0.180000
775810 0.181000
776054 0.182000
776222 0.183000
776360 0.184000
776969 0.185000
777477 0.186000
777814 0.187000
777824 0.188000
777886 0.189000
779937 0.190000
781686 0.191000
783831 0.192000
784305 0.193000
784620 0.194000
785028 0.195000
786405 0.196000
786678 0.197000
788109 0.198000
788470 0.199000
788866 0.200000
788958 0.201000
790001 0.202000
790687 0.203000
790690 0.204000
791281 0.205000
792983 0.206000
794310 0.207000
795469 0.208000
796194 0.209000
796590 0.210000
797068 0.211000
798621 0.212000
798844 0.213000
799062 0.214000
799242 0.215000
800218 0.216000
800267 0.217000
800352 0.218000
801159 0.219000
801475 0.220000
801771 0.221000
803218 0.222000
803768 0.223000
804002 0.224000
804242 0.225000
804281 0.226000
804897 0.227000
805038 0.228000
806980 0.229000
807632 0.230000
807891 0.231000
808198 0.232000
808870 0.233000
809384 0.234000
809639 0.235000
810034 0.236000
811006 0.237000
811481 0.238000
811871 0.239000
812000 0.240000
812134 0.241000
812303 0.242000
813031 0.243000
813791 0.244000
815682 0.245000
816020 0.246000
817397 0.247000
817649 0.248000
817922 0.249000
818119 0.250000
818251 0.251000
818743 0.252000
819073 0.253000
819633 0.254000
820010 0.255000
820178 0.256000
820587 0.257000
823839 0.258000
824115 0.259000
824512 0.260000
826031 0.261000
826412 0.262000
827941 0.263000
828049 0.264000
828235 0.265000
828719 0.266000
831423 0.267000
832349 0.268000
833704 0.269000
833870 0.270000
834217 0.271000
835310 0.272000
835411 0.273000
835791 0.274000
836061 0.275000
836191 0.276000
836700 0.277000
837715 0.278000
837979 0.279000
838742 0.280000
840276 0.281000
841559 0.282000
841749 0.283000
842543 0.284000
842856 0.285000
843162 0.286000
843521 0.287000
844187 0.288000
844295 0.289000
845224 0.290000
846369 0.291000
846618 0.292000
847932 0.293000
848111 0.294000
848263 0.295000
849936 0.296000
851385 0.297000
851675 0.298000
851774 0.299000
852134 0.300000
852478 0.301000
852870 0.302000
852929 0.303000
853722 0.304000
855750 0.305000
855926 0.306000
856248 0.307000
856330 0.308000
856915 0.309000
857251 0.310000
857265 0.311000
857339 0.312000
858102 0.313000
859304 0.314000
859388 0.315000
859882 0.316000
860095 0.317000
863225 0.318000
863889 0.319000
864184 0.320000
864279 0.321000
864544 0.322000
864878 0.323000
865845 0.324000
866464 0.325000
866854 0.326000
867419 0.327000
867464 0.328000
867659 0.329000
867772 0.330000
869189 0.331000
869261 0.332000
869542 0.333000
869776 0.334000
870626 0.335000
872084 0.336000
872760 0.337000
873882 0.338000
874408 0.339000
874892 0.340000
874989 0.341000
875401 0.342000
875606 0.343000
875912 0.344000
877473 0.345000
877691 0.346000
878981 0.347000
879005 0.348000
879505 0.349000
879518 0.350000
879805 0.351000
880153 0.352000
880620 0.353000
881751 0.354000
882287 0.355000
883414 0.356000
883701 0.357000
884295 0.358000
885009 0.359000
885166 0.360000
885298 0.361000
885926 0.362000
886453 0.363000
887238 0.364000
887316 0.365000
887352 0.366000
887530 0.367000
888701 0.368000
889177 0.369000
889438 0.370000
890497 0.371000
890504 0.372000
891311 0.373000
891356 0.374000
891472 0.375000
891773 0.376000
891948 0.377000
892284 0.378000
892353 0.379000
892700 0.380000
893137 0.381000
893365 0.382000
893762 0.383000
893782 0.384000
894203 0.385000
894971 0.386000
895564 0.387000
895887 0.388000
895896 0.389000
895948 0.390000
896230 0.391000
896856 0.392000
897802 0.393000
898781 0.394000
898943 0.395000
901552 0.396000
901680 0.397000
901941 0.398000
902055 0.399000
902305 0.400000
903083 0.401000
903225 0.402000
903647 0.403000
903790 0.404000
904140 0.405000
904414 0.406000
904919 0.407000
904969 0.408000
905858 0.409000
906112 0.410000
906170 0.411000
906861 0.412000
906889 0.413000
907894 0.414000
908260 0.415000
908308 0.416000
908792 0.417000
908802 0.418000
909021 0.419000
909463 0.420000
910122 0.421000
910449 0.422000
910479 0.423000
910863 0.424000
911114 0.425000
912085 0.426000
912127 0.427000
912386 0.428000
912488 0.429000
913138 0.430000
913299 0.431000
913585 0.432000
914677 0.433000
914716 0.434000
915255 0.435000
915458 0.436000
916113 0.437000
916363 0.438000
916785 0.439000
917390 0.440000
917596 0.441000
918042 0.442000
919290 0.443000
919673 0.444000
919833 0.445000
919904 0.446000
920247 0.447000
920319 0.448000
920340 0.449000
921355 0.450000
921598 0.451000
921816 0.452000
922916 0.453000
923048 0.454000
924187 0.455000
924230 0.456000
924623 0.457000
924707 0.458000
925234 0.459000
926635 0.460000
927838 0.461000
928155 0.462000
928199 0.463000
928775 0.464000
929166 0.465000
929304 0.466000
929468 0.467000
930119 0.468000
930973 0.469000
931617 0.470000
932014 0.471000
932047 0.472000
932343 0.473000
932821 0.474000
933077 0.475000
933308 0.476000
933475 0.477000
933584 0.478000
933731 0.479000
934547 0.480000
935087 0.481000
935675 0.482000
935716 0.483000
936018 0.484000
936052 0.485000
937974 0.486000
938350 0.487000
938688 0.488000
938956 0.489000
939035 0.490000
939068 0.491000
939538 0.492000
939587 0.493000
939610 0.494000
939674 0.495000
939731 0.496000
939977 0.497000
940975 0.498000
941833 0.499000
942882 0.500000
943082 0.501000
943882 0.502000
944036 0.503000
944267 0.504000
944268 0.505000
944657 0.506000
944715 0.507000
945015 0.508000
945132 0.509000
946732 0.510000
947389 0.511000
947828 0.512000
948787 0.513000
949014 0.514000
949274 0.515000
949758 0.516000
950609 0.517000
951025 0.518000
951237 0.519000
951325 0.520000
951358 0.521000
951606 0.522000
951660 0.523000
951814 0.524000
951933 0.525000
952329 0.526000
952359 0.527000
952819 0.528000
952852 0.529000
953050 0.530000
953107 0.531000
953256 0.532000
953340 0.533000
953677 0.534000
953708 0.535000
954454 0.536000
955036 0.537000
955380 0.538000
955904 0.539000
956433 0.540000
956438 0.541000
957382 0.542000
957417 0.543000
957927 0.544000
958524 0.545000
958703 0.546000
959485 0.547000
959698 0.548000
959775 0.549000
960208 0.550000
960785 0.551000
961095 0.552000
961870 0.553000
962434 0.554000
963213 0.555000
963321 0.556000
963654 0.557000
963890 0.558000
963920 0.559000
963965 0.560000
964023 0.561000
964580 0.562000
964601 0.563000
965028 0.564000
965688 0.565000
965743 0.566000
965871 0.567000
966024 0.568000
966311 0.569000
966328 0.570000
966578 0.571000
966907 0.572000
967923 0.573000
968056 0.574000
968154 0.575000
968281 0.576000
968674 0.577000
969080 0.578000
969186 0.579000
970455 0.580000
971113 0.581000
972028 0.582000
972387 0.583000
972393 0.584000
972535 0.585000
974206 0.586000
974221 0.587000
974340 0.588000
975756 0.589000
975792 0.590000
975990 0.591000
976288 0.592000
976334 0.593000
976494 0.594000
976823 0.595000
977478 0.596000
977521 0.597000
977550 0.598000
977838 0.599000
978234 0.600000
979185 0.601000
979279 0.602000
979694 0.603000
979893 0.604000
979913 0.605000
980038 0.606000
980760 0.607000
982069 0.608000
982419 0.609000
982624 0.610000
982780 0.611000
982945 0.612000
982961 0.613000
983520 0.614000
983661 0.615000
983892 0.616000
984275 0.617000
984527 0.618000
984939 0.619000
986528 0.620000
986834 0.621000
986847 0.622000
987251 0.623000
987809 0.624000
987969 0.625000
988040 0.626000
989421 0.627000
989649 0.628000
989762 0.629000
991171 0.630000
991665 0.631000
991699 0.632000
992175 0.633000
992399 0.634000
993037 0.635000
993065 0.636000
993350 0.637000
993796 0.638000
993807 0.639000
994588 0.640000
994981 0.641000
995609 0.642000
995682 0.643000
995962 0.644000
995966 0.645000
996264 0.646000
996508 0.647000
996931 0.648000
997321 0.649000
997818 0.650000
997927 0.651000
998207 0.652000
998541 0.653000
998647 0.654000
999263 0.655000
999278 0.656000
999563 0.657000
999566 0.658000
999712 0.659000
999882 0.660000
999942 0.661000
1000082 0.662000
1000214 0.663000
1000523 0.664000
1000700 0.665000
1000741 0.666000
1001549 0.667000
1001812 0.668000
1002029 0.669000
1003525 0.670000
1003902 0.671000
1003921 0.672000
1004996 0.673000
1005278 0.674000
1006143 0.675000
1006788 0.676000
1008008 0.677000
1008222 0.678000
1008853 0.679000
1009019 0.680000
1010191 0.681000
1010195 0.682000
1011484 0.683000
1011649 0.684000
1011654 0.685000
1011997 0.686000
1012043 0.687000
1012044 0.688000
1012093 0.689000
1012736 0.690000
1012758 0.691000
1013208 0.692000
1013257 0.693000
1014043 0.694000
1014345 0.695000
1014388 0.696000
1015208 0.697000
1015783 0.698000
1015832 0.699000
1016198 0.700000
1016205 0.701000
1017267 0.702000
1017989 0.703000
1018307 0.704000
1018315 0.705000
1019675 0.706000
1019728 0.707000
1020047 0.708000
1020063 0.709000
1020066 0.710000
1020149 0.711000
1020228 0.712000
1020231 0.713000
1022507 0.714000
1022977 0.715000
1023565 0.716000
1023759 0.717000
1023942 0.718000
1024374 0.719000
1024787 0.720000
1025598 0.721000
1025669 0.722000
1025791 0.723000
1026077 0.724000
1026163 0.725000
1027392 0.726000
1027819 0.727000
1027847 0.728000
1027857 0.729000
1027926 0.730000
1028140 0.731000
1028236 0.732000
1028627 0.733000
1029383 0.734000
1029782 0.735000
1030586 0.736000
1031852 0.737000
1031930 0.738000
1032081 0.739000
1032323 0.740000
1032531 0.741000
1032783 0.742000
1032887 0.743000
1033325 0.744000
1033739 0.745000
1033972 0.746000
1033995 0.747000
1034603 0.748000
1035339 0.749000
1035444 0.750000
1035656 0.751000
1035728 0.752000
1035950 0.753000
1035968 0.754000
1036324 0.755000
1036373 0.756000
1037048 0.757000
1037568 0.758000
1038085 0.759000
1038345 0.760000
1038376 0.761000
1038470 0.762000
1039119 0.763000
1039423 0.764000
1039488 0.765000
1039772 0.766000
1039874 0.767000
1040163 0.768000
1040910 0.769000
1041245 0.770000
1041730 0.771000
1042833 0.772000
1043733 0.773000
1044002 0.774000
1044105 0.775000
1045068 0.776000
1045430 0.777000
1045431 0.778000
1046169 0.779000
1046177 0.780000
1046396 0.781000
1046590 0.782000
1047412 0.783000
1047661 0.784000
1047710 0.785000
1048054 0.786000
1048077 0.787000
1048148 0.788000
1048177 0.789000
1048898 0.790000
1049341 0.791000
1049417 0.792000
1050308 0.793000
1050651 0.794000
1051973 0.795000
1051986 0.796000
1052536 0.797000
1052769 0.798000
1052775 0.799000
1052805 0.800000
1052833 0.801000
1052894 0.802000
1053633 0.803000
1053978 0.804000
1054174 0.805000
1054334 0.806000
1055369 0.807000
1055398 0.808000
1055472 0.809000
1055630 0.810000
1055870 0.811000
1055985 0.812000
1056003 0.813000
1056112 0.814000
1056790 0.815000
1059260 0.816000
1059628 0.817000
1059655 0.818000
1060042 0.819000
1060304 0.820000
1060406 0.821000
1060485 0.822000
1060697 0.823000
1061092 0.824000
1061161 0.825000
1061243 0.826000
1061724 0.827000
1061844 0.828000
1062308 0.829000
1063117 0.830000
1063131 0.831000
1063149 0.832000
1063526 0.833000
1063607 0.834000
1063720 0.835000
1063940 0.836000
1064295 0.837000
1064452 0.838000
1064588 0.839000
1064604 0.840000
1064824 0.841000
1065635 0.842000
1065749 0.843000
1067490 0.844000
1067968 0.845000
1068099 0.846000
1068827 0.847000
1068918 0.848000
1069690 0.849000
1069924 0.850000
1070712 0.851000
1071329 0.852000
1071710 0.853000
1071817 0.854000
1072294 0.855000
1072988 0.856000
1073919 0.857000
1074462 0.858000
1075170 0.859000
1075813 0.860000
1076121 0.861000
1076294 0.862000
1077038 0.863000
1077207 0.864000
1077922 0.865000
1078906 0.866000
1079417 0.867000
1079813 0.868000
1080213 0.869000
1080297 0.870000
1080687 0.871000
1081067 0.872000
1081443 0.873000
1081563 0.874000
1083659 0.875000
1084003 0.876000
1084042 0.877000
1086733 0.878000
1087767 0.879000
1089614 0.880000
1089670 0.881000
1090483 0.882000
1091761 0.883000
1091859 0.884000
1091987 0.885000
1094022 0.886000
1094446 0.887000
1095039 0.888000
1096181 0.889000
1096719 0.890000
1097266 0.891000
1097611 0.892000
1097704 0.893000
1097742 0.894000
1098487 0.895000
1098500 0.896000
1099927 0.897000
1100023 0.898000
1100033 0.899000
1100109 0.900000
1101611 0.901000
1103603 0.902000
1103728 0.903000
1104231 0.904000
1104788 0.905000
1104850 0.906000
1106645 0.907000
1107182 0.908000
1107246 0.909000
1107777 0.910000
1109188 0.911000
1109210 0.912000
1109224 0.913000
1109228 0.914000
1109322 0.915000
1109370 0.916000
1109778 0.917000
1110645 0.918000
1111257 0.919000
1111345 0.920000
1112570 0.921000
1114182 0.922000
1115211 0.923000
1115842 0.924000
1115965 0.925000
1116686 0.926000
1118750 0.927000
1119290 0.928000
1119378 0.929000
1121117 0.930000
1122013 0.931000
1122241 0.932000
1124080 0.933000
1126161 0.934000
1127489 0.935000
1128346 0.936000
1129466 0.937000
1129989 0.938000
1131249 0.939000
1131953 0.940000
1132166 0.941000
1132747 0.942000
1133696 0.943000
1133956 0.944000
1135350 0.945000
1135722 0.946000
1135939 0.947000
1136644 0.948000
1137255 0.949000
1140027 0.950000
1140790 0.951000
1141343 0.952000
1141879 0.953000
1142415 0.954000
1142749 0.955000
1144407 0.956000
1145033 0.957000
1145558 0.958000
1146693 0.959000
1147214 0.960000
1147626 0.961000
1148013 0.962000
1148321 0.963000
1149543 0.964000
1153660 0.965000
1154966 0.966000
1155058 0.967000
1155546 0.968000
1155787 0.969000
1162992 0.970000
1163952 0.971000
1167353 0.972000
1167378 0.973000
1167929 0.974000
1169537 0.975000
1172406 0.976000
1175745 0.977000
1178692 0.978000
1179809 0.979000
1179900 0.980000
1188878 0.981000
1191600 0.982000
1191726 0.983000
1195792 0.984000
1195832 0.985000
1197815 0.986000
1200682 0.987000
1200808 0.988000
1204452 0.989000
1208562 0.990000
1220008 0.991000
1220950 0.992000
1227025 0.993000
1234354 0.994000
1251926 0.995000
1255901 0.996000
1256267 0.997000
1275869 0.998000
1285366 0.999000
1315386 1.000000


