225764 0.000000
225764 0.001000
229031 0.002000
230476 0.003000
230611 0.004000
231290 0.005000
231632 0.006000
231636 0.007000
231672 0.008000
232383 0.009000
232475 0.010000
232609 0.011000
232884 0.012000
232950 0.013000
233040 0.014000
233747 0.015000
234056 0.016000
234078 0.017000
234173 0.018000
234616 0.019000
234673 0.020000
234680 0.021000
234727 0.022000
234738 0.023000
234763 0.024000
234782 0.025000
234920 0.026000
235088 0.027000
235091 0.028000
235109 0.029000
235135 0.030000
235298 0.031000
235304 0.032000
235518 0.033000
235525 0.034000
235573 0.035000
235615 0.036000
235633 0.037000
235652 0.038000
235683 0.039000
235701 0.040000
235705 0.041000
235712 0.042000
235766 0.043000
235866 0.044000
235964 0.045000
235965 0.046000
236019 0.047000
236022 0.048000
236117 0.049000
236293 0.050000
236338 0.051000
236346 0.052000
236440 0.053000
236510 0.054000
236541 0.055000
236598 0.056000
236634 0.057000
236693 0.058000
236799 0.059000
236845 0.060000
236865 0.061000
236998 0.062000
237005 0.063000
237041 0.064000
237046 0.065000
237136 0.066000
237271 0.067000
237343 0.068000
237396 0.069000
237416 0.070000
237629 0.071000
237672 0.072000
237683 0.073000
237915 0.074000
238137 0.075000
238288 0.076000
238308 0.077000
238401 0.078000
238623 0.079000
238688 0.080000
238795 0.081000
238990 0.082000
239425 0.083000
239598 0.084000
240440 0.085000
240904 0.086000
241768 0.087000
241859 0.088000
242898 0.089000
243001 0.090000
243264 0.091000
243345 0.092000
243440 0.093000
243452 0.094000
243554 0.095000
243849 0.096000
244219 0.097000
244442 0.098000
244458 0.099000
244577 0.100000
244692 0.101000
244734 0.102000
244753 0.103000
245044 0.104000
245265 0.105000
245270 0.106000
245402 0.107000
245461 0.108000
245724 0.109000
245738 0.110000
245857 0.111000
245963 0.112000
246154 0.113000
246221 0.114000
246342 0.115000
246363 0.116000
246404 0.117000
246407 0.118000
246433 0.119000
246442 0.120000
246453 0.121000
246533 0.122000
246558 0.123000
246577 0.124000
246585 0.125000
246617 0.126000
246628 0.127000
246658 0.128000
246807 0.129000
246812 0.130000
246898 0.131000
246945 0.132000
246984 0.133000
247029 0.134000
247033 0.135000
247048 0.136000
247052 0.137000
247062 0.138000
247080 0.139000
247100 0.140000
247109 0.141000
247129 0.142000
247151 0.144000
247152 0.145000
247168 0.146000
247170 0.147000
247173 0.148000
247190 0.149000
247232 0.150000
247276 0.151000
247282 0.153000
247296 0.154000
247306 0.155000
247307 0.156000
247309 0.157000
247315 0.158000
247316 0.159000
247337 0.160000
247355 0.161000
247375 0.162000
247378 0.163000
247389 0.164000
247429 0.165000
247433 0.166000
247447 0.167000
247460 0.168000
247461 0.169000
247481 0.170000
247482 0.171000
247508 0.172000
247519 0.173000
247530 0.174000
247534 0.175000
247587 0.176000
247601 0.177000
247604 0.179000
247615 0.180000
247618 0.181000
247627 0.182000
247628 0.183000
247645 0.184000
247646 0.185000
247672 0.186000
247681 0.187000
247690 0.188000
247721 0.189000
247732 0.190000
247733 0.191000
247747 0.192000
247758 0.193000
247818 0.194000
247832 0.195000
247848 0.196000
247850 0.197000
247863 0.198000
247864 0.199000
247874 0.200000
247886 0.201000
247889 0.202000
247891 0.203000
247895 0.204000
247923 0.205000
247926 0.206000
247970 0.207000
248013 0.208000
248023 0.209000
248030 0.211000
248045 0.212000
248067 0.213000
248076 0.214000
248103 0.215000
248175 0.216000
248193 0.217000
248280 0.218000
248332 0.219000
248380 0.220000
248406 0.221000
248427 0.223000
248493 0.224000
248524 0.225000
248565 0.226000
248568 0.227000
248580 0.228000
248607 0.229000
248686 0.230000
248693 0.231000
248699 0.232000
248732 0.233000
248744 0.234000
248746 0.235000
248760 0.236000
248804 0.237000
248820 0.238000
248853 0.239000
248855 0.240000
248859 0.241000
248863 0.242000
248901 0.243000
248982 0.244000
248985 0.245000
249008 0.246000
249023 0.247000
249036 0.248000
249044 0.249000
249085 0.250000
249123 0.251000
249135 0.253000
249138 0.254000
249152 0.255000
249167 0.256000
249194 0.257000
249198 0.258000
249207 0.259000
249212 0.260000
249239 0.261000
249250 0.262000
249292 0.263000
249298 0.264000
249338 0.265000
249376 0.266000
249426 0.267000
249432 0.268000
249459 0.269000
249464 0.270000
249472 0.271000
249477 0.272000
249481 0.273000
249489 0.274000
249490 0.275000
249495 0.276000
249548 0.277000
249576 0.278000
249583 0.279000
249587 0.280000
249588 0.281000
249589 0.282000
249601 0.283000
249615 0.284000
249641 0.285000
249676 0.286000
249691 0.287000
249746 0.288000
249747 0.289000
249752 0.290000
249754 0.291000
249755 0.292000
249762 0.293000
249764 0.294000
249819 0.295000
249859 0.296000
249863 0.297000
249876 0.298000
249888 0.299000
249902 0.300000
249912 0.301000
249951 0.302000
249981 0.303000
249995 0.304000
250005 0.305000
250017 0.306000
250021 0.307000
250032 0.308000
250034 0.309000
250035 0.310000
250196 0.311000
250223 0.312000
250225 0.313000
250257 0.314000
250274 0.315000
250283 0.316000
250294 0.317000
250309 0.318000
250310 0.319000
250336 0.320000
250343 0.321000
250366 0.322000
250389 0.323000
250419 0.325000
250424 0.326000
250436 0.327000
250501 0.328000
250560 0.329000
250596 0.330000
250607 0.331000
250608 0.332000
250612 0.333000
250616 0.334000
250617 0.335000
250620 0.336000
250670 0.337000
250676 0.338000
250683 0.339000
250691 0.340000
250692 0.341000
250694 0.342000
250697 0.343000
250699 0.344000
250722 0.345000
250743 0.346000
250760 0.347000
250776 0.348000
250778 0.349000
250781 0.350000
250801 0.351000
250805 0.352000
250817 0.353000
250822 0.354000
250833 0.355000
250841 0.356000
250850 0.357000
250851 0.358000
250855 0.359000
250860 0.360000
250872 0.361000
250874 0.363000
250882 0.364000
250920 0.365000
250947 0.366000
250950 0.367000
250956 0.368000
250969 0.369000
250971 0.370000
250999 0.371000
251002 0.372000
251006 0.374000
251029 0.375000
251033 0.376000
251038 0.377000
251045 0.379000
251049 0.380000
251052 0.381000
251056 0.383000
251058 0.384000
251059 0.385000
251073 0.386000
251076 0.388000
251086 0.389000
251088 0.390000
251089 0.391000
251095 0.392000
251103 0.393000
251120 0.394000
251127 0.395000
251130 0.396000
251132 0.397000
251139 0.398000
251150 0.400000
251152 0.401000
251182 0.402000
251187 0.403000
251188 0.404000
251191 0.405000
251192 0.406000
251196 0.407000
251200 0.408000
251202 0.409000
251204 0.410000
251205 0.411000
251214 0.412000
251223 0.413000
251226 0.415000
251237 0.416000
251239 0.417000
251251 0.419000
251255 0.420000
251268 0.422000
251274 0.423000
251275 0.424000
251276 0.425000
251282 0.426000
251287 0.427000
251292 0.428000
251297 0.429000
251305 0.430000
251312 0.431000
251313 0.432000
251319 0.433000
251335 0.434000
251340 0.435000
251341 0.436000
251345 0.437000
251348 0.438000
251357 0.439000
251365 0.440000
251367 0.441000
251375 0.443000
251379 0.444000
251392 0.445000
251396 0.446000
251398 0.447000
251403 0.448000
251411 0.449000
251412 0.450000
251414 0.451000
251416 0.452000
251418 0.453000
251426 0.454000
251431 0.455000
251432 0.456000
251439 0.458000
251447 0.460000
251448 0.461000
251449 0.462000
251456 0.464000
251457 0.465000
251462 0.466000
251466 0.467000
251470 0.468000
251473 0.469000
251474 0.471000
251480 0.472000
251487 0.473000
251499 0.474000
251506 0.475000
251508 0.476000
251515 0.478000
251522 0.479000
251534 0.480000
251537 0.481000
251538 0.482000
251549 0.483000
251556 0.484000
251560 0.485000
251568 0.486000
251569 0.487000
251573 0.488000
251580 0.489000
251582 0.490000
251588 0.491000
251592 0.492000
251593 0.493000
251594 0.494000
251596 0.495000
251597 0.496000
251606 0.497000
251610 0.498000
251614 0.499000
251624 0.500000
251631 0.501000
251635 0.502000
251644 0.503000
251653 0.504000
251655 0.507000
251659 0.508000
251661 0.509000
251669 0.510000
251672 0.511000
251677 0.512000
251679 0.513000
251689 0.514000
251690 0.515000
251695 0.516000
251698 0.517000
251700 0.518000
251707 0.519000
251708 0.520000
251711 0.521000
251713 0.522000
251714 0.523000
251715 0.524000
251723 0.525000
251727 0.526000
251737 0.527000
251742 0.528000
251751 0.529000
251752 0.530000
251755 0.531000
251756 0.532000
251782 0.533000
251784 0.534000
251789 0.535000
251791 0.536000
251800 0.537000
251804 0.538000
251814 0.539000
251817 0.540000
251819 0.541000
251847 0.543000
251851 0.544000
251864 0.545000
251876 0.546000
251887 0.547000
251902 0.548000
251907 0.549000
251913 0.550000
251915 0.551000
251934 0.552000
251941 0.553000
251945 0.554000
251947 0.555000
251948 0.556000
251957 0.557000
251958 0.558000
251960 0.559000
251963 0.560000
251964 0.561000
251967 0.562000
251969 0.563000
251984 0.564000
251985 0.565000
251987 0.567000
251988 0.568000
251994 0.569000
252000 0.570000
252007 0.571000
252009 0.573000
252018 0.574000
252021 0.575000
252022 0.576000
252031 0.577000
252046 0.578000
252050 0.579000
252067 0.580000
252072 0.581000
252082 0.582000
252084 0.583000
252091 0.584000
252101 0.585000
252105 0.586000
252109 0.587000
252120 0.590000
252135 0.591000
252142 0.592000
252168 0.593000
252172 0.594000
252176 0.595000
252183 0.596000
252186 0.597000
252190 0.598000
252191 0.599000
252193 0.600000
252217 0.601000
252224 0.602000
252228 0.604000
252233 0.605000
252253 0.606000
252259 0.607000
252266 0.608000
252269 0.609000
252305 0.610000
252312 0.611000
252323 0.612000
252337 0.613000
252338 0.614000
252349 0.615000
252361 0.616000
252366 0.617000
252369 0.618000
252377 0.619000
252381 0.620000
252390 0.621000
252397 0.622000
252398 0.623000
252425 0.624000
252437 0.625000
252468 0.626000
252484 0.627000
252489 0.628000
252508 0.629000
252572 0.630000
252584 0.631000
252631 0.632000
252633 0.633000
252654 0.634000
252657 0.635000
252668 0.636000
252682 0.637000
252683 0.638000
252704 0.639000
252707 0.640000
252726 0.641000
252731 0.642000
252746 0.644000
252764 0.645000
252782 0.646000
252787 0.647000
252789 0.648000
252791 0.649000
252798 0.650000
252817 0.651000
252837 0.652000
252846 0.653000
252869 0.654000
252881 0.655000
252888 0.656000
252898 0.657000
252902 0.659000
252904 0.660000
252928 0.661000
252955 0.662000
252958 0.664000
252990 0.665000
253001 0.666000
253007 0.667000
253040 0.668000
253042 0.669000
253043 0.670000
253067 0.671000
253077 0.672000
253103 0.673000
253105 0.674000
253114 0.675000
253118 0.676000
253138 0.677000
253139 0.678000
253141 0.679000
253152 0.680000
253160 0.681000
253163 0.682000
253164 0.683000
253166 0.684000
253175 0.685000
253201 0.686000
253227 0.687000
253239 0.688000
253245 0.689000
253256 0.690000
253262 0.691000
253267 0.692000
253276 0.693000
253288 0.694000
253305 0.695000
253307 0.696000
253322 0.697000
253329 0.698000
253335 0.699000
253340 0.700000
253355 0.701000
253358 0.702000
253371 0.703000
253380 0.704000
253385 0.705000
253394 0.706000
253398 0.707000
253404 0.708000
253415 0.709000
253417 0.710000
253420 0.711000
253428 0.712000
253432 0.713000
253442 0.714000
253444 0.715000
253479 0.716000
253492 0.717000
253499 0.718000
253509 0.719000
253539 0.720000
253548 0.721000
253550 0.723000
253565 0.724000
253576 0.725000
253581 0.726000
253587 0.727000
253595 0.728000
253617 0.729000
253638 0.730000
253655 0.731000
253656 0.732000
253663 0.733000
253665 0.734000
253677 0.735000
253706 0.736000
253716 0.738000
253725 0.740000
253727 0.741000
253733 0.742000
253752 0.743000
253767 0.744000
253776 0.745000
253782 0.746000
253793 0.747000
253820 0.748000
253824 0.749000
253840 0.750000
253863 0.751000
253870 0.752000
253872 0.753000
253880 0.754000
253886 0.755000
253889 0.756000
253891 0.757000
253909 0.758000
253915 0.759000
253953 0.760000
253973 0.761000
254008 0.762000
254015 0.763000
254017 0.764000
254048 0.765000
254058 0.766000
254089 0.767000
254171 0.768000
254207 0.769000
254209 0.770000
254224 0.771000
254269 0.772000
254281 0.773000
254285 0.774000
254295 0.775000
254296 0.776000
254309 0.777000
254331 0.778000
254359 0.779000
254424 0.780000
254436 0.781000
254454 0.782000
254477 0.783000
254478 0.784000
254528 0.785000
254615 0.786000
254621 0.787000
254668 0.788000
254758 0.789000
254763 0.790000
254870 0.791000
254892 0.792000
254906 0.793000
254918 0.794000
254961 0.795000
254983 0.796000
255004 0.797000
255007 0.798000
255045 0.799000
255056 0.800000
255110 0.801000
255134 0.802000
255154 0.803000
255184 0.804000
255204 0.805000
255325 0.806000
255337 0.807000
255341 0.808000
255342 0.809000
255356 0.810000
255360 0.811000
255361 0.812000
255375 0.813000
255391 0.814000
255409 0.815000
255419 0.816000
255422 0.817000
255490 0.818000
255492 0.820000
255500 0.821000
255515 0.822000
255526 0.823000
255541 0.824000
255549 0.825000
255585 0.826000
255611 0.828000
255615 0.829000
255617 0.830000
255624 0.831000
255629 0.832000
255646 0.833000
255654 0.834000
255659 0.835000
255662 0.836000
255675 0.837000
255686 0.838000
255689 0.839000
255699 0.840000
255724 0.841000
255726 0.842000
255729 0.843000
255739 0.844000
255759 0.845000
255777 0.846000
255786 0.847000
255798 0.848000
255812 0.849000
255869 0.850000
255883 0.851000
255948 0.852000
255987 0.853000
255990 0.854000
256002 0.855000
256033 0.856000
256153 0.857000
256181 0.858000
256253 0.859000
256295 0.860000
256297 0.861000
256336 0.862000
256337 0.863000
256349 0.864000
256394 0.865000
256409 0.866000
256486 0.867000
256487 0.868000
256489 0.869000
256559 0.870000
256616 0.871000
256698 0.872000
256869 0.873000
256893 0.874000
256989 0.875000
257007 0.876000
257073 0.877000
257153 0.878000
257189 0.879000
257223 0.880000
257293 0.881000
257521 0.882000
257525 0.883000
257526 0.884000
257559 0.885000
257633 0.886000
257639 0.887000
257643 0.888000
257650 0.889000
257656 0.890000
257671 0.891000
257673 0.892000
257720 0.893000
257927 0.894000
258166 0.895000
258283 0.896000
258454 0.897000
258732 0.898000
258780 0.899000
258855 0.900000
258872 0.901000
258904 0.902000
258932 0.903000
258940 0.904000
259051 0.905000
259054 0.906000
259136 0.907000
259165 0.908000
259179 0.909000
259182 0.910000
259279 0.911000
259301 0.912000
259459 0.913000
259464 0.914000
259542 0.915000
259603 0.916000
259634 0.917000
259706 0.918000
259961 0.919000
260034 0.921000
260043 0.922000
260131 0.923000
260296 0.924000
260475 0.925000
260575 0.926000
260728 0.927000
260924 0.928000
261204 0.929000
261227 0.930000
261253 0.931000
261303 0.932000
261573 0.933000
261808 0.934000
261828 0.935000
262059 0.936000
262241 0.937000
262442 0.938000
262682 0.939000
262855 0.940000
263150 0.941000
263293 0.942000
263321 0.943000
263698 0.944000
263761 0.945000
264302 0.946000
264543 0.947000
264699 0.948000
264953 0.949000
265369 0.950000
265850 0.951000
265932 0.952000
266133 0.953000
266358 0.954000
266651 0.955000
266675 0.956000
266715 0.957000
266948 0.958000
267003 0.959000
267050 0.960000
267077 0.961000
267082 0.962000
267184 0.963000
267254 0.964000
267313 0.965000
267499 0.966000
267554 0.967000
267600 0.968000
267605 0.969000
267628 0.970000
267891 0.971000
267916 0.972000
267961 0.973000
267994 0.974000
268013 0.975000
268030 0.976000
268167 0.977000
268712 0.978000
268738 0.979000
269031 0.980000
269249 0.981000
269488 0.982000
269502 0.983000
269713 0.984000
269979 0.985000
269985 0.986000
270095 0.987000
270899 0.988000
271384 0.989000
271463 0.990000
272011 0.991000
272976 0.992000
273662 0.993000
273973 0.994000
274927 0.995000
275214 0.996000
275366 0.997000
277935 0.998000
287443 0.999000
299637 1.000000


