198119 0.000000
198119 0.001000
208310 0.002000
215142 0.003000
234045 0.004000
240754 0.005000
244529 0.006000
244825 0.007000
249978 0.008000
258461 0.009000
268613 0.010000
269712 0.011000
275132 0.012000
277910 0.013000
279660 0.014000
282501 0.015000
283354 0.016000
283922 0.017000
284568 0.018000
294604 0.019000
297199 0.020000
298420 0.021000
299798 0.022000
300964 0.023000
301927 0.024000
303900 0.025000
304595 0.026000
310387 0.027000
312226 0.028000
314768 0.029000
315490 0.030000
315772 0.031000
318377 0.032000
318475 0.033000
320562 0.034000
320904 0.035000
321526 0.036000
321606 0.037000
321929 0.038000
322021 0.039000
323145 0.040000
327839 0.041000
330339 0.042000
331447 0.043000
332184 0.044000
336960 0.045000
337064 0.046000
338261 0.047000
339282 0.048000
339457 0.049000
340989 0.050000
343373 0.051000
343483 0.052000
343549 0.053000
348020 0.054000
348471 0.055000
348906 0.056000
349632 0.057000
350235 0.058000
351637 0.059000
351673 0.060000
351802 0.061000
352427 0.062000
353157 0.063000
353420 0.064000
355784 0.065000
358396 0.066000
359844 0.067000
359941 0.068000
360002 0.069000
360050 0.070000
360102 0.071000
360115 0.072000
360557 0.073000
361372 0.074000
361463 0.075000
363604 0.076000
364338 0.077000
364583 0.078000
364736 0.079000
366201 0.080000
367308 0.081000
369854 0.082000
371328 0.083000
371729 0.084000
371736 0.085000
371989 0.086000
372175 0.087000
372330 0.088000
372739 0.089000
372912 0.090000
374310 0.091000
374342 0.092000
375194 0.093000
375324 0.094000
376130 0.095000
376216 0.096000
379446 0.097000
379614 0.098000
379673 0.099000
382595 0.100000
387311 0.101000
388476 0.102000
392080 0.103000
392361 0.104000
392510 0.105000
393067 0.106000
395879 0.107000
396097 0.108000
396169 0.109000
396526 0.110000
396536 0.111000
397198 0.112000
397981 0.113000
398144 0.114000
398231 0.115000
398340 0.116000
400191 0.117000
400302 0.118000
400322 0.119000
400610 0.120000
402429 0.121000
404411 0.122000
405050 0.123000
407327 0.124000
407770 0.125000
407788 0.126000
407956 0.127000
408830 0.128000
409801 0.129000
411155 0.130000
411582 0.131000
411778 0.132000
412326 0.133000
413385 0.134000
415039 0.135000
415180 0.136000
416353 0.137000
416862 0.138000
416903 0.139000
418221 0.140000
419330 0.141000
419569 0.142000
419650 0.143000
419837 0.144000
420457 0.145000
421791 0.146000
422560 0.147000
425173 0.148000
427307 0.149000
427628 0.150000
428226 0.151000
428453 0.152000
429409 0.153000
429728 0.154000
430082 0.155000
430421 0.156000
431145 0.157000
431478 0.158000
431702 0.159000
432342 0.160000
432634 0.161000
432917 0.162000
434128 0.163000
434449 0.164000
435041 0.165000
435394 0.166000
436016 0.167000
436085 0.168000
436606 0.169000
439733 0.170000
439784 0.171000
439818 0.172000
440031 0.173000
440233 0.174000
440268 0.175000
441152 0.176000
441290 0.177000
442478 0.178000
443456 0.179000
446291 0.180000
446845 0.181000
447150 0.182000
447268 0.183000
447325 0.184000
447854 0.185000
447935 0.186000
448228 0.187000
448236 0.188000
448341 0.189000
448573 0.190000
451112 0.191000
451829 0.193000
452024 0.194000
452164 0.195000
452280 0.196000
453199 0.197000
453485 0.198000
455047 0.199000
455457 0.200000
455503 0.201000
458555 0.202000
459296 0.203000
459632 0.204000
460484 0.205000
461615 0.206000
461891 0.207000
462719 0.208000
464036 0.209000
464833 0.210000
465356 0.211000
466885 0.212000
467418 0.213000
467796 0.214000
468022 0.215000
468036 0.216000
468513 0.217000
469018 0.218000
469153 0.219000
469326 0.220000
469920 0.221000
470073 0.222000
470258 0.223000
470300 0.224000
470852 0.225000
470911 0.226000
471594 0.227000
471857 0.228000
471883 0.229000
471929 0.230000
472066 0.231000
472578 0.232000
474789 0.233000
474955 0.234000
475108 0.235000
475628 0.236000
475634 0.237000
475756 0.238000
476096 0.239000
476131 0.240000
476332 0.241000
477295 0.242000
477811 0.243000
478272 0.244000
478672 0.245000
479268 0.246000
479877 0.247000
479903 0.248000
479922 0.249000
481931 0.250000
483885 0.251000
484628 0.252000
485505 0.253000
485510 0.254000
485553 0.255000
485588 0.256000
485979 0.257000
486170 0.258000
487267 0.259000
487888 0.260000
487928 0.261000
488449 0.262000
488527 0.263000
488587 0.264000
488777 0.265000
489728 0.266000
489937 0.267000
490492 0.268000
491371 0.269000
491833 0.270000
492017 0.271000
492139 0.272000
492167 0.273000
492275 0.274000
493115 0.275000
493238 0.276000
494830 0.277000
495768 0.278000
495856 0.279000
496041 0.280000
497259 0.281000
497554 0.282000
497924 0.283000
498006 0.284000
498406 0.285000
499139 0.286000
499383 0.287000
499519 0.288000
499917 0.289000
500180 0.290000
501043 0.291000
501371 0.292000
502869 0.293000
503157 0.294000
503656 0.295000
503711 0.296000
503878 0.297000
504255 0.298000
504534 0.299000
505117 0.300000
505165 0.301000
505326 0.302000
505709 0.303000
507090 0.304000
507807 0.305000
507880 0.306000
507918 0.307000
508097 0.308000
508198 0.309000
508268 0.310000
508435 0.311000
509499 0.312000
509849 0.313000
510332 0.314000
510598 0.315000
511435 0.316000
511905 0.317000
512163 0.318000
512198 0.319000
513390 0.320000
513542 0.321000
513592 0.322000
515505 0.323000
515539 0.324000
516095 0.325000
516779 0.326000
516899 0.327000
517544 0.328000
517738 0.329000
518874 0.330000
518996 0.331000
519159 0.332000
519504 0.333000
519505 0.334000
519578 0.335000
519957 0.336000
519971 0.337000
520242 0.338000
521197 0.339000
522329 0.340000
522805 0.341000
523926 0.342000
524134 0.343000
524302 0.344000
524609 0.345000
524775 0.346000
524805 0.347000
525659 0.348000
526974 0.349000
527414 0.350000
527505 0.351000
527621 0.352000
527882 0.353000
527899 0.354000
528049 0.355000
528119 0.356000
528362 0.357000
528947 0.358000
529138 0.359000
529192 0.360000
529413 0.361000
529609 0.362000
529695 0.363000
529971 0.364000
530192 0.365000
530341 0.366000
530534 0.367000
531124 0.368000
531166 0.369000
531202 0.370000
532074 0.371000
532944 0.372000
533288 0.373000
533520 0.374000
534026 0.375000
534054 0.376000
534510 0.377000
534869 0.378000
535137 0.379000
535877 0.380000
535931 0.381000
535952 0.382000
535995 0.383000
536073 0.384000
536360 0.385000
537632 0.386000
538164 0.387000
539260 0.388000
540229 0.389000
540299 0.390000
540440 0.391000
540780 0.392000
541277 0.393000
542005 0.394000
542011 0.395000
542170 0.396000
542325 0.397000
542433 0.398000
542807 0.399000
542896 0.400000
543510 0.401000
543944 0.402000
543969 0.403000
544550 0.404000
545721 0.405000
546002 0.406000
547814 0.407000
547976 0.408000
548260 0.409000
548596 0.410000
548754 0.411000
549340 0.412000
549521 0.413000
549650 0.414000
550202 0.415000
550415 0.416000
550640 0.417000
551849 0.418000
552310 0.419000
552460 0.420000
552872 0.421000
554473 0.422000
555055 0.423000
555160 0.424000
555935 0.425000
556262 0.426000
556751 0.427000
557974 0.428000
558064 0.429000
558579 0.430000
558652 0.431000
558740 0.432000
559347 0.433000
559471 0.434000
559871 0.435000
559912 0.436000
560109 0.437000
560219 0.438000
560231 0.439000
560256 0.440000
560920 0.441000
561176 0.442000
561399 0.443000
562522 0.444000
562917 0.445000
563229 0.446000
563355 0.447000
563461 0.448000
563717 0.449000
564242 0.450000
564275 0.451000
564361 0.452000
565274 0.453000
565801 0.454000
566024 0.455000
566269 0.456000
566535 0.457000
566835 0.458000
567152 0.459000
567295 0.460000
567450 0.461000
568010 0.462000
568218 0.463000
568502 0.464000
569366 0.465000
570578 0.466000
570771 0.467000
571236 0.468000
572016 0.469000
572192 0.470000
572489 0.471000
572531 0.472000
572667 0.473000
573495 0.474000
574422 0.475000
575109 0.476000
575453 0.477000
575581 0.478000
575780 0.479000
575902 0.480000
576106 0.481000
576129 0.482000
577064 0.483000
577776 0.484000
577848 0.485000
578535 0.486000
579413 0.487000
579845 0.488000
579880 0.489000
580378 0.490000
580925 0.491000
581357 0.492000
581398 0.493000
581541 0.494000
581747 0.495000
582169 0.496000
582506 0.497000
582867 0.498000
583210 0.499000
583372 0.500000
584172 0.501000
584324 0.502000
584383 0.503000
584836 0.504000
584949 0.505000
585668 0.506000
585899 0.507000
585972 0.508000
586353 0.509000
586466 0.510000
586478 0.511000
586588 0.512000
586761 0.513000
587833 0.514000
587907 0.515000
587925 0.516000
588190 0.517000
588333 0.518000
588918 0.519000
591040 0.520000
591084 0.521000
591414 0.522000
591507 0.523000
591942 0.524000
592046 0.525000
592127 0.526000
592344 0.527000
592685 0.528000
592893 0.529000
593265 0.530000
595462 0.531000
595527 0.532000
595805 0.533000
596265 0.534000
596623 0.535000
597542 0.536000
597562 0.537000
597691 0.538000
597839 0.539000
598063 0.540000
598637 0.541000
599443 0.542000
599726 0.543000
599973 0.544000
600050 0.545000
600102 0.546000
600227 0.547000
600755 0.548000
600764 0.549000
600923 0.550000
601263 0.551000
601352 0.552000
601878 0.553000
602028 0.554000
602042 0.555000
602157 0.556000
602182 0.557000
602494 0.558000
602561 0.559000
602600 0.560000
602884 0.561000
603271 0.562000
603352 0.563000
603388 0.564000
603448 0.565000
603863 0.566000
603913 0.567000
603980 0.568000
604103 0.569000
604299 0.570000
604846 0.571000
604955 0.572000
605730 0.573000
606065 0.574000
606533 0.575000
606615 0.576000
606679 0.577000
607118 0.578000
607314 0.579000
607543 0.580000
607666 0.581000
607974 0.582000
607987 0.583000
608100 0.584000
608148 0.585000
608335 0.586000
608519 0.587000
608665 0.588000
608914 0.589000
609321 0.590000
609337 0.591000
609533 0.592000
610420 0.593000
610450 0.594000
610933 0.595000
610950 0.596000
611050 0.597000
611357 0.598000
611904 0.599000
611956 0.600000
612079 0.601000
612169 0.602000
612455 0.603000
612643 0.604000
613424 0.605000
613494 0.606000
613496 0.607000
613916 0.608000
615139 0.609000
615296 0.610000
615711 0.611000
615715 0.612000
616620 0.613000
616989 0.614000
617814 0.615000
618007 0.616000
618341 0.617000
619290 0.618000
619932 0.619000
620378 0.620000
620950 0.621000
620951 0.622000
621070 0.623000
621213 0.624000
621788 0.625000
622126 0.626000
622191 0.627000
622433 0.628000
622485 0.629000
623053 0.630000
623429 0.631000
623471 0.632000
623972 0.633000
624055 0.634000
625855 0.635000
626231 0.636000
626235 0.637000
626293 0.638000
626557 0.639000
626603 0.640000
626847 0.641000
627053 0.642000
628338 0.643000
628765 0.644000
628772 0.645000
628876 0.646000
628994 0.647000
629302 0.648000
629961 0.649000
630230 0.650000
630561 0.651000
631641 0.652000
631663 0.653000
632273 0.654000
632684 0.655000
632934 0.656000
633256 0.657000
633363 0.658000
633712 0.659000
634137 0.660000
634812 0.661000
635095 0.662000
635736 0.663000
635919 0.664000
636047 0.665000
636192 0.666000
636753 0.667000
637259 0.668000
637436 0.669000
637608 0.670000
637786 0.671000
638439 0.672000
638699 0.673000
639325 0.674000
639793 0.675000
639901 0.676000
640162 0.677000
640263 0.678000
640811 0.679000
641244 0.680000
641317 0.681000
641865 0.682000
642753 0.683000
643159 0.684000
643533 0.685000
643659 0.686000
643666 0.687000
643724 0.688000
643852 0.689000
643993 0.690000
644014 0.691000
644813 0.692000
644865 0.693000
645630 0.694000
646126 0.695000
646380 0.696000
646520 0.697000
646692 0.698000
647788 0.699000
648170 0.700000
649162 0.701000
651388 0.702000
651965 0.703000
652115 0.704000
652487 0.705000
652788 0.706000
652891 0.707000
653157 0.708000
653625 0.709000
654259 0.710000
654269 0.711000
654408 0.712000
654446 0.713000
654560 0.714000
655018 0.715000
655060 0.716000
655093 0.717000
655385 0.718000
655490 0.719000
655997 0.720000
656119 0.722000
656253 0.723000
656366 0.724000
657883 0.725000
658199 0.726000
659636 0.727000
663184 0.728000
663493 0.729000
663556 0.730000
664077 0.731000
664332 0.732000
664362 0.733000
664366 0.734000
664401 0.735000
664617 0.736000
664838 0.737000
665081 0.738000
665516 0.739000
666134 0.740000
666259 0.741000
667002 0.742000
667283 0.743000
667348 0.744000
667655 0.745000
667913 0.746000
668009 0.747000
668552 0.748000
668677 0.749000
668830 0.750000
669367 0.751000
669640 0.752000
670448 0.753000
671955 0.754000
671958 0.755000
671960 0.756000
671966 0.757000
672070 0.758000
672143 0.759000
672313 0.760000
672989 0.761000
673165 0.762000
673371 0.763000
673425 0.764000
673426 0.765000
673836 0.766000
674119 0.767000
674583 0.768000
674866 0.769000
675079 0.770000
675524 0.771000
676205 0.772000
676460 0.773000
677845 0.774000
678205 0.775000
678422 0.776000
679286 0.777000
680420 0.778000
680711 0.779000
681448 0.780000
682003 0.781000
682262 0.782000
682505 0.783000
682833 0.784000
683315 0.785000
683322 0.786000
683462 0.787000
684436 0.788000
684452 0.789000
684668 0.790000
686651 0.791000
686861 0.792000
687509 0.793000
687983 0.794000
689470 0.795000
689768 0.796000
689875 0.797000
690715 0.798000
691734 0.799000
691879 0.800000
692825 0.801000
693032 0.802000
693153 0.803000
694019 0.804000
694335 0.805000
695476 0.806000
695565 0.807000
695630 0.808000
695799 0.809000
695941 0.810000
695999 0.811000
696103 0.812000
696215 0.813000
696314 0.814000
696390 0.815000
697139 0.816000
697184 0.817000
697633 0.818000
697858 0.819000
699267 0.820000
699395 0.821000
699725 0.822000
700449 0.823000
700637 0.824000
701278 0.825000
702072 0.826000
702666 0.827000
702912 0.828000
703377 0.829000
704017 0.830000
704259 0.831000
705296 0.832000
705314 0.833000
705852 0.834000
706166 0.835000
706543 0.836000
707299 0.837000
707479 0.838000
708737 0.839000
709281 0.840000
710820 0.841000
711524 0.842000
711820 0.843000
711895 0.844000
712075 0.845000
712200 0.846000
712319 0.847000
712473 0.848000
712756 0.849000
713957 0.850000
714419 0.851000
714670 0.852000
715058 0.853000
715599 0.854000
715633 0.855000
715636 0.856000
716168 0.857000
716237 0.858000
716979 0.859000
717594 0.860000
718083 0.861000
719345 0.862000
719743 0.863000
719903 0.864000
720467 0.865000
721265 0.866000
722284 0.867000
722574 0.868000
723758 0.869000
723938 0.870000
724497 0.871000
725328 0.872000
725749 0.873000
727797 0.874000
728741 0.875000
730435 0.876000
731411 0.877000
731906 0.878000
732291 0.879000
734020 0.880000
734380 0.881000
734750 0.882000
736245 0.883000
739151 0.884000
739759 0.885000
740553 0.886000
741164 0.887000
743281 0.888000
743304 0.889000
743905 0.890000
745192 0.891000
747771 0.892000
748476 0.893000
750023 0.894000
750361 0.895000
750739 0.896000
751106 0.897000
751228 0.898000
753009 0.899000
753191 0.900000
753699 0.901000
754104 0.902000
755607 0.903000
755629 0.904000
755915 0.905000
756154 0.906000
756176 0.907000
756413 0.908000
756490 0.909000
757037 0.910000
758563 0.911000
758839 0.912000
759184 0.913000
760078 0.914000
760189 0.915000
760371 0.916000
760589 0.917000
760855 0.918000
760876 0.919000
761030 0.920000
761821 0.921000
762377 0.922000
762386 0.923000
763700 0.924000
763927 0.925000
764708 0.926000
766223 0.927000
766944 0.928000
772337 0.929000
773278 0.930000
774261 0.931000
775856 0.932000
776250 0.933000
777127 0.934000
777658 0.935000
778143 0.936000
778621 0.937000
778805 0.938000
779570 0.939000
780077 0.940000
780815 0.941000
785088 0.942000
787330 0.943000
790413 0.944000
791165 0.945000
791744 0.946000
792924 0.947000
792936 0.948000
794804 0.949000
795741 0.950000
796756 0.951000
797920 0.952000
799643 0.953000
799765 0.954000
800697 0.955000
803572 0.956000
804211 0.957000
805647 0.958000
806440 0.959000
808330 0.960000
809259 0.961000
811246 0.962000
812395 0.963000
812666 0.964000
813454 0.965000
815760 0.966000
815823 0.967000
817600 0.968000
819098 0.969000
820227 0.970000
822363 0.971000
822613 0.972000
828378 0.973000
828386 0.974000
833613 0.975000
836271 0.976000
836828 0.977000
839967 0.978000
843302 0.979000
843815 0.980000
846481 0.981000
848972 0.982000
854254 0.983000
860496 0.984000
862150 0.985000
865478 0.986000
865731 0.987000
870869 0.988000
871626 0.989000
873181 0.990000
874073 0.991000
879356 0.992000
888855 0.993000
892656 0.994000
895893 0.995000
904170 0.996000
912027 0.997000
912580 0.998000
920239 0.999000
922688 1.000000


