215554 0.000000
215554 0.001000
223360 0.002000
223510 0.003000
224823 0.004000
225226 0.005000
225273 0.006000
227465 0.007000
227749 0.008000
229870 0.009000
230507 0.010000
231756 0.011000
232140 0.012000
232216 0.013000
232415 0.014000
232835 0.015000
232925 0.016000
233010 0.017000
233962 0.018000
234744 0.019000
235111 0.020000
236382 0.021000
236496 0.022000
236535 0.023000
237034 0.024000
237103 0.025000
237278 0.026000
237756 0.027000
237822 0.028000
238108 0.029000
238698 0.030000
239381 0.031000
239432 0.032000
239873 0.033000
240223 0.034000
240369 0.035000
240482 0.036000
240545 0.037000
240607 0.038000
241187 0.039000
241431 0.040000
241889 0.041000
242001 0.042000
242215 0.043000
242802 0.044000
242815 0.045000
242937 0.046000
243431 0.047000
243478 0.048000
243641 0.049000
243925 0.050000
244070 0.051000
244512 0.052000
244622 0.053000
244935 0.054000
245159 0.055000
245612 0.056000
245660 0.057000
245856 0.058000
246112 0.059000
246230 0.060000
246642 0.061000
246824 0.062000
246835 0.063000
246923 0.064000
246952 0.065000
247044 0.066000
247124 0.067000
247231 0.068000
247461 0.069000
247599 0.070000
247676 0.071000
247882 0.072000
247931 0.073000
247996 0.074000
248107 0.075000
248207 0.076000
248217 0.077000
248291 0.078000
248465 0.079000
248501 0.080000
248677 0.081000
248697 0.082000
248745 0.083000
248781 0.084000
248929 0.085000
249205 0.086000
249313 0.087000
249337 0.088000
249363 0.089000
249386 0.090000
249471 0.091000
249510 0.092000
249642 0.093000
249685 0.094000
249806 0.095000
249856 0.096000
249897 0.097000
249985 0.098000
250223 0.099000
250224 0.100000
250342 0.101000
250445 0.102000
250506 0.103000
250514 0.104000
250515 0.105000
250558 0.106000
250587 0.107000
250774 0.108000
250836 0.109000
250842 0.110000
250862 0.111000
250909 0.112000
250918 0.113000
250940 0.114000
250977 0.115000
250982 0.116000
251133 0.117000
251177 0.118000
251211 0.119000
251263 0.120000
251428 0.121000
251466 0.122000
251529 0.123000
251545 0.124000
251550 0.125000
251754 0.126000
251806 0.127000
251885 0.128000
252002 0.129000
252075 0.130000
252111 0.131000
252223 0.132000
252339 0.133000
252396 0.134000
252424 0.135000
252469 0.136000
252484 0.137000
252536 0.138000
252639 0.139000
252657 0.140000
252665 0.141000
252715 0.142000
252840 0.143000
252844 0.144000
252860 0.145000
252917 0.146000
252926 0.147000
253027 0.148000
253076 0.149000
253114 0.150000
253117 0.151000
253256 0.152000
253260 0.153000
253264 0.154000
253312 0.155000
253338 0.156000
253390 0.157000
253437 0.158000
253448 0.159000
253501 0.160000
253508 0.161000
253567 0.162000
253571 0.163000
253573 0.164000
253655 0.165000
253774 0.166000
253828 0.167000
253838 0.168000
253914 0.169000
253957 0.170000
254040 0.171000
254046 0.172000
254073 0.173000
254231 0.174000
254308 0.175000
254465 0.176000
254496 0.177000
254607 0.178000
254691 0.179000
254757 0.180000
254930 0.181000
254935 0.182000
255052 0.183000
255142 0.184000
255164 0.185000
255185 0.186000
255210 0.187000
255221 0.188000
255349 0.189000
255353 0.190000
255356 0.191000
255365 0.192000
255385 0.193000
255432 0.194000
255707 0.195000
255843 0.196000
255889 0.197000
255899 0.198000
255938 0.199000
255950 0.200000
256019 0.201000
256060 0.202000
256154 0.204000
256258 0.205000
256281 0.206000
256293 0.207000
256435 0.208000
256458 0.209000
256481 0.210000
256506 0.211000
256544 0.212000
256654 0.213000
256831 0.214000
256951 0.215000
256995 0.216000
257135 0.217000
257167 0.218000
257171 0.219000
257179 0.220000
257326 0.221000
257339 0.222000
257475 0.223000
257497 0.224000
257499 0.225000
257502 0.226000
257568 0.227000
257682 0.228000
257806 0.229000
257974 0.230000
258133 0.231000
258140 0.232000
258162 0.233000
258194 0.234000
258267 0.235000
258299 0.236000
258432 0.237000
258593 0.238000
258607 0.239000
258614 0.240000
258632 0.241000
258646 0.242000
258653 0.243000
258682 0.244000
258689 0.245000
258704 0.246000
258778 0.247000
258785 0.248000
258792 0.249000
258886 0.250000
258950 0.251000
259128 0.252000
259166 0.253000
259174 0.254000
259199 0.255000
259277 0.256000
259353 0.257000
259407 0.258000
259465 0.259000
259593 0.260000
259680 0.261000
259695 0.262000
259711 0.263000
259716 0.264000
259742 0.265000
259750 0.266000
259795 0.267000
259882 0.268000
260036 0.269000
260053 0.270000
260072 0.271000
260170 0.272000
260171 0.273000
260199 0.274000
260267 0.275000
260434 0.276000
260494 0.277000
260555 0.278000
260618 0.279000
260623 0.280000
260647 0.281000
260741 0.282000
260751 0.283000
260754 0.284000
260790 0.285000
260832 0.286000
260837 0.287000
260841 0.288000
260926 0.289000
260967 0.290000
261010 0.291000
261089 0.292000
261115 0.293000
261188 0.294000
261218 0.295000
261236 0.296000
261243 0.297000
261260 0.298000
261340 0.299000
261404 0.300000
261458 0.301000
261502 0.302000
261527 0.303000
261591 0.304000
261625 0.305000
261692 0.306000
261744 0.307000
261748 0.308000
261755 0.309000
261852 0.310000
261904 0.311000
261964 0.312000
261991 0.313000
262005 0.314000
262111 0.315000
262131 0.316000
262182 0.317000
262526 0.318000
262599 0.319000
262672 0.320000
262702 0.321000
262759 0.322000
262797 0.323000
262874 0.324000
262894 0.325000
262904 0.326000
262937 0.327000
262952 0.328000
263000 0.329000
263023 0.330000
263054 0.331000
263133 0.332000
263136 0.333000
263192 0.334000
263209 0.335000
263241 0.336000
263248 0.337000
263253 0.338000
263346 0.339000
263356 0.340000
263416 0.341000
263435 0.342000
263476 0.343000
263480 0.344000
263585 0.345000
263595 0.346000
263599 0.347000
263666 0.348000
263692 0.349000
263701 0.350000
263756 0.351000
263851 0.352000
263873 0.353000
263880 0.354000
263981 0.355000
263996 0.356000
264053 0.357000
264058 0.358000
264082 0.359000
264098 0.360000
264145 0.361000
264188 0.362000
264257 0.364000
264322 0.365000
264342 0.366000
264386 0.367000
264391 0.368000
264392 0.369000
264401 0.370000
264408 0.371000
264420 0.372000
264439 0.373000
264443 0.374000
264532 0.375000
264543 0.376000
264600 0.377000
264610 0.378000
264648 0.379000
264668 0.380000
264676 0.381000
264761 0.382000
264775 0.383000
264808 0.384000
264833 0.385000
264930 0.386000
264957 0.387000
265143 0.388000
265254 0.389000
265257 0.390000
265273 0.391000
265309 0.392000
265456 0.393000
265496 0.394000
265497 0.395000
265527 0.396000
265587 0.397000
265687 0.398000
265693 0.399000
265761 0.400000
265778 0.401000
265799 0.402000
265806 0.403000
265884 0.404000
265888 0.405000
265890 0.406000
265936 0.407000
265961 0.408000
265978 0.409000
266041 0.410000
266108 0.411000
266177 0.412000
266225 0.413000
266328 0.414000
266343 0.415000
266370 0.416000
266372 0.417000
266386 0.418000
266422 0.419000
266467 0.420000
266535 0.421000
266556 0.422000
266584 0.423000
266586 0.424000
266590 0.425000
266593 0.426000
266629 0.427000
266632 0.428000
266696 0.429000
266790 0.430000
266798 0.431000
266826 0.432000
266948 0.433000
267010 0.434000
267149 0.435000
267162 0.436000
267168 0.437000
267245 0.438000
267356 0.439000
267475 0.440000
267499 0.441000
267545 0.442000
267574 0.443000
267596 0.444000
267630 0.445000
267684 0.446000
267729 0.447000
267813 0.448000
267821 0.449000
267830 0.450000
267875 0.451000
267991 0.452000
268005 0.453000
268049 0.454000
268109 0.455000
268118 0.456000
268133 0.457000
268204 0.458000
268205 0.459000
268214 0.460000
268242 0.461000
268268 0.462000
268278 0.463000
268294 0.464000
268316 0.465000
268467 0.466000
268476 0.467000
268551 0.468000
268556 0.469000
268636 0.470000
268682 0.471000
268817 0.472000
268868 0.473000
268888 0.474000
268916 0.475000
268961 0.476000
269011 0.477000
269091 0.478000
269166 0.479000
269301 0.480000
269302 0.481000
269414 0.482000
269437 0.483000
269497 0.484000
269531 0.485000
269596 0.486000
269748 0.487000
269771 0.488000
269829 0.489000
269846 0.490000
269868 0.491000
269944 0.492000
269955 0.493000
269964 0.494000
269984 0.495000
269985 0.496000
269987 0.497000
270009 0.498000
270014 0.499000
270029 0.500000
270053 0.501000
270112 0.502000
270123 0.503000
270146 0.504000
270163 0.505000
270190 0.506000
270259 0.507000
270286 0.508000
270288 0.509000
270289 0.510000
270354 0.511000
270381 0.512000
270470 0.513000
270551 0.515000
270565 0.516000
270575 0.517000
270597 0.518000
270631 0.519000
270648 0.520000
270672 0.521000
270718 0.522000
270740 0.523000
270840 0.524000
270842 0.525000
270857 0.526000
270906 0.527000
270909 0.528000
270941 0.529000
270971 0.530000
270987 0.531000
271036 0.532000
271052 0.533000
271091 0.534000
271123 0.535000
271143 0.536000
271227 0.537000
271250 0.538000
271254 0.539000
271310 0.540000
271337 0.541000
271343 0.542000
271353 0.543000
271499 0.544000
271514 0.545000
271527 0.546000
271533 0.547000
271597 0.548000
271617 0.549000
271623 0.550000
271643 0.551000
271708 0.552000
271741 0.553000
271782 0.554000
271796 0.555000
271843 0.556000
271940 0.557000
271943 0.558000
271965 0.559000
272031 0.561000
272047 0.562000
272101 0.563000
272120 0.564000
272133 0.565000
272134 0.566000
272167 0.567000
272227 0.568000
272230 0.569000
272280 0.570000
272296 0.571000
272316 0.572000
272349 0.573000
272357 0.574000
272371 0.575000
272489 0.576000
272496 0.577000
272499 0.578000
272503 0.579000
272514 0.580000
272539 0.581000
272586 0.582000
272606 0.583000
272680 0.584000
272723 0.585000
272757 0.586000
272762 0.587000
272798 0.589000
272809 0.590000
273055 0.591000
273070 0.592000
273138 0.593000
273180 0.594000
273185 0.595000
273224 0.596000
273517 0.597000
273602 0.598000
273678 0.599000
273730 0.600000
273745 0.601000
273778 0.602000
273877 0.603000
273903 0.604000
273965 0.605000
274012 0.606000
274020 0.607000
274104 0.608000
274117 0.609000
274142 0.610000
274143 0.611000
274159 0.612000
274192 0.613000
274210 0.614000
274256 0.615000
274297 0.616000
274308 0.617000
274319 0.618000
274323 0.619000
274328 0.620000
274373 0.621000
274394 0.622000
274399 0.623000
274436 0.624000
274466 0.625000
274479 0.626000
274536 0.627000
274582 0.628000
274654 0.629000
274660 0.630000
274704 0.631000
274734 0.632000
274749 0.633000
274751 0.634000
274853 0.635000
274864 0.636000
274871 0.637000
275043 0.638000
275048 0.639000
275053 0.640000
275139 0.641000
275238 0.642000
275243 0.643000
275316 0.644000
275339 0.645000
275381 0.646000
275397 0.647000
275441 0.648000
275444 0.650000
275482 0.651000
275594 0.652000
275660 0.653000
275718 0.654000
275795 0.655000
276060 0.656000
276069 0.657000
276138 0.658000
276164 0.659000
276178 0.660000
276240 0.661000
276311 0.662000
276318 0.663000
276328 0.664000
276333 0.665000
276356 0.666000
276416 0.667000
276420 0.668000
276479 0.669000
276501 0.670000
276528 0.671000
276580 0.672000
276627 0.673000
276649 0.674000
276663 0.675000
276716 0.676000
276727 0.677000
276734 0.678000
276763 0.679000
276781 0.680000
276880 0.681000
276915 0.682000
276941 0.683000
276994 0.684000
277058 0.685000
277070 0.686000
277083 0.687000
277110 0.688000
277115 0.689000
277186 0.690000
277200 0.691000
277213 0.692000
277246 0.693000
277309 0.694000
277392 0.695000
277543 0.696000
277556 0.697000
277558 0.698000
277571 0.699000
277655 0.700000
277666 0.701000
277775 0.702000
277882 0.703000
278026 0.704000
278074 0.705000
278216 0.706000
278279 0.707000
278316 0.708000
278353 0.709000
278459 0.710000
278498 0.711000
278509 0.712000
278617 0.713000
278636 0.714000
278640 0.715000
278688 0.716000
278752 0.717000
278780 0.718000
278815 0.719000
278827 0.720000
278853 0.721000
278891 0.722000
278957 0.723000
279025 0.724000
279111 0.725000
279148 0.726000
279194 0.727000
279356 0.728000
279471 0.729000
279485 0.730000
279506 0.731000
279510 0.732000
279542 0.733000
279565 0.734000
279588 0.735000
279592 0.736000
279657 0.737000
279660 0.738000
279704 0.739000
279715 0.740000
279793 0.741000
279832 0.742000
279847 0.743000
279865 0.744000
279866 0.745000
279968 0.746000
279999 0.747000
280049 0.748000
280125 0.749000
280351 0.750000
280374 0.751000
280441 0.752000
280466 0.753000
280536 0.754000
280540 0.755000
280580 0.756000
280617 0.757000
280704 0.758000
280750 0.759000
280761 0.760000
280779 0.761000
280801 0.762000
280866 0.763000
280900 0.764000
280965 0.765000
281093 0.766000
281151 0.767000
281226 0.768000
281257 0.769000
281309 0.770000
281317 0.771000
281318 0.772000
281348 0.773000
281405 0.774000
281406 0.775000
281453 0.776000
281611 0.777000
281626 0.778000
281700 0.779000
281783 0.780000
281806 0.781000
281931 0.782000
281945 0.783000
281967 0.784000
282051 0.785000
282159 0.786000
282174 0.787000
282217 0.788000
282221 0.789000
282385 0.790000
282407 0.791000
282418 0.792000
282456 0.793000
282460 0.794000
282465 0.795000
282468 0.796000
282488 0.797000
282626 0.798000
282835 0.799000
282892 0.800000
282895 0.801000
282951 0.802000
282977 0.803000
283055 0.804000
283058 0.805000
283217 0.806000
283230 0.807000
283320 0.808000
283351 0.809000
283402 0.810000
283428 0.811000
283466 0.812000
283492 0.813000
283507 0.814000
283588 0.815000
283841 0.816000
283866 0.817000
283884 0.818000
283911 0.819000
284014 0.820000
284020 0.821000
284076 0.822000
284077 0.823000
284101 0.824000
284207 0.825000
284256 0.826000
284260 0.827000
284622 0.828000
284639 0.829000
284660 0.830000
284750 0.831000
284764 0.832000
284888 0.833000
284934 0.834000
284958 0.835000
285093 0.836000
285144 0.837000
285194 0.838000
285199 0.839000
285216 0.840000
285245 0.841000
285305 0.842000
285486 0.843000
285503 0.844000
285698 0.845000
285700 0.846000
285718 0.847000
285724 0.848000
285771 0.849000
285842 0.850000
286098 0.851000
286133 0.852000
286148 0.853000
286198 0.854000
286216 0.855000
286499 0.856000
286550 0.857000
286646 0.858000
286656 0.859000
286694 0.860000
286872 0.861000
287045 0.862000
287231 0.863000
287260 0.864000
287316 0.865000
287548 0.866000
287603 0.867000
287715 0.868000
287748 0.869000
287753 0.870000
287860 0.871000
287887 0.872000
287927 0.873000
288019 0.874000
288227 0.875000
288391 0.876000
288447 0.877000
288463 0.878000
288528 0.879000
288709 0.880000
288782 0.881000
288853 0.882000
288968 0.883000
289140 0.884000
289191 0.885000
289265 0.886000
289316 0.887000
289395 0.888000
289427 0.889000
289451 0.890000
289474 0.891000
289515 0.892000
289532 0.893000
289659 0.894000
289786 0.895000
289838 0.896000
289975 0.897000
290147 0.898000
290279 0.899000
290344 0.900000
290400 0.901000
290428 0.902000
290439 0.903000
290466 0.904000
290526 0.905000
290900 0.906000
291069 0.907000
291189 0.908000
291723 0.909000
292048 0.910000
292212 0.911000
292393 0.912000
292681 0.913000
292688 0.914000
292733 0.915000
292756 0.916000
292830 0.917000
292842 0.918000
292867 0.919000
293008 0.920000
293132 0.921000
293146 0.922000
293203 0.923000
293306 0.924000
293312 0.925000
293393 0.926000
293530 0.927000
293577 0.928000
293673 0.929000
293817 0.930000
294108 0.931000
294245 0.932000
294432 0.933000
294912 0.934000
295071 0.935000
295110 0.936000
295378 0.937000
295883 0.938000
295914 0.939000
296147 0.940000
296251 0.941000
296358 0.942000
296716 0.943000
296970 0.944000
297780 0.945000
297972 0.946000
298158 0.947000
298187 0.948000
298222 0.949000
298383 0.950000
298790 0.951000
298922 0.952000
299083 0.953000
299174 0.954000
299813 0.955000
299942 0.956000
300016 0.957000
300080 0.958000
300768 0.959000
301746 0.960000
301960 0.961000
301996 0.962000
302231 0.963000
302259 0.964000
302289 0.965000
302349 0.966000
302963 0.967000
303428 0.968000
303665 0.969000
303670 0.970000
304071 0.971000
304216 0.972000
304382 0.973000
305093 0.974000
305197 0.975000
305282 0.976000
305879 0.977000
306036 0.978000
306079 0.979000
307396 0.980000
307445 0.981000
307519 0.982000
307663 0.983000
309024 0.984000
309183 0.985000
309379 0.986000
309624 0.987000
310221 0.988000
310935 0.989000
311176 0.990000
311644 0.991000
313454 0.992000
317330 0.993000
317692 0.994000
318614 0.995000
320730 0.996000
321413 0.997000
333292 0.998000
340902 0.999000
340962 1.000000


161 0.000000
161 0.001000
164 0.002000
166 0.003000
175 0.006000
177 0.009000
178 0.011000
179 0.016000
180 0.023000
181 0.027000
182 0.035000
183 0.044000
184 0.054000
185 0.063000
186 0.069000
187 0.086000
188 0.101000
189 0.122000
190 0.148000
191 0.174000
192 0.195000
193 0.229000
194 0.249000
195 0.281000
196 0.315000
197 0.357000
198 0.412000
199 0.450000
200 0.492000
201 0.535000
202 0.570000
203 0.605000
204 0.637000
205 0.678000
206 0.716000
207 0.755000
208 0.786000
209 0.814000
210 0.834000
211 0.858000
212 0.879000
213 0.895000
214 0.910000
215 0.923000
216 0.934000
217 0.943000
218 0.951000
219 0.957000
220 0.965000
221 0.966000
222 0.974000
223 0.978000
224 0.981000
225 0.985000
226 0.988000
227 0.989000
228 0.990000
229 0.991000
230 0.992000
234 0.994000
238 0.996000
239 0.997000
258 0.998000
273 0.999000
280 1.000000


