790908 0.000000
790908 0.001000
850617 0.002000
928481 0.003000
953508 0.004000
962855 0.005000
1001320 0.006000
1009745 0.007000
1012701 0.008000
1022984 0.009000
1041453 0.010000
1052851 0.011000
1061072 0.012000
1086368 0.013000
1115230 0.014000
1122831 0.015000
1123715 0.016000
1127876 0.017000
1128005 0.018000
1151326 0.019000
1193737 0.020000
1193744 0.021000
1209120 0.022000
1209492 0.023000
1211051 0.024000
1223082 0.025000
1228086 0.026000
1228272 0.027000
1231092 0.028000
1237796 0.029000
1239197 0.030000
1240720 0.031000
1243489 0.032000
1245446 0.033000
1262672 0.034000
1275603 0.035000
1279778 0.036000
1280893 0.037000
1287974 0.038000
1288050 0.039000
1288190 0.040000
1289725 0.041000
1290333 0.042000
1290775 0.043000
1300357 0.044000
1300426 0.045000
1300774 0.046000
1302613 0.047000
1303196 0.048000
1306040 0.049000
1310200 0.050000
1311213 0.051000
1314737 0.052000
1316966 0.053000
1318354 0.054000
1322243 0.055000
1327061 0.056000
1331602 0.057000
1332920 0.058000
1334074 0.059000
1334994 0.060000
1337210 0.061000
1341368 0.062000
1342462 0.063000
1343966 0.064000
1347749 0.065000
1348905 0.066000
1349169 0.067000
1350417 0.068000
1352437 0.069000
1355148 0.070000
1356104 0.071000
1357522 0.072000
1357975 0.073000
1358227 0.074000
1360630 0.075000
1362241 0.076000
1363591 0.077000
1363885 0.078000
1369971 0.079000
1371189 0.080000
1373232 0.081000
1376395 0.082000
1381804 0.083000
1382853 0.084000
1383006 0.085000
1388073 0.086000
1388293 0.087000
1388452 0.088000
1390037 0.089000
1390824 0.090000
1391080 0.091000
1391118 0.092000
1393671 0.093000
1395223 0.094000
1396191 0.095000
1397810 0.096000
1399256 0.097000
1399455 0.098000
1400539 0.099000
1401798 0.100000
1402729 0.101000
1404241 0.102000
1404750 0.103000
1406413 0.104000
1409428 0.105000
1409484 0.106000
1410415 0.107000
1410431 0.108000
1413588 0.109000
1415049 0.110000
1415811 0.111000
1416140 0.112000
1418133 0.113000
1421212 0.114000
1423792 0.115000
1424776 0.116000
1426054 0.117000
1426226 0.118000
1428700 0.119000
1430539 0.120000
1432159 0.121000
1432423 0.122000
1432716 0.123000
1433579 0.124000
1435512 0.125000
1437086 0.126000
1437494 0.127000
1437500 0.128000
1438092 0.129000
1438677 0.130000
1439051 0.131000
1439947 0.132000
1440243 0.133000
1441427 0.134000
1442274 0.135000
1442597 0.136000
1447755 0.137000
1448128 0.138000
1449438 0.139000
1449683 0.140000
1450539 0.141000
1451008 0.142000
1451139 0.143000
1452879 0.144000
1455187 0.145000
1455355 0.146000
1456030 0.147000
1456497 0.148000
1457504 0.149000
1457820 0.150000
1458057 0.151000
1459712 0.152000
1462029 0.153000
1463536 0.154000
1463669 0.155000
1463963 0.156000
1464055 0.157000
1464839 0.158000
1465694 0.159000
1466709 0.160000
1466956 0.161000
1471986 0.162000
1473707 0.163000
1473991 0.164000
1474722 0.165000
1475292 0.166000
1476662 0.167000
1477568 0.168000
1477896 0.169000
1478058 0.170000
1478522 0.171000
1478870 0.172000
1479588 0.173000
1479669 0.174000
1480238 0.175000
1480386 0.176000
1480929 0.177000
1481175 0.178000
1481944 0.179000
1483640 0.180000
1485065 0.181000
1486696 0.182000
1487197 0.183000
1487687 0.184000
1487874 0.185000
1488017 0.186000
1488174 0.187000
1488737 0.188000
1489581 0.189000
1489981 0.190000
1490039 0.191000
1490201 0.192000
1490678 0.193000
1490700 0.194000
1491104 0.195000
1492541 0.196000
1493312 0.197000
1493904 0.198000
1494392 0.199000
1494715 0.200000
1495084 0.201000
1495280 0.202000
1495538 0.203000
1496259 0.204000
1497317 0.205000
1498054 0.206000
1498272 0.207000
1498709 0.208000
1499991 0.209000
1500032 0.210000
1500617 0.211000
1502773 0.212000
1503046 0.213000
1503200 0.214000
1503904 0.215000
1505110 0.216000
1505467 0.217000
1506108 0.218000
1507328 0.219000
1507999 0.220000
1508289 0.221000
1508933 0.222000
1509233 0.223000
1509572 0.224000
1511296 0.225000
1511344 0.226000
1511480 0.227000
1511511 0.228000
1511934 0.229000
1513161 0.230000
1513241 0.231000
1513456 0.232000
1513886 0.233000
1514577 0.234000
1515237 0.235000
1515832 0.236000
1515942 0.237000
1516079 0.238000
1516262 0.239000
1516364 0.240000
1516370 0.241000
1516646 0.242000
1517577 0.243000
1518266 0.244000
1519310 0.245000
1519467 0.246000
1519574 0.247000
1519712 0.248000
1519778 0.249000
1521393 0.250000
1522061 0.251000
1522404 0.252000
1522707 0.253000
1523150 0.254000
1523490 0.255000
1524999 0.256000
1525127 0.257000
1526424 0.258000
1526431 0.259000
1528563 0.260000
1528690 0.261000
1528709 0.262000
1528870 0.263000
1530561 0.264000
1532156 0.265000
1532245 0.266000
1532680 0.267000
1533060 0.268000
1533171 0.269000
1534012 0.270000
1534445 0.271000
1534460 0.272000
1534644 0.273000
1535237 0.274000
1535660 0.275000
1536146 0.276000
1536437 0.277000
1537089 0.278000
1537105 0.279000
1537572 0.280000
1538760 0.281000
1540259 0.282000
1540470 0.283000
1541092 0.284000
1541132 0.285000
1541549 0.286000
1541657 0.287000
1542005 0.288000
1542670 0.289000
1543181 0.290000
1543342 0.291000
1543665 0.292000
1543851 0.293000
1544356 0.294000
1544764 0.295000
1546650 0.296000
1546763 0.297000
1547082 0.298000
1547503 0.299000
1547870 0.300000
1548037 0.301000
1548176 0.302000
1548433 0.303000
1548534 0.304000
1548602 0.305000
1548844 0.306000
1549532 0.307000
1549848 0.308000
1550436 0.309000
1550770 0.310000
1550913 0.311000
1550931 0.312000
1551001 0.313000
1551063 0.314000
1551230 0.315000
1551346 0.316000
1551917 0.317000
1552407 0.318000
1553770 0.319000
1554427 0.320000
1554673 0.321000
1555228 0.322000
1555640 0.323000
1556562 0.324000
1556609 0.325000
1556809 0.326000
1557267 0.327000
1557290 0.328000
1558079 0.329000
1560293 0.330000
1560936 0.331000
1561087 0.332000
1561820 0.333000
1561895 0.334000
1562801 0.335000
1563033 0.336000
1563162 0.337000
1563453 0.338000
1563868 0.339000
1564876 0.340000
1564954 0.341000
1565319 0.342000
1565637 0.343000
1567561 0.344000
1567843 0.345000
1568385 0.346000
1568780 0.347000
1569976 0.348000
1570993 0.349000
1571405 0.350000
1572120 0.351000
1572263 0.352000
1572613 0.353000
1573073 0.354000
1573135 0.355000
1574385 0.356000
1574485 0.357000
1574740 0.358000
1576212 0.359000
1576862 0.360000
1577194 0.361000
1578219 0.362000
1578514 0.363000
1578563 0.364000
1579721 0.365000
1580091 0.366000
1580212 0.367000
1580360 0.368000
1581068 0.369000
1581377 0.370000
1581411 0.371000
1581842 0.372000
1581886 0.373000
1582303 0.374000
1582753 0.375000
1583542 0.376000
1583854 0.377000
1584421 0.378000
1584454 0.379000
1584517 0.380000
1585743 0.381000
1585866 0.382000
1585940 0.383000
1586679 0.384000
1587397 0.385000
1587698 0.386000
1588410 0.387000
1588463 0.388000
1588479 0.389000
1588584 0.390000
1588685 0.391000
1588749 0.392000
1588767 0.393000
1588931 0.394000
1588941 0.395000
1589560 0.396000
1590615 0.397000
1590897 0.398000
1590930 0.399000
1591002 0.400000
1591012 0.401000
1591200 0.402000
1591980 0.403000
1592130 0.404000
1592277 0.405000
1593211 0.406000
1593516 0.407000
1593594 0.408000
1593855 0.409000
1594195 0.410000
1595121 0.411000
1595535 0.412000
1595846 0.413000
1595981 0.414000
1596453 0.415000
1596789 0.416000
1596936 0.417000
1596971 0.418000
1597914 0.419000
1598856 0.420000
1600180 0.421000
1600224 0.422000
1600798 0.423000
1601227 0.424000
1601420 0.425000
1601533 0.426000
1601633 0.427000
1602587 0.428000
1602725 0.429000
1602958 0.430000
1603701 0.431000
1604124 0.432000
1604567 0.433000
1604817 0.434000
1605687 0.435000
1606745 0.436000
1607089 0.437000
1607117 0.438000
1607213 0.439000
1607423 0.440000
1608494 0.441000
1608550 0.442000
1609046 0.443000
1610164 0.444000
1610233 0.445000
1612124 0.446000
1612413 0.447000
1612563 0.448000
1612943 0.449000
1612976 0.450000
1613234 0.451000
1613337 0.452000
1614017 0.453000
1614096 0.454000
1614606 0.455000
1614622 0.456000
1614783 0.457000
1614796 0.458000
1615082 0.459000
1615354 0.460000
1615373 0.461000
1617749 0.462000
1619712 0.463000
1619865 0.464000
1620136 0.465000
1620222 0.466000
1620879 0.467000
1621751 0.468000
1622002 0.469000
1622504 0.470000
1622608 0.471000
1622645 0.472000
1622700 0.473000
1623454 0.474000
1623462 0.475000
1623845 0.476000
1623878 0.477000
1624113 0.478000
1624136 0.479000
1624265 0.480000
1624371 0.481000
1625051 0.482000
1625724 0.483000
1626046 0.484000
1626569 0.485000
1628064 0.486000
1629008 0.487000
1629546 0.488000
1630577 0.489000
1631517 0.490000
1631674 0.491000
1631979 0.492000
1634678 0.493000
1634824 0.494000
1635485 0.495000
1635753 0.496000
1635913 0.497000
1635984 0.498000
1636729 0.499000
1637237 0.500000
1637251 0.501000
1638433 0.502000
1638582 0.503000
1638943 0.504000
1638965 0.505000
1639163 0.506000
1639240 0.507000
1639241 0.508000
1639772 0.509000
1641305 0.510000
1642284 0.511000
1642413 0.512000
1642641 0.513000
1643295 0.514000
1643884 0.515000
1644632 0.516000
1645147 0.517000
1645634 0.518000
1645732 0.519000
1645757 0.520000
1646480 0.521000
1646740 0.522000
1647350 0.523000
1647429 0.524000
1648244 0.525000
1648413 0.526000
1649173 0.527000
1649177 0.528000
1652298 0.529000
1652340 0.530000
1652867 0.531000
1653129 0.532000
1653452 0.533000
1653536 0.534000
1653556 0.535000
1653807 0.536000
1653978 0.537000
1655021 0.538000
1655639 0.539000
1656084 0.540000
1656204 0.541000
1656615 0.542000
1656808 0.543000
1656866 0.544000
1657135 0.545000
1657156 0.546000
1658235 0.547000
1658410 0.548000
1658846 0.549000
1658891 0.550000
1658912 0.551000
1659721 0.552000
1659850 0.553000
1660086 0.554000
1660309 0.555000
1660321 0.556000
1660346 0.557000
1660939 0.558000
1660983 0.559000
1661723 0.560000
1662402 0.561000
1662616 0.562000
1662787 0.563000
1663308 0.564000
1663443 0.565000
1663847 0.566000
1664276 0.567000
1664790 0.568000
1665651 0.569000
1666021 0.570000
1666478 0.571000
1666942 0.572000
1667754 0.573000
1668226 0.574000
1668310 0.575000
1668687 0.576000
1668727 0.577000
1668784 0.578000
1668823 0.579000
1669425 0.580000
1669851 0.581000
1669889 0.582000
1670126 0.583000
1670208 0.584000
1670635 0.585000
1670718 0.586000
1670870 0.587000
1671562 0.588000
1671702 0.589000
1671797 0.590000
1672161 0.591000
1672367 0.592000
1672813 0.593000
1672933 0.594000
1674367 0.595000
1674616 0.596000
1674624 0.597000
1674730 0.598000
1674938 0.599000
1675131 0.600000
1675561 0.601000
1675565 0.602000
1676245 0.603000
1677048 0.604000
1677458 0.605000
1677620 0.606000
1678701 0.607000
1678789 0.608000
1679767 0.609000
1680217 0.610000
1680346 0.611000
1680582 0.612000
1680742 0.613000
1681479 0.614000
1682326 0.615000
1682724 0.616000
1683152 0.617000
1683168 0.618000
1683393 0.619000
1683402 0.620000
1684599 0.621000
1684664 0.622000
1685453 0.623000
1686359 0.624000
1686551 0.625000
1686858 0.626000
1687413 0.627000
1687746 0.628000
1688148 0.629000
1688324 0.630000
1689031 0.631000
1689309 0.632000
1689334 0.633000
1689999 0.634000
1690288 0.635000
1691942 0.636000
1692289 0.637000
1692675 0.638000
1692883 0.639000
1693145 0.640000
1693837 0.641000
1694081 0.642000
1694400 0.643000
1694608 0.644000
1694620 0.645000
1694690 0.646000
1695782 0.647000
1695987 0.648000
1696554 0.649000
1696668 0.650000
1696745 0.651000
1697127 0.652000
1697199 0.653000
1697292 0.654000
1697642 0.655000
1699111 0.656000
1699275 0.657000
1699783 0.658000
1699903 0.659000
1700034 0.660000
1700592 0.661000
1700703 0.662000
1700874 0.663000
1701037 0.664000
1701123 0.665000
1701127 0.666000
1702757 0.667000
1702998 0.668000
1703821 0.669000
1703927 0.670000
1704273 0.671000
1704821 0.672000
1704844 0.673000
1705682 0.674000
1706139 0.675000
1706171 0.676000
1706296 0.677000
1706631 0.678000
1706868 0.679000
1707285 0.680000
1707485 0.681000
1707679 0.682000
1707850 0.683000
1707938 0.684000
1708122 0.685000
1708401 0.686000
1708444 0.687000
1708912 0.688000
1708925 0.689000
1709010 0.690000
1709104 0.691000
1709283 0.692000
1709387 0.693000
1709418 0.694000
1709535 0.695000
1709743 0.696000
1710335 0.697000
1710617 0.698000
1712256 0.699000
1712406 0.700000
1713223 0.701000
1713318 0.702000
1714699 0.703000
1714720 0.704000
1714882 0.705000
1715620 0.706000
1715755 0.707000
1716157 0.708000
1716164 0.709000
1716171 0.710000
1717294 0.711000
1717711 0.712000
1718161 0.713000
1718493 0.714000
1718498 0.715000
1718549 0.716000
1718998 0.717000
1719633 0.718000
1720179 0.719000
1720317 0.720000
1720463 0.721000
1720621 0.722000
1721257 0.723000
1721809 0.724000
1723042 0.725000
1723435 0.726000
1724282 0.727000
1725172 0.728000
1725683 0.729000
1725728 0.730000
1726230 0.731000
1726246 0.732000
1726393 0.733000
1727658 0.734000
1727923 0.735000
1728072 0.736000
1728385 0.737000
1728430 0.738000
1728477 0.739000
1731252 0.740000
1731544 0.741000
1732826 0.742000
1733512 0.743000
1733562 0.744000
1734182 0.745000
1736381 0.746000
1736967 0.747000
1737583 0.748000
1737665 0.749000
1737703 0.750000
1737764 0.751000
1738404 0.752000
1739009 0.753000
1739188 0.754000
1739366 0.755000
1739481 0.756000
1739719 0.757000
1739758 0.758000
1739919 0.759000
1740088 0.760000
1740149 0.761000
1740561 0.762000
1740831 0.763000
1740924 0.764000
1741485 0.765000
1742103 0.766000
1743305 0.767000
1743405 0.768000
1743907 0.769000
1744346 0.770000
1745043 0.771000
1746169 0.772000
1746261 0.773000
1746465 0.774000
1746932 0.775000
1747526 0.776000
1747657 0.777000
1748293 0.778000
1748728 0.779000
1749667 0.780000
1750492 0.781000
1751921 0.782000
1752111 0.783000
1753204 0.784000
1754042 0.785000
1754413 0.786000
1754543 0.787000
1756959 0.788000
1757888 0.789000
1757995 0.790000
1758019 0.791000
1758226 0.792000
1759107 0.793000
1759272 0.794000
1759822 0.795000
1759872 0.796000
1760067 0.797000
1760410 0.798000
1761348 0.799000
1762014 0.800000
1762761 0.801000
1762915 0.802000
1763288 0.803000
1763336 0.804000
1765043 0.805000
1765459 0.806000
1767652 0.807000
1767773 0.808000
1767974 0.809000
1768560 0.810000
1768755 0.811000
1768773 0.812000
1769236 0.813000
1769421 0.814000
1769888 0.815000
1769925 0.816000
1770136 0.817000
1771419 0.818000
1771962 0.819000
1772088 0.820000
1772389 0.821000
1773076 0.822000
1774601 0.823000
1775192 0.824000
1775279 0.825000
1775282 0.826000
1775615 0.827000
1775765 0.828000
1776240 0.829000
1777388 0.830000
1777525 0.831000
1777932 0.832000
1777949 0.833000
1777987 0.834000
1778110 0.835000
1778293 0.836000
1778408 0.837000
1778516 0.838000
1779328 0.839000
1779789 0.840000
1779833 0.841000
1779982 0.842000
1779992 0.843000
1780401 0.844000
1780550 0.845000
1780977 0.846000
1781096 0.847000
1784623 0.848000
1784672 0.849000
1785166 0.850000
1785701 0.851000
1788087 0.852000
1788206 0.853000
1788560 0.854000
1788901 0.855000
1789143 0.856000
1789147 0.857000
1789395 0.858000
1791294 0.859000
1791320 0.860000
1791962 0.861000
1792097 0.862000
1792462 0.863000
1794273 0.864000
1795293 0.865000
1795310 0.866000
1796411 0.867000
1796894 0.868000
1799822 0.869000
1799949 0.870000
1799951 0.871000
1801113 0.872000
1801776 0.873000
1802019 0.874000
1803670 0.875000
1804180 0.876000
1804683 0.877000
1804970 0.878000
1805186 0.879000
1806315 0.880000
1807082 0.881000
1807837 0.882000
1808179 0.883000
1808250 0.884000
1811214 0.885000
1811240 0.886000
1811685 0.887000
1812327 0.888000
1813159 0.889000
1813884 0.890000
1817480 0.891000
1817645 0.892000
1818970 0.893000
1819980 0.894000
1821432 0.895000
1822826 0.896000
1823995 0.897000
1825030 0.898000
1825170 0.899000
1825728 0.900000
1827343 0.901000
1827740 0.902000
1827993 0.903000
1828092 0.904000
1829592 0.905000
1830858 0.906000
1831887 0.907000
1832697 0.908000
1832877 0.909000
1833724 0.910000
1834527 0.911000
1834529 0.912000
1834721 0.913000
1835641 0.914000
1835758 0.915000
1836875 0.916000
1837719 0.917000
1837919 0.918000
1839689 0.919000
1840260 0.920000
1840345 0.921000
1840491 0.922000
1840714 0.923000
1842176 0.924000
1842611 0.925000
1842798 0.926000
1843105 0.927000
1845270 0.928000
1845890 0.929000
1846136 0.930000
1847699 0.931000
1848128 0.932000
1850704 0.933000
1852034 0.934000
1852467 0.935000
1852495 0.936000
1852501 0.937000
1852562 0.938000
1854541 0.939000
1854950 0.940000
1855523 0.941000
1856030 0.942000
1856524 0.943000
1857345 0.944000
1857667 0.945000
1858586 0.946000
1863137 0.947000
1863940 0.948000
1865892 0.949000
1866056 0.950000
1867746 0.951000
1867800 0.952000
1870645 0.953000
1870907 0.954000
1874459 0.955000
1876129 0.956000
1876177 0.957000
1876303 0.958000
1878080 0.959000
1878754 0.960000
1879013 0.961000
1884032 0.962000
1885117 0.963000
1886489 0.964000
1888170 0.965000
1890312 0.966000
1892256 0.967000
1895206 0.968000
1895907 0.969000
1896393 0.970000
1898327 0.971000
1898686 0.972000
1899425 0.973000
1900510 0.974000
1900605 0.975000
1902798 0.976000
1903864 0.977000
1909282 0.978000
1911910 0.979000
1916380 0.980000
1921268 0.981000
1922664 0.982000
1925759 0.983000
1926336 0.984000
1930562 0.985000
1931689 0.986000
1931986 0.987000
1945960 0.988000
1949859 0.989000
1972033 0.990000
1976070 0.991000
1976980 0.992000
1977203 0.993000
1977245 0.994000
1980676 0.995000
1982673 0.996000
1984216 0.997000
1994389 0.998000
2022336 0.999000
2047111 1.000000


