386033 0.000000
386033 0.001000
404929 0.002000
422884 0.003000
458511 0.004000
496362 0.005000
528489 0.006000
537889 0.007000
556009 0.008000
579863 0.009000
581530 0.010000
583062 0.011000
584145 0.012000
595977 0.013000
602105 0.014000
657424 0.015000
657836 0.016000
668887 0.017000
682828 0.018000
692152 0.019000
694931 0.020000
704215 0.021000
705764 0.022000
710176 0.023000
714126 0.024000
715353 0.025000
726458 0.026000
755983 0.027000
757810 0.028000
765815 0.029000
769992 0.030000
771991 0.031000
775335 0.032000
776871 0.033000
777770 0.034000
781337 0.035000
786904 0.036000
794682 0.037000
796191 0.038000
801867 0.039000
811493 0.040000
813439 0.041000
815100 0.042000
815267 0.043000
819588 0.044000
821299 0.045000
822050 0.046000
827547 0.047000
829827 0.048000
830542 0.049000
831262 0.050000
831813 0.051000
836655 0.052000
836773 0.053000
842588 0.054000
848227 0.055000
855969 0.056000
861655 0.057000
862073 0.058000
862163 0.059000
864116 0.060000
864689 0.061000
866054 0.062000
867548 0.063000
871947 0.064000
874229 0.065000
875046 0.066000
878897 0.067000
880228 0.068000
884061 0.069000
884234 0.070000
884937 0.071000
891490 0.072000
891686 0.073000
900032 0.074000
901266 0.075000
902310 0.076000
903934 0.077000
904211 0.078000
905664 0.079000
910437 0.080000
911441 0.081000
912541 0.082000
915344 0.083000
917363 0.084000
918526 0.085000
922249 0.086000
923102 0.087000
926989 0.088000
928322 0.089000
933205 0.090000
933456 0.091000
935142 0.092000
940238 0.093000
943436 0.094000
944163 0.095000
945230 0.096000
950045 0.097000
950090 0.098000
951048 0.099000
952260 0.100000
953970 0.101000
956582 0.102000
962279 0.103000
962438 0.104000
963109 0.105000
963587 0.106000
963757 0.107000
964494 0.108000
969455 0.109000
977587 0.110000
983833 0.111000
985781 0.112000
986634 0.113000
991139 0.114000
991375 0.115000
991669 0.116000
993946 0.117000
994311 0.118000
995552 0.119000
997875 0.120000
997935 0.121000
997970 0.122000
999129 0.123000
999647 0.124000
1000322 0.125000
1000769 0.126000
1002286 0.127000
1004667 0.128000
1006887 0.129000
1007745 0.130000
1009370 0.131000
1010590 0.132000
1010746 0.133000
1011702 0.134000
1013733 0.135000
1014545 0.136000
1014586 0.137000
1018038 0.138000
1019754 0.139000
1020215 0.140000
1020705 0.141000
1022394 0.142000
1023480 0.143000
1024294 0.144000
1024544 0.145000
1024683 0.146000
1024756 0.147000
1025537 0.148000
1026165 0.149000
1027159 0.150000
1030507 0.151000
1030955 0.152000
1031767 0.153000
1032080 0.154000
1032225 0.155000
1033221 0.156000
1033911 0.157000
1033944 0.158000
1033988 0.159000
1034419 0.160000
1034894 0.161000
1036412 0.162000
1037329 0.163000
1037416 0.164000
1037756 0.165000
1038683 0.166000
1039211 0.167000
1040597 0.168000
1041727 0.169000
1042607 0.170000
1047433 0.171000
1050071 0.172000
1052288 0.173000
1053689 0.174000
1053798 0.175000
1053937 0.176000
1054251 0.177000
1057245 0.178000
1057441 0.179000
1060309 0.180000
1060593 0.181000
1061155 0.182000
1061229 0.183000
1063292 0.184000
1063776 0.185000
1064509 0.186000
1065107 0.187000
1065667 0.188000
1066841 0.189000
1066927 0.190000
1067002 0.191000
1067751 0.192000
1068100 0.193000
1068574 0.194000
1068628 0.195000
1069167 0.196000
1069371 0.197000
1070530 0.198000
1070904 0.199000
1072272 0.200000
1073277 0.201000
1076371 0.202000
1076805 0.203000
1076846 0.204000
1078321 0.205000
1079140 0.206000
1080491 0.207000
1080848 0.208000
1081636 0.209000
1082134 0.210000
1082894 0.211000
1083316 0.212000
1083373 0.213000
1084318 0.214000
1087476 0.215000
1087679 0.216000
1087985 0.217000
1089272 0.218000
1089822 0.219000
1090048 0.220000
1091453 0.221000
1092656 0.222000
1093403 0.223000
1093574 0.224000
1094453 0.225000
1095751 0.226000
1099193 0.227000
1100848 0.228000
1103194 0.229000
1104060 0.230000
1104540 0.231000
1105380 0.232000
1105889 0.233000
1106670 0.234000
1108858 0.235000
1110911 0.236000
1111084 0.237000
1112115 0.238000
1113383 0.239000
1114053 0.240000
1115885 0.241000
1116910 0.242000
1117785 0.243000
1118299 0.244000
1119016 0.245000
1120230 0.246000
1120597 0.247000
1120763 0.248000
1120898 0.249000
1121261 0.250000
1121283 0.251000
1121533 0.252000
1121667 0.253000
1122769 0.254000
1125182 0.255000
1125255 0.256000
1125929 0.257000
1128310 0.258000
1129556 0.259000
1130672 0.260000
1131500 0.261000
1132385 0.262000
1132746 0.263000
1134210 0.264000
1134249 0.265000
1135842 0.266000
1136451 0.267000
1136674 0.268000
1136947 0.269000
1138513 0.270000
1138731 0.271000
1141313 0.272000
1141895 0.273000
1142015 0.274000
1143196 0.275000
1143848 0.276000
1144519 0.277000
1144529 0.278000
1145396 0.279000
1145992 0.280000
1146490 0.281000
1146519 0.282000
1147344 0.283000
1150287 0.284000
1150595 0.285000
1151112 0.286000
1151308 0.287000
1151540 0.288000
1152470 0.289000
1152728 0.290000
1155199 0.291000
1157732 0.292000
1158151 0.293000
1158357 0.294000
1158361 0.295000
1158521 0.296000
1158880 0.297000
1158992 0.298000
1159189 0.299000
1159364 0.300000
1161974 0.301000
1162858 0.302000
1165285 0.303000
1166499 0.304000
1166622 0.305000
1167902 0.306000
1167914 0.307000
1168772 0.308000
1169015 0.309000
1170685 0.310000
1173408 0.311000
1173875 0.312000
1174758 0.313000
1175359 0.314000
1175843 0.315000
1176357 0.316000
1176444 0.317000
1176511 0.318000
1176554 0.319000
1177146 0.320000
1177580 0.321000
1177792 0.322000
1179826 0.323000
1181794 0.324000
1182112 0.325000
1182132 0.326000
1183857 0.327000
1186230 0.328000
1187535 0.329000
1187712 0.330000
1188284 0.331000
1188914 0.332000
1190221 0.333000
1190236 0.334000
1191974 0.335000
1192087 0.336000
1192204 0.337000
1193526 0.338000
1194101 0.339000
1196430 0.340000
1196459 0.341000
1200126 0.342000
1200202 0.343000
1200313 0.344000
1200749 0.345000
1200884 0.346000
1201071 0.347000
1201968 0.348000
1202032 0.349000
1202256 0.350000
1202631 0.351000
1203914 0.352000
1204548 0.353000
1204590 0.354000
1206259 0.355000
1207499 0.356000
1207786 0.357000
1208354 0.358000
1209438 0.359000
1210027 0.360000
1210209 0.361000
1211223 0.362000
1212523 0.363000
1213061 0.364000
1213092 0.365000
1213944 0.366000
1215344 0.367000
1216575 0.368000
1217130 0.369000
1218131 0.370000
1219321 0.371000
1219607 0.372000
1219907 0.373000
1220196 0.374000
1220336 0.375000
1220447 0.376000
1221639 0.377000
1221840 0.378000
1224113 0.379000
1224765 0.380000
1225866 0.381000
1226675 0.382000
1226944 0.383000
1229220 0.384000
1230357 0.385000
1230377 0.386000
1232144 0.387000
1233900 0.388000
1235636 0.389000
1236120 0.390000
1236335 0.391000
1236562 0.392000
1236909 0.393000
1237317 0.394000
1238841 0.395000
1239061 0.396000
1239588 0.397000
1240583 0.398000
1240698 0.399000
1240868 0.400000
1241688 0.401000
1242524 0.402000
1243813 0.403000
1244853 0.404000
1245084 0.405000
1245410 0.406000
1245519 0.407000
1246074 0.408000
1247011 0.409000
1247401 0.410000
1247795 0.411000
1248352 0.412000
1248697 0.413000
1249231 0.414000
1249363 0.415000
1249620 0.416000
1251101 0.417000
1251344 0.418000
1252555 0.419000
1253087 0.420000
1253405 0.421000
1253767 0.422000
1253860 0.423000
1254397 0.424000
1255729 0.425000
1256230 0.426000
1256336 0.427000
1257847 0.428000
1258381 0.429000
1259991 0.430000
1260489 0.431000
1260779 0.432000
1261121 0.433000
1261420 0.434000
1263077 0.435000
1263108 0.436000
1263458 0.437000
1263578 0.438000
1263599 0.439000
1264349 0.441000
1264929 0.442000
1265705 0.443000
1266725 0.444000
1267169 0.445000
1267386 0.446000
1268390 0.447000
1268604 0.448000
1270426 0.449000
1271560 0.450000
1271686 0.451000
1271813 0.452000
1272127 0.453000
1272792 0.454000
1272909 0.455000
1273967 0.456000
1274041 0.457000
1274684 0.458000
1274763 0.459000
1275186 0.460000
1275831 0.461000
1275865 0.462000
1275974 0.463000
1277094 0.464000
1277186 0.465000
1278734 0.466000
1280003 0.467000
1280027 0.468000
1280618 0.469000
1282905 0.470000
1283044 0.471000
1283170 0.472000
1283343 0.473000
1283411 0.474000
1283647 0.475000
1285393 0.476000
1286298 0.477000
1286634 0.478000
1287875 0.479000
1288349 0.480000
1288549 0.481000
1288849 0.482000
1289244 0.483000
1289601 0.484000
1291338 0.485000
1292351 0.486000
1292623 0.487000
1292751 0.488000
1294999 0.489000
1295035 0.490000
1295210 0.491000
1295400 0.492000
1295543 0.493000
1295707 0.494000
1295822 0.495000
1296039 0.496000
1296284 0.497000
1296402 0.498000
1296781 0.499000
1297501 0.500000
1298656 0.501000
1299252 0.502000
1299300 0.503000
1299936 0.504000
1300149 0.505000
1300436 0.506000
1300499 0.507000
1300580 0.508000
1301664 0.509000
1303356 0.510000
1304230 0.511000
1304629 0.512000
1305129 0.513000
1305841 0.514000
1307387 0.515000
1307977 0.516000
1308714 0.517000
1308738 0.518000
1309747 0.519000
1311036 0.520000
1311216 0.521000
1311459 0.522000
1312069 0.523000
1312197 0.524000
1312692 0.525000
1313424 0.526000
1313726 0.527000
1313902 0.528000
1314023 0.529000
1315101 0.530000
1315741 0.531000
1316203 0.532000
1317163 0.533000
1317442 0.534000
1319944 0.535000
1320008 0.536000
1321779 0.537000
1322191 0.538000
1322204 0.539000
1322677 0.540000
1322993 0.541000
1323054 0.542000
1323481 0.543000
1323649 0.544000
1324033 0.545000
1324176 0.546000
1324489 0.547000
1325087 0.548000
1325878 0.549000
1328010 0.550000
1328300 0.551000
1328351 0.552000
1329434 0.553000
1329524 0.554000
1329685 0.555000
1331556 0.556000
1331917 0.557000
1333482 0.558000
1336109 0.559000
1336443 0.560000
1337044 0.561000
1337259 0.562000
1337524 0.563000
1337560 0.564000
1337742 0.565000
1338777 0.566000
1339123 0.567000
1339554 0.568000
1339629 0.569000
1339689 0.570000
1340192 0.571000
1340232 0.572000
1340869 0.573000
1341214 0.574000
1342101 0.575000
1343271 0.576000
1344286 0.577000
1346120 0.578000
1346751 0.579000
1347798 0.580000
1348324 0.581000
1348637 0.582000
1349813 0.583000
1350621 0.584000
1350726 0.585000
1350995 0.586000
1351190 0.587000
1352039 0.588000
1352222 0.589000
1352584 0.590000
1352820 0.591000
1353043 0.592000
1353555 0.593000
1353767 0.594000
1353882 0.595000
1354026 0.596000
1354101 0.597000
1354481 0.598000
1355506 0.599000
1356077 0.600000
1356679 0.601000
1356720 0.602000
1357344 0.603000
1358168 0.604000
1358527 0.605000
1358666 0.606000
1358937 0.607000
1359017 0.608000
1359248 0.609000
1359433 0.610000
1359846 0.611000
1360289 0.612000
1361408 0.613000
1362434 0.614000
1363458 0.615000
1363572 0.616000
1363661 0.617000
1363980 0.618000
1364732 0.619000
1364868 0.620000
1365117 0.621000
1365242 0.622000
1365806 0.623000
1366020 0.624000
1366214 0.625000
1366541 0.626000
1367766 0.627000
1368475 0.628000
1370077 0.629000
1372082 0.630000
1372389 0.631000
1372960 0.632000
1373285 0.633000
1373626 0.634000
1376253 0.635000
1376437 0.636000
1376631 0.637000
1378068 0.638000
1379996 0.639000
1380087 0.640000
1380092 0.641000
1380477 0.642000
1380654 0.643000
1381062 0.644000
1381535 0.645000
1381838 0.646000
1381853 0.647000
1382128 0.648000
1383500 0.649000
1385099 0.650000
1385590 0.651000
1386361 0.652000
1386641 0.653000
1387986 0.654000
1388143 0.655000
1388803 0.656000
1390219 0.657000
1390911 0.658000
1392085 0.659000
1392173 0.660000
1392180 0.661000
1392313 0.662000
1393423 0.663000
1394118 0.664000
1394977 0.665000
1395522 0.666000
1396108 0.667000
1396305 0.668000
1396452 0.669000
1396585 0.670000
1396660 0.671000
1396710 0.672000
1396875 0.673000
1398945 0.674000
1399011 0.675000
1399582 0.676000
1400245 0.677000
1400395 0.678000
1401035 0.679000
1401188 0.680000
1403864 0.681000
1404160 0.682000
1404268 0.683000
1404287 0.684000
1404627 0.685000
1407270 0.686000
1407655 0.687000
1407863 0.688000
1408312 0.689000
1408996 0.690000
1411015 0.691000
1412516 0.692000
1412872 0.693000
1414617 0.694000
1415882 0.695000
1416269 0.696000
1417238 0.697000
1417650 0.698000
1417793 0.699000
1419326 0.700000
1419592 0.701000
1419656 0.702000
1420914 0.703000
1421250 0.704000
1423948 0.705000
1423958 0.706000
1424434 0.707000
1424802 0.708000
1426356 0.709000
1426671 0.710000
1427219 0.711000
1428558 0.712000
1429169 0.713000
1430980 0.714000
1431635 0.715000
1432836 0.716000
1434544 0.717000
1435207 0.718000
1435901 0.719000
1436167 0.720000
1436696 0.721000
1436778 0.722000
1437778 0.723000
1438347 0.724000
1438990 0.725000
1442164 0.726000
1442609 0.727000
1442630 0.728000
1444461 0.729000
1448136 0.730000
1448874 0.731000
1449683 0.732000
1450180 0.733000
1450234 0.734000
1450648 0.735000
1451674 0.736000
1452667 0.737000
1452979 0.738000
1453786 0.739000
1453917 0.740000
1454256 0.741000
1454557 0.742000
1455837 0.743000
1456476 0.744000
1456982 0.745000
1457009 0.746000
1457577 0.747000
1458450 0.748000
1458773 0.749000
1458774 0.750000
1459120 0.751000
1459261 0.752000
1460333 0.753000
1460450 0.754000
1462123 0.755000
1463358 0.756000
1463370 0.757000
1464002 0.758000
1465927 0.759000
1466496 0.760000
1467613 0.761000
1467662 0.762000
1468383 0.763000
1469442 0.764000
1469633 0.765000
1470002 0.766000
1470729 0.767000
1471322 0.768000
1472792 0.769000
1473170 0.770000
1473319 0.771000
1474030 0.772000
1475843 0.773000
1477381 0.774000
1477445 0.775000
1477523 0.776000
1480588 0.777000
1482823 0.778000
1483204 0.779000
1483296 0.780000
1483517 0.781000
1484594 0.782000
1485309 0.783000
1486159 0.784000
1487265 0.785000
1487282 0.786000
1488262 0.787000
1488497 0.788000
1492541 0.789000
1492806 0.790000
1492832 0.791000
1493902 0.792000
1494507 0.793000
1497537 0.794000
1498443 0.795000
1499902 0.796000
1500297 0.797000
1500937 0.798000
1501208 0.799000
1501499 0.800000
1503868 0.801000
1503900 0.802000
1503974 0.803000
1504074 0.804000
1504083 0.805000
1504243 0.806000
1504974 0.807000
1504983 0.808000
1505587 0.809000
1506850 0.810000
1508186 0.811000
1508274 0.812000
1508921 0.813000
1509374 0.814000
1509744 0.815000
1510524 0.816000
1513064 0.817000
1514009 0.818000
1516054 0.819000
1516286 0.820000
1517392 0.821000
1517731 0.822000
1518080 0.823000
1522212 0.824000
1522281 0.825000
1522616 0.826000
1523585 0.827000
1524620 0.828000
1524766 0.829000
1526920 0.830000
1527246 0.831000
1528023 0.832000
1530083 0.833000
1530262 0.834000
1531078 0.835000
1532054 0.836000
1532938 0.837000
1534860 0.838000
1535059 0.839000
1535490 0.840000
1535666 0.841000
1536185 0.842000
1536414 0.843000
1537525 0.844000
1539203 0.845000
1540379 0.846000
1543079 0.847000
1549465 0.848000
1551030 0.849000
1552224 0.850000
1552972 0.851000
1554634 0.852000
1555337 0.853000
1555692 0.854000
1557780 0.855000
1560240 0.856000
1562642 0.857000
1564035 0.858000
1565537 0.859000
1566589 0.860000
1566677 0.861000
1570009 0.862000
1570649 0.863000
1571366 0.864000
1573752 0.865000
1574627 0.866000
1574869 0.867000
1578670 0.868000
1579637 0.869000
1579811 0.870000
1581544 0.871000
1582232 0.872000
1583302 0.873000
1583842 0.874000
1586503 0.875000
1586572 0.876000
1587773 0.877000
1589667 0.878000
1589893 0.879000
1592503 0.880000
1593472 0.881000
1595103 0.882000
1596506 0.883000
1598697 0.884000
1601794 0.885000
1602336 0.886000
1603331 0.887000
1605267 0.888000
1605292 0.889000
1607229 0.890000
1609908 0.891000
1612451 0.892000
1612611 0.893000
1613953 0.894000
1614560 0.895000
1617791 0.896000
1618222 0.897000
1622397 0.898000
1624922 0.899000
1626790 0.900000
1627942 0.901000
1629010 0.902000
1629838 0.903000
1631545 0.904000
1633884 0.905000
1637873 0.906000
1638958 0.907000
1640223 0.908000
1642158 0.909000
1643919 0.910000
1643948 0.911000
1644026 0.912000
1645012 0.913000
1645976 0.914000
1647525 0.915000
1648475 0.916000
1652604 0.917000
1653087 0.918000
1657755 0.919000
1659223 0.920000
1661832 0.921000
1667391 0.922000
1670901 0.923000
1671184 0.924000
1671982 0.925000
1672177 0.926000
1674127 0.927000
1676857 0.928000
1678145 0.929000
1678523 0.930000
1678867 0.931000
1679326 0.932000
1680366 0.933000
1682605 0.934000
1683363 0.935000
1684989 0.936000
1690419 0.937000
1691051 0.938000
1695803 0.939000
1697023 0.940000
1697621 0.941000
1705671 0.942000
1707434 0.943000
1707532 0.944000
1708230 0.945000
1710358 0.946000
1711021 0.947000
1712564 0.948000
1712641 0.949000
1717332 0.950000
1717776 0.951000
1718088 0.952000
1718998 0.953000
1719901 0.954000
1723029 0.955000
1723710 0.956000
1724661 0.957000
1732142 0.958000
1732957 0.959000
1736771 0.960000
1744910 0.961000
1748100 0.962000
1756310 0.963000
1757910 0.964000
1758145 0.965000
1758212 0.966000
1759532 0.967000
1761042 0.968000
1769072 0.969000
1772173 0.970000
1786705 0.971000
1803180 0.972000
1809721 0.973000
1816681 0.974000
1817704 0.975000
1819078 0.976000
1826028 0.977000
1829197 0.978000
1836708 0.979000
1846263 0.980000
1858290 0.981000
1859501 0.982000
1861337 0.983000
1861698 0.984000
1863891 0.985000
1863896 0.986000
1865732 0.987000
1868231 0.988000
1871388 0.989000
1872501 0.990000
1884690 0.991000
1893591 0.992000
1905236 0.993000
1920591 0.994000
1921296 0.995000
1925910 0.996000
1927821 0.997000
1948489 0.998000
1972642 0.999000
2054670 1.000000


234 0.000000
234 0.001000
249 0.002000
292 0.003000
304 0.004000
339 0.005000
352 0.006000
362 0.007000
370 0.008000
378 0.009000
399 0.010000
441 0.011000
445 0.012000
449 0.013000
476 0.014000
481 0.015000
492 0.016000
496 0.017000
511 0.018000
512 0.019000
514 0.020000
515 0.021000
536 0.022000
552 0.024000
555 0.026000
569 0.028000
575 0.029000
589 0.030000
591 0.031000
599 0.032000
608 0.033000
617 0.034000
620 0.035000
626 0.036000
629 0.037000
631 0.038000
633 0.040000
640 0.041000
645 0.043000
646 0.044000
648 0.045000
651 0.046000
654 0.047000
656 0.048000
658 0.049000
661 0.050000
663 0.052000
669 0.053000
670 0.055000
673 0.056000
674 0.057000
675 0.059000
677 0.060000
680 0.061000
682 0.063000
689 0.065000
690 0.066000
691 0.068000
695 0.069000
701 0.070000
703 0.071000
704 0.072000
706 0.073000
707 0.074000
708 0.075000
713 0.076000
715 0.077000
724 0.079000
725 0.080000
726 0.082000
732 0.084000
734 0.086000
735 0.087000
737 0.088000
738 0.089000
741 0.090000
743 0.091000
745 0.093000
746 0.094000
747 0.095000
748 0.096000
753 0.098000
754 0.099000
758 0.100000
759 0.102000
760 0.103000
762 0.104000
763 0.107000
765 0.108000
766 0.109000
768 0.110000
776 0.111000
777 0.112000
778 0.113000
779 0.114000
780 0.115000
786 0.116000
787 0.118000
788 0.119000
789 0.120000
795 0.124000
797 0.125000
798 0.126000
799 0.128000
801 0.129000
802 0.130000
803 0.131000
805 0.132000
810 0.133000
814 0.135000
820 0.136000
821 0.138000
823 0.139000
824 0.141000
825 0.142000
826 0.143000
828 0.144000
832 0.148000
835 0.151000
838 0.152000
839 0.153000
840 0.155000
842 0.156000
843 0.158000
845 0.159000
848 0.160000
849 0.163000
850 0.164000
851 0.166000
852 0.168000
854 0.170000
855 0.174000
856 0.176000
860 0.177000
862 0.178000
864 0.179000
865 0.183000
866 0.184000
868 0.185000
869 0.186000
870 0.188000
871 0.189000
872 0.190000
873 0.194000
874 0.197000
876 0.200000
877 0.201000
879 0.203000
880 0.204000
881 0.205000
883 0.206000
884 0.207000
885 0.208000
888 0.209000
889 0.211000
890 0.212000
891 0.214000
893 0.215000
894 0.216000
895 0.217000
896 0.219000
897 0.220000
900 0.223000
901 0.224000
902 0.225000
903 0.227000
904 0.228000
905 0.229000
910 0.230000
911 0.231000
912 0.232000
915 0.233000
917 0.234000
918 0.235000
919 0.236000
920 0.238000
921 0.239000
922 0.240000
923 0.242000
926 0.245000
927 0.247000
928 0.249000
929 0.252000
932 0.255000
933 0.258000
935 0.261000
936 0.263000
937 0.264000
939 0.265000
941 0.266000
942 0.267000
943 0.268000
944 0.273000
947 0.274000
949 0.276000
950 0.277000
951 0.278000
952 0.280000
954 0.283000
955 0.286000
956 0.288000
958 0.290000
960 0.293000
961 0.294000
962 0.297000
964 0.298000
965 0.299000
966 0.300000
969 0.301000
971 0.302000
972 0.303000
973 0.305000
974 0.307000
975 0.308000
976 0.310000
977 0.313000
978 0.316000
979 0.317000
980 0.318000
982 0.319000
983 0.321000
985 0.325000
986 0.326000
987 0.327000
992 0.328000
993 0.330000
994 0.331000
995 0.335000
996 0.337000
997 0.338000
998 0.339000
999 0.341000
1000 0.342000
1001 0.344000
1002 0.347000
1003 0.350000
1004 0.352000
1005 0.355000
1006 0.357000
1007 0.360000
1008 0.364000
1009 0.365000
1010 0.367000
1011 0.370000
1012 0.372000
1013 0.374000
1015 0.375000
1019 0.378000
1023 0.383000
1025 0.387000
1027 0.388000
1028 0.390000
1029 0.391000
1031 0.393000
1032 0.394000
1033 0.395000
1034 0.396000
1035 0.399000
1037 0.400000
1038 0.401000
1039 0.402000
1040 0.404000
1041 0.405000
1042 0.407000
1043 0.408000
1044 0.410000
1045 0.412000
1046 0.414000
1048 0.417000
1049 0.420000
1050 0.423000
1051 0.425000
1052 0.427000
1053 0.430000
1054 0.433000
1055 0.438000
1056 0.440000
1057 0.442000
1058 0.445000
1059 0.447000
1061 0.448000
1062 0.452000
1063 0.453000
1067 0.456000
1068 0.458000
1069 0.460000
1071 0.463000
1072 0.465000
1073 0.467000
1074 0.470000
1076 0.473000
1077 0.475000
1079 0.477000
1080 0.480000
1081 0.484000
1082 0.485000
1083 0.486000
1084 0.489000
1086 0.491000
1087 0.493000
1088 0.494000
1089 0.498000
1090 0.499000
1091 0.502000
1092 0.506000
1093 0.507000
1094 0.508000
1095 0.510000
1096 0.511000
1097 0.512000
1099 0.514000
1100 0.517000
1101 0.518000
1102 0.519000
1103 0.520000
1104 0.522000
1105 0.525000
1108 0.529000
1109 0.531000
1110 0.534000
1112 0.535000
1113 0.536000
1114 0.539000
1115 0.541000
1116 0.542000
1117 0.543000
1118 0.546000
1119 0.549000
1120 0.550000
1121 0.552000
1122 0.553000
1124 0.554000
1125 0.555000
1126 0.557000
1127 0.558000
1128 0.562000
1129 0.563000
1130 0.565000
1131 0.567000
1132 0.568000
1133 0.569000
1134 0.570000
1136 0.571000
1137 0.574000
1138 0.577000
1139 0.579000
1141 0.580000
1142 0.581000
1143 0.582000
1144 0.583000
1146 0.586000
1148 0.590000
1149 0.594000
1150 0.599000
1151 0.602000
1152 0.603000
1153 0.606000
1154 0.607000
1155 0.609000
1156 0.611000
1157 0.614000
1159 0.615000
1160 0.618000
1161 0.620000
1162 0.621000
1163 0.622000
1164 0.624000
1165 0.626000
1166 0.629000
1167 0.631000
1168 0.632000
1170 0.636000
1171 0.637000
1173 0.638000
1174 0.639000
1175 0.640000
1176 0.641000
1177 0.643000
1178 0.645000
1179 0.648000
1180 0.649000
1181 0.654000
1182 0.657000
1183 0.658000
1184 0.661000
1185 0.665000
1191 0.668000
1192 0.669000
1193 0.674000
1194 0.678000
1195 0.679000
1196 0.681000
1197 0.682000
1199 0.685000
1200 0.686000
1202 0.688000
1203 0.691000
1204 0.693000
1205 0.694000
1206 0.698000
1207 0.701000
1208 0.702000
1209 0.703000
1210 0.704000
1211 0.705000
1212 0.706000
1213 0.707000
1214 0.708000
1215 0.709000
1216 0.712000
1217 0.715000
1219 0.718000
1220 0.719000
1221 0.720000
1222 0.721000
1223 0.722000
1224 0.725000
1226 0.727000
1227 0.729000
1229 0.731000
1231 0.732000
1232 0.735000
1233 0.737000
1234 0.739000
1235 0.740000
1237 0.742000
1238 0.744000
1240 0.745000
1241 0.746000
1242 0.748000
1243 0.749000
1244 0.751000
1245 0.754000
1246 0.755000
1248 0.756000
1249 0.757000
1250 0.758000
1251 0.760000
1252 0.763000
1253 0.764000
1254 0.767000
1255 0.768000
1256 0.769000
1257 0.771000
1258 0.772000
1259 0.775000
1260 0.776000
1262 0.777000
1263 0.778000
1264 0.779000
1265 0.780000
1266 0.783000
1267 0.785000
1268 0.786000
1269 0.787000
1270 0.788000
1271 0.789000
1272 0.792000
1273 0.793000
1274 0.794000
1275 0.795000
1276 0.799000
1279 0.802000
1280 0.804000
1283 0.805000
1284 0.806000
1286 0.809000
1287 0.810000
1288 0.811000
1289 0.812000
1290 0.814000
1291 0.816000
1293 0.818000
1295 0.819000
1296 0.820000
1297 0.822000
1299 0.824000
1300 0.825000
1301 0.826000
1304 0.827000
1307 0.828000
1309 0.829000
1310 0.831000
1312 0.832000
1314 0.833000
1316 0.834000
1318 0.836000
1319 0.837000
1320 0.838000
1321 0.839000
1322 0.840000
1323 0.842000
1325 0.844000
1328 0.846000
1330 0.847000
1332 0.848000
1333 0.849000
1334 0.850000
1336 0.851000
1337 0.853000
1339 0.854000
1340 0.856000
1341 0.857000
1343 0.858000
1344 0.859000
1345 0.860000
1347 0.861000
1348 0.862000
1349 0.865000
1351 0.866000
1353 0.868000
1354 0.871000
1355 0.872000
1356 0.874000
1363 0.875000
1365 0.877000
1366 0.879000
1367 0.880000
1368 0.881000
1369 0.882000
1370 0.883000
1371 0.884000
1372 0.886000
1373 0.887000
1379 0.889000
1384 0.890000
1385 0.891000
1390 0.892000
1391 0.894000
1392 0.895000
1393 0.896000
1396 0.897000
1397 0.898000
1398 0.899000
1402 0.901000
1403 0.902000
1407 0.903000
1409 0.904000
1410 0.906000
1411 0.907000
1412 0.908000
1416 0.909000
1418 0.910000
1419 0.913000
1420 0.914000
1421 0.916000
1424 0.918000
1429 0.919000
1434 0.923000
1435 0.924000
1436 0.925000
1437 0.926000
1442 0.928000
1444 0.929000
1445 0.930000
1446 0.931000
1449 0.933000
1450 0.935000
1452 0.936000
1457 0.937000
1459 0.938000
1462 0.939000
1474 0.940000
1475 0.942000
1477 0.944000
1483 0.945000
1488 0.946000
1490 0.947000
1492 0.948000
1493 0.949000
1496 0.950000
1497 0.952000
1503 0.953000
1504 0.954000
1505 0.955000
1507 0.956000
1510 0.957000
1512 0.958000
1514 0.959000
1519 0.960000
1523 0.961000
1525 0.962000
1526 0.963000
1529 0.964000
1530 0.965000
1532 0.966000
1535 0.967000
1536 0.968000
1537 0.969000
1538 0.970000
1553 0.971000
1554 0.972000
1562 0.973000
1575 0.974000
1577 0.975000
1581 0.976000
1601 0.977000
1605 0.978000
1614 0.979000
1616 0.981000
1618 0.982000
1621 0.983000
1623 0.984000
1625 0.985000
1626 0.986000
1627 0.988000
1644 0.989000
1647 0.990000
1656 0.991000
1657 0.992000
1665 0.993000
1672 0.994000
1692 0.995000
1694 0.996000
1703 0.997000
1715 0.998000
1717 0.999000
1796 1.000000


