148211 0.000000
148211 0.005000
150016 0.010000
150293 0.015000
151355 0.020000
151905 0.025000
152465 0.030000
152680 0.035000
152913 0.040000
153230 0.045000
153363 0.050000
153475 0.055000
153536 0.060000
153962 0.065000
154029 0.070000
154048 0.075000
154403 0.080000
154520 0.085000
154895 0.090000
154905 0.095000
154917 0.100000
154976 0.105000
155046 0.110000
155091 0.115000
155216 0.120000
155265 0.125000
155323 0.130000
155503 0.135000
155548 0.140000
155602 0.145000
155634 0.150000
155825 0.155000
156129 0.160000
156151 0.165000
156206 0.170000
156291 0.175000
156296 0.180000
156313 0.185000
156377 0.190000
156395 0.195000
156432 0.200000
156475 0.205000
156481 0.210000
156551 0.220000
156622 0.225000
156680 0.230000
156816 0.235000
156828 0.240000
156936 0.245000
156981 0.250000
157000 0.255000
157371 0.260000
157403 0.265000
157404 0.270000
157729 0.275000
157896 0.280000
157959 0.285000
158837 0.290000
159052 0.295000
160345 0.300000
161051 0.305000
161946 0.310000
163984 0.315000
164476 0.320000
165376 0.325000
165641 0.330000
166065 0.335000
167066 0.340000
167541 0.345000
167764 0.350000
167785 0.355000
167966 0.360000
168001 0.365000
168632 0.370000
168723 0.375000
168756 0.380000
168771 0.385000
169163 0.390000
169300 0.395000
169444 0.400000
169461 0.405000
169553 0.410000
169555 0.415000
169645 0.420000
169688 0.425000
169831 0.430000
169910 0.435000
169950 0.440000
170184 0.445000
170211 0.450000
170216 0.455000
170282 0.460000
170337 0.465000
170340 0.470000
170378 0.475000
170406 0.480000
170528 0.485000
170832 0.490000
170849 0.495000
170909 0.500000
170914 0.505000
170975 0.510000
171054 0.515000
171110 0.520000
171124 0.525000
171177 0.530000
171187 0.535000
171216 0.540000
171318 0.545000
171336 0.550000
171399 0.555000
171422 0.560000
171430 0.565000
171504 0.570000
171623 0.575000
171633 0.580000
171655 0.585000
171682 0.590000
171716 0.595000
171720 0.600000
171722 0.605000
171780 0.610000
171801 0.615000
171890 0.620000
171898 0.625000
172020 0.630000
172027 0.635000
172028 0.640000
172045 0.645000
172063 0.650000
172097 0.655000
172196 0.660000
172408 0.665000
172481 0.670000
172566 0.675000
172593 0.680000
172728 0.685000
172958 0.690000
173038 0.695000
173311 0.700000
173404 0.705000
173476 0.710000
173696 0.715000
173796 0.720000
173904 0.725000
173932 0.730000
174096 0.735000
174328 0.740000
174452 0.745000
174500 0.750000
174622 0.755000
174634 0.760000
174650 0.765000
174672 0.770000
174703 0.775000
174729 0.780000
174867 0.785000
174980 0.790000
175154 0.795000
175288 0.800000
175356 0.805000
175522 0.810000
175751 0.815000
175762 0.820000
175832 0.825000
175845 0.830000
175877 0.835000
175943 0.840000
176334 0.845000
176353 0.850000
176357 0.855000
176428 0.860000
176566 0.865000
176598 0.870000
176754 0.875000
176928 0.880000
176967 0.885000
177260 0.890000
177488 0.895000
177650 0.900000
177853 0.905000
177881 0.910000
178344 0.915000
178538 0.920000
178686 0.925000
179205 0.930000
179267 0.935000
179467 0.940000
179595 0.945000
179760 0.950000
180202 0.955000
180660 0.960000
180773 0.965000
180807 0.970000
180827 0.975000
180879 0.980000
183268 0.985000
184300 0.990000
185607 0.995000
189009 1.000000


125 0.000000
125 0.030000
126 0.040000
127 0.220000
128 0.675000
129 0.880000
130 0.915000
131 0.940000
132 0.975000
133 0.990000
135 0.995000
152 1.000000


