176964
174893
174823
183034
174868
178936
174837
174973
178951
174822
174713
179097
174882
174793
179153
174917
178870
178925
178845
174968
178852
174967
174961
178977
174905
178857
174965
174909
174892
174955
174935
178997
174752
174980
174841
182988
174936
174901
182898
178818
174974
179001
182967
178801
174944
174893
175027
174874
174879
175026
174763
175029
178916
174955
178899
178734
174930
174986
174891
174843
174971
178926
174928
174957
174642
175091
174871
178924
162755
174996
178867
174853
179052
178784
178924
178890
174864
179054
174891
174794
174789
179207
174700
174996
179154
178879
178890
174786
178877
174855
175187
178749
174977
174798
175022
174622
175236
178955
174776
174933
175140
174922
178861
174944
174921
174981
174898
174944
175010
182910
174803
174989
175098
174846
179105
182970
174612
175140
178882
174942
174617
179065
178994
178709
174994
179139
174937
174903
174890
179074
174836
178897
174905
175093
174895
174917
178998
174951
174944
174899
174902
175002
174864
179083
174752
174926
182721
178994
175006
174936
174834
178975
174876
175095
175043
174843
178883
175130
178909
174996
174930
178976
174696
179148
174860
179045
174676
175121
174735
174984
174993
174938
174933
174937
178964
174998
179041
174775
175068
175071
174884
174818
174920
175011
175014
182876
174853
178981
174947
175009
178720
174951
179079
174780
174826
175034
174948
178888
174851
175083
174821
175021
174921
174999
174989
178941
175031
178971
174769
179245
174805
183054
174978
174781
175188
179020
178974
174868
175061
174992
174922
174871
175207
182987
178966
178946
175025
174938
174853
179149
174969
174939
178871
179146
174957
174940
178940
174885
178910
179115
178995
174863
175078
174854
175009
175022
175180
174799
179239
178772
179197
174883
175060
175019
178889
175347
174885
175160
174981
175132
175094
179050
174993
179152
179020
175109
183138
174877
175292
175073
175082
179005
175089
175183
174930
175101
175101
174990
175270
175053
179065
179074
175130
182959
175190
179180
175119
179042
175120
174990
179146
179047
175063
179100
175067
174876
179133
175180
175104
175084
175186
179145
175059
174970
175176
175153
175068
175058
175000
179118
175027
179212
179055
175076
179001
179163
175041
174950
175237
175076
179189
175112
174958
183208
175125
174995
179079
175053
175087
175253
174934
175018
183138
174982
175035
175200
178937
179117
175110
183018
175148
175118
179019
174976
179220
179069
174911
175240
179227
179146
183067
175048
179148
175020
174784
175524
179040
174947
179255
179113
174937
175146
175157
174823
175230
175055
175061
162738
179460
175205
174980
179041
175032
179111
179154
178966
175119
174994
175184
175096
175071
179126
174957
163276
175041
179065
175056
179066
175128
161880
176241
175105
175109
179056
175053
179131
174921
175192
179076
174998
175142
174968
175076
175139
175056
178995
179087
174988
174736
179333
175022
179144
175047
175028
174960
179146
175074
175137
179047
179086
178858
175225
179062
175007
179070
179013
179216
174829
175389
175002
179029
179044
179118
175017
179154
178979
175108
175155
179108
175080
174988
175182
175023
175147
175146
179088
175048
179157
179051
179170
175094
182991
179055
183019
175127
175085
175137
175053
175137
183154
182882
179083
175071
175002
175204
174995
179135
175056
175007
175127
182996
175076
175232
178859
179204
174891
175339
175063
179083
174972
175067
175232
175034
175101
175054
175086
175051
174971
175233
179084
174977
175100
179141
179094
178860
179203
179167
175015
174936
175097
179255
179075
179054
174939
175082
179107
179011
179219
179070
179053
175177
179128
178921
179245
178954
175113
179263
174954
175069
175098
175145
175092
175091
175085
183123
175063
174945
175147
174919
175116
175059
175127
175160
179191
174998
179125
175087
175112
179074
175015
174980
175127
175172
175043
179131
175008
175169
175082
174844
175158
179113
174936
175231
175068
175117
175042
175202
175039
175226
178996
175128
179030
174951
175195
175060
175037
183069
175004
161768
176509
174869
175241
179085
175153
175093
179143
174954
175097
175129
175113
175181
179009
175113
175056
178798
179285
175264
175014
179148
174897
175293
174997
175056
175168
175073
175140
175049
174983
179197
175099
178946
175039
175164
175050
174968
175053
175104
175118
175134
174960
175083
175075
175150
175061
179024
175032
175079
161803
176307
175050
175040
175103
175191
175120
178999
179087
174981
179170
178967
179218
178981
175179
175039
175161
175061
175143
175108
175079
175008
175067
175139
175077
179011
179115
179184
179090
178903
175126
175220
175118
175053
174979
174948
179228
175068
175032
175055
175090
179103
174951
179211
175028
175025
175137
175027
174981
175208
175004
179110
175044
174971
175163
175044
174919
175025
175201
175043
175006
175103
179055
175138
175168
174978
175069
179140
178965
175069
175053
179210
179112
179134
174865
175311
178999
178806
175285
175040
175151
175128
174962
175085
179089
174997
179085
175097
174916
178993
174868
175077
179123
175100
175083
174988
179101
174973
178967
175230
175069
175127
175045
175088
175063
179136
179095
175032
175165
175043
175005
175037
175184
178995
179195
174930
175075
175134
175055
179150
175107
175002
179027
174945
179129
174953
175224
175007
175052
175057
175038
175077
179289
174923
175047
179142
175000
175070
175168
174990
179047
175019
175110
179012
175082
175089
175099
178954
179191
174964
175148
175215
175110
174648
179392
175053
179106
175049
174898
175176
179210
175041
175165
174953
175114
175104
174911
175245
174960
175141
179039
175051
175011
162870
175477
174940
178956
179228
179064
174983
175073
175128
174831
175028
179198
178943
175053
175077
179241
175057
175005
175087
179203
174889
175103
175033
175261
179026
175164
179112
175039
174906
175226
183110
174923
179132
174972
175132
174910
175158
174992
175053
179000
175252
175045
175052
175158
174902
179030
179145
179043
174962
179255
178958
174970
175111
175033
175127
175044
174874
175234
175069
175091
179114
174974
175227
175016
179056
179064
179089
183126
179039
175012
179092
175022
175163
174975
174921
175110
175210
175024
175118
174860
175233
178967
179322
183101
174947
179088
179108
175105
174968
175099
175186
175136
174908
175227
174914
179199
178996
175002
179165
179076
174988
175067
175174
179036
175088
179014
175058
175098
179156
179104
175101
175056
175105
179061
174987
175105
179165
179039
179043
179051
183034
179248
179006
175177
175003
179038
178914
179069
175197
175132
179159
174911
182992
175203
175066
175224
174970
175205
174953
175341
175068
174987
175130
179072
174910
179207
175047
175018
178972
179072
179243
174888
175176
178938
179137
179115
179048
179061
174962
175142
175083
175066
174976
175139
179210
174967
179135
179074
175115
183113
178949
175060
175103
175113
179013
175003
175178
175110
175102
179230
179027
174970
175245
175024
175116
179000
174938
175018
175190
175022
175021
179067
175206
175106
179135
179056
175008
174997
179121
175127
163382
174809
174911
183099
174986
175123
179157
179087
178967
175228
