131702
196121
231777
250962
290280
369222
372654
371639
340676
352588
391084
399693
446536
411104
461370
472261
452795
470603
503595
494808
450364
426341
491274
464894
491610
482622
502629
546171
458720
471163
505345
513373
477519
452030
425688
495970
471176
491877
475257
501044
426855
499653
482947
412879
499115
441157
412429
492789
464646
502862
488030
447765
496168
560144
568809
484160
477010
506549
494937
567492
572875
460086
545973
519940
578436
472977
483837
452551
608311
558904
456699
499283
582536
463604
476172
466550
539780
494577
475126
384916
537127
381773
531155
520151
511132
547939
517786
343330
545270
505397
451082
491775
504679
438681
461702
358849
492080
432442
368005
433467
418392
471670
343240
441515
471529
456498
454944
459774
460090
456066
489750
473224
471353
451777
440747
447152
503169
423810
469034
424319
477208
431940
463444
423110
434201
445150
500185
481264
500094
479894
473386
457226
539891
448345
526963
490183
528549
451697
548966
470759
536334
542600
402716
393209
349133
471208
406401
532003
424137
548263
465966
561425
575571
486562
415887
535036
570851
532317
428369
481096
581758
556180
576633
599491
579732
608563
574952
451678
606778
608582
592969
620835
639068
510198
584833
623898
480513
568035
523081
643526
728529
640223
670065
704463
639399
527936
569315
725480
630940
579693
671380
609880
608667
730974
597454
696572
679772
713843
581854
621243
463878
600181
610478
603114
552167
586821
590702
563615
485162
480228
533719
467999
452211
653998
381847
571220
548766
612580
592503
363876
559771
520768
505677
557265
541060
494253
448200
463832
575268
569303
493201
444772
580503
475524
538772
526394
583820
510121
499347
493404
476889
474064
547885
558551
440714
531437
528342
526548
495014
544094
466697
548518
522641
563309
468473
538459
522070
481910
535870
576207
471636
442130
436034
543685
538047
456483
424053
512962
437202
477773
425326
426863
561309
500339
408125
365640
505196
485605
555378
368724
370187
507953
504916
535002
362825
535473
386030
493721
467176
484699
442816
433291
379946
422286
433196
430929
444316
422124
461770
446825
432086
459376
442236
468130
432237
437643
461683
437553
503447
484232
492317
534485
541476
539962
489834
493335
539006
538369
545099
536938
548211
542882
560770
572094
464209
458888
472556
598914
603456
553592
569124
490575
584430
525449
489824
508123
569425
528097
508537
601233
499999
508736
490451
493561
519825
509856
407831
564251
513766
590840
513758
532080
508081
682998
668991
476403
536213
657818
509806
518500
571165
643579
504561
590171
615314
512210
470851
572260
465599
586484
579835
460570
607139
474012
584295
474053
596574
574744
488725
494267
605242
548446
489253
436579
556893
574660
566114
453169
557529
472440
538115
518815
571581
544835
559852
501207
541064
488839
526568
558510
512400
617206
532046
568138
543490
495817
570214
576752
475080
629002
564717
616715
528009
565564
588948
542802
527547
549883
464443
547414
530839
587564
582100
518777
552985
539129
544602
465449
437277
514938
505832
625230
610072
500731
481037
447662
641573
444949
412186
650072
465226
630398
473661
468698
447184
659053
487965
413153
627022
404608
387876
667951
560098
556582
558740
565526
551888
547128
476352
504991
592632
590446
496182
508352
534492
537340
504547
500589
532865
520000
518658
535866
498885
569769
563105
562267
533698
471875
460105
547599
557126
548819
554901
472514
581399
492426
544553
503581
481305
573643
484854
484501
497488
529082
487936
337092
551395
451943
349129
506096
304178
468064
520113
559780
555533
636319
583635
608734
592765
507371
551898
385157
516780
472139
483199
532251
452763
496022
464136
445608
509235
479460
475745
522854
495306
479123
461620
425206
431467
490509
441196
473711
400735
520834
472299
466370
470760
486106
480964
500074
487687
463139
492838
495521
493123
442220
496987
465670
527594
438268
463209
548547
558294
492185
468697
579237
496037
472352
519530
566716
466855
480169
549600
520950
548593
596085
465700
512419
458851
565172
459586
450859
459299
521000
603806
432450
584966
515941
491349
460313
535605
472432
519024
480380
438726
503642
463245
455779
465593
529126
483923
509814
495373
451920
484879
483168
528200
476634
432097
496549
526231
486854
451310
421500
493370
442333
495981
527459
416363
468198
443362
444166
492955
504071
476494
462927
475683
454172
568205
430929
554718
533331
500582
508070
549548
477163
434913
515265
491127
434699
583726
498936
481717
514901
528644
515384
533863
519775
495415
550501
507947
600584
565736
489202
577087
570645
459357
585430
488334
583623
598398
428387
504601
535119
457142
385153
511560
555454
534138
420022
513507
534384
487641
403902
510508
405718
506407
501939
497332
492726
447377
482559
497318
419746
458296
507660
504200
497677
504050
417459
443625
485755
466547
427763
480867
509346
445808
443682
410520
409488
455843
484525
592041
611288
451988
496463
533812
524464
580277
429753
510376
512774
539873
471667
538613
507539
547853
526538
640240
651063
607719
566914
573706
654613
466331
608228
684524
640427
701806
624954
453778
569192
539502
630146
608245
627554
493013
539047
592443
631737
503311
510519
520179
608162
545602
496727
608773
541011
495654
576120
528660
483199
551117
499209
556400
460248
522851
504806
519746
573078
522407
495216
464097
538519
492622
415447
564004
519987
550322
519417
511908
384326
385994
530694
475824
543224
550553
452418
486433
572863
563666
489200
538720
558770
529695
462466
552839
471015
534503
412574
513036
497859
550642
606953
425527
595242
557341
511630
556428
531445
432563
544995
599528
495683
547458
595981
471763
545217
506531
523823
567217
501762
531593
472725
463479
432498
556803
482069
534953
434262
558843
451099
443616
553703
582431
568438
520832
529507
515667
577321
597322
626151
568160
495006
588912
450048
584040
554889
579799
498183
528003
570786
510289
537896
547786
484996
544155
549229
484036
547529
482895
532254
572686
481539
546778
458095
520003
442863
527993
472587
529500
350951
339486
486664
348585
465935
468740
504621
396963
352836
486459
429950
309815
445228
413010
397980
316380
421969
407367
414859
378323
406168
415075
395866
346085
408432
450844
355301
502849
329396
468125
445267
485730
428738
466582
462464
428857
509911
482066
451373
496229
451304
549743
511994
474724
593556
465481
595059
580202
625350
648108
585886
602269
582083
561621
604046
531088
512522
517020
580323
569996
546470
532217
514851
511546
534907
511646
503605
501381
480150
487630
485999
465392
538665
534602
479001
460638
489260
485475
519514
406816
524073
539908
563286
425568
463855
542243
535853
456045
558473
504629
527458
556531
423896
434556
477527
565265
557109
567295
479856
551516
489975
556697
429975
562774
571296
509515
583730
505296
565663
609760
483607
495169
573475
599105
500525
594792
614458
607835
472033
509593
517789
566396
625517
455362
532489
566311
671112
506141
622775
581004
566817
444824
427849
480025
479473
536564
539752
267177
399758
447397
507817
454523
434942
362240
359435
402264
321999
344457
440449
