226310
187182
183402
187299
183333
183332
183220
187260
183264
183386
183282
183341
183305
187173
183551
191182
183239
183265
183420
183279
187195
183260
183299
183393
187223
183398
187292
187308
187242
183410
183316
191191
187352
187156
183478
183266
183249
183174
183283
183324
187251
191280
183431
187181
187278
183282
187229
187114
187444
183093
183620
183213
183362
183429
187139
183346
187287
187212
183334
183189
187390
183315
187143
187323
183199
183370
187259
183066
183554
187219
183250
191159
187358
183463
183348
183253
183296
183297
183323
187317
183257
183617
183199
183384
187202
187406
187305
183313
187189
183519
183288
187199
183459
183317
183185
183448
183304
187253
187408
183385
183386
187359
183292
183375
183323
187295
183294
170842
187678
187283
183245
183212
187263
183469
183305
183269
187092
187300
183349
183282
183311
187323
187357
183287
183346
187071
187508
187237
183263
182915
187630
183394
187278
187415
183294
187362
191422
183365
187275
183358
187306
187314
183134
183493
183381
187134
183473
191284
183282
187333
183340
183341
187305
183414
191114
183385
183351
183149
183442
183306
187088
183370
187205
187415
191256
183291
191180
183341
183379
183292
187314
183207
191384
187324
187302
183292
191287
187276
182994
183605
187392
187297
187131
183330
183370
191048
183678
183380
183479
191177
183464
187243
183308
186903
183447
191344
183266
187177
187618
183254
