390904
380696
442700
525925
762517
802136
840503
909944
842463
987920
909144
1024110
1043036
1005245
1085198
986488
1025196
1019965
1256093
1130243
1204332
1186211
1209209
1130957
1265739
1119923
1283808
1234708
1270194
1254126
1344318
1460798
1045537
1399973
1349088
1571218
1350832
1397866
1382443
1501424
1434015
1498195
1436965
1457483
1353839
1505746
1311355
1458027
1350759
1568296
1559926
1452682
1471851
1474979
1527588
1400243
1470757
1542623
1473348
1596743
1648657
1542617
1506423
1619833
1537308
1585082
1563988
1553316
1544430
1605113
1599259
1506491
1556903
1566908
1687895
1463368
1560442
1422922
1701136
1662232
1634148
1433070
1458334
1677110
1404576
1628780
1590471
1757788
1532532
1577687
1491694
1627953
1442902
1447583
1430766
1524151
1645368
1394043
1491509
1415337
1440000
1381908
1421554
1404853
1627539
1377586
1456878
1358043
1548750
1445063
1599913
1514233
1441090
1498628
1548361
1233108
1615154
1548932
1318045
1581567
1291178
1686183
1532101
1148749
1714458
1628342
1660426
1756217
1320544
1601377
1557178
1572805
1432265
1566647
1609820
1364303
1571402
1411070
1374330
1556002
1421470
1611845
1489494
1413993
1486837
1470725
1413133
1462190
1422941
1479670
1402737
1570233
1532890
1487466
1457441
1458271
1571671
1410295
1496003
1596103
1538813
1422119
1507230
1508802
1506907
1493893
1601129
1506811
1471195
1497064
1561444
1454191
1508329
1428197
1400339
1579769
1551635
1511147
1362833
1352071
1333493
1519534
1534812
1632872
1606307
1460465
1489838
1408056
1394496
1417246
1488958
1376553
1388015
1426508
1367215
1410023
1487783
1451588
1472350
1470200
1420074
1486858
1454069
1452453
1433563
1414815
1371257
1434549
1473409
1446711
1439571
1568538
1424236
1379445
1490119
1464910
1478931
1512438
1477460
1314731
1558076
1548102
1532041
1579819
1609659
1461401
1707814
1575324
1557805
1537795
1704504
1610209
1692654
1606022
1675782
1594856
1541937
1583179
1624162
1657958
1638708
1624318
1529057
1682344
1620461
1480722
1535829
1611060
1574853
1565401
1443630
1248076
1782438
1556193
1718317
1566954
1574114
1459912
1421786
1612599
1484670
1629244
1635585
1445001
1475575
1623703
1541412
1738776
1379388
1535980
1471351
1551674
1613750
1512955
1568995
1617249
1542284
1562121
1470651
1547018
1797322
1642936
1567266
1764158
1616304
1405316
1595546
1582161
1590427
1585040
1576487
1623988
1459397
1526376
1424686
1612598
1458094
1504074
1440192
1588635
1559375
1570906
1447111
1547274
1633778
1556343
1466339
1443412
1516177
1599399
1399093
1508447
1705891
1617067
1496232
1597099
1606578
1611837
1508820
1622051
1617461
1516792
1624611
1540741
1519171
1628762
1513946
1630114
1559486
1536174
1461326
1545587
1628931
1538600
1501679
1476179
1656706
1493346
1497946
1521612
1562130
1585514
1539036
1684577
1504279
1652244
1629208
1627463
1627131
1633100
1544418
1375959
1292038
1474083
1615439
1549142
1689234
1622841
1518110
1650586
1470356
1706211
1568928
1477188
1659077
1714562
1641346
1743060
1645006
1657311
1736412
1763990
1568299
1705582
1023441
1698984
1699288
1697198
1703041
1750383
1678259
1570590
1637387
1683136
1392263
1709511
1734061
1627095
1682157
1655203
1629887
1720179
1423040
1469597
1719311
1348697
1446213
1800929
1607767
1413142
1744968
1715107
1400328
1641488
1708308
1684479
1670818
1710166
1770120
1669351
1791458
1834233
1763530
1439420
1877063
1722048
1790079
1621740
1597698
1842601
1821432
1746403
1588722
1730801
1684187
1602231
1599285
1650346
1887172
1522096
1778235
1581973
1698932
1632774
1700010
1644664
1711280
1659415
1717458
1747812
1723470
1614220
1667565
1728874
1679044
1729078
1558889
1665802
1669501
1708079
1706543
1634643
1741365
1689127
1682506
1475279
1663353
1449279
1699381
1475919
1361886
1676790
1440091
1664473
1710558
1622873
1383535
1666843
1580075
1513942
1308724
1633321
1490968
1590333
1427075
1639513
1349048
1442452
1626138
1618135
1589857
1514338
1556224
1505618
1407534
1513443
1485740
1637885
1448028
1707227
1330131
1629487
1358967
1687191
1560098
1524348
1513492
1571588
1703678
1765440
1439007
1577326
1317268
1527940
1435833
1533989
1601427
1525705
1331679
1293884
1486957
1614666
1470190
1615202
1748168
1697420
1573744
1532842
1464269
1538596
1602202
1534161
1572161
1552678
1451202
1604827
1480948
1631288
1557444
1609413
1716516
1559086
1457150
1508795
1436826
1594321
1349534
1544936
1493632
1633620
1791603
1690218
1351804
1560574
1533300
1673827
1635284
1549677
1458654
1408835
1376702
1503576
1615810
1481626
1434619
1484055
1462565
1436235
1452984
1551746
1392170
1587792
1632843
1392461
1518379
1610447
1549899
1700548
1597435
1524650
1536752
1405399
1488911
1588534
1467134
1558567
1325805
1477768
1410372
1476849
1450637
1320540
1402036
1613390
1492122
1530166
1499108
1460280
1385590
1498855
1563939
1519814
1369308
1465788
1394484
1476707
1656587
1391439
1583298
1618523
1423411
1410664
1549078
1354873
1535234
1514522
1499781
1446104
1432235
1453755
1401657
1248074
1337383
1633836
1577892
1482807
1726728
1601557
1586227
1471970
1328342
1501884
1305912
1329685
1584985
1585143
1518451
1532252
1501666
1399579
1630673
1489436
1473630
1439955
1418262
1418314
1476417
1537801
1543931
1447322
1257978
1537018
1541220
1425258
1477122
1470140
1522535
1640066
1351468
1469090
1082886
1524370
1621426
1471613
1408594
1472441
1581241
1537134
1339107
1561314
1652540
1566596
1597606
1474949
1360570
1631876
1604527
1317801
1554077
1523563
1635526
1303518
1642183
1423851
1482193
1630787
1659434
1699381
1754061
1427910
1572867
1657227
1451289
1566217
1367225
1269443
1305716
1511821
1511368
1261091
1617353
1405916
1570922
1583134
1591969
1386584
1589020
1481786
1420063
1424218
1471688
1464367
1485717
1566714
1528909
1516209
1421335
1390936
1510125
1442834
1332692
1548737
1270881
1525437
1635925
1483575
1533851
1546387
1736106
1592290
1611271
1486880
1620541
1609204
1317642
1692830
1527716
1546313
1712277
1619144
1642318
1561845
1568456
1539075
1483121
1660581
1489873
1247393
1559333
1317849
1686193
1446841
1570222
1674729
1592930
1587972
1679464
1495277
1680984
1501326
1456524
1494428
1397976
1415347
1522840
1495266
1533757
1429354
1400859
1594999
1643859
1570089
1445263
1624634
1591783
1340956
1432865
1583424
1405046
1600725
1431781
1470676
1571647
1487138
1584079
1415020
1536146
1199583
1591382
1503999
1521658
1499638
1469330
1499837
1466794
1554146
1369235
1480822
1422678
1605864
1465100
1614454
1451184
1543336
1525647
1518040
1410423
1477530
1467293
1631742
1649703
1490941
1564379
1581191
1550286
1617967
1537354
1604241
1554323
1584384
1513511
1462547
1660067
1382097
1535904
1668709
1511518
1651383
1408436
1570014
1666184
1461404
1600672
1536838
1560911
1504618
1511919
1496019
1532524
1407521
1547672
1446833
1441414
1616660
1514592
1344153
1601235
1463405
1727170
1498798
1470026
1519794
1484965
1807839
1846339
1753276
1841681
1605157
1492842
1563867
1438758
1463414
1396377
1342146
1203575
1776144
1448426
1507312
1532573
1794883
1579027
1490067
1568419
1561456
1659298
1527951
1670226
1714728
1646888
1674516
1613769
1480207
1335064
1593623
1644826
1450588
1665635
1622744
1503799
1565387
1659900
1480748
1843744
1659622
1522341
1532438
1588834
1590705
1544663
1572942
1689519
1492580
1722684
1626357
1705948
1484187
1484758
1623479
1743465
1646470
1503889
1618315
1494133
1588870
1527247
1511459
1599121
1524563
1650892
1614233
1506452
1566583
1505264
1678428
1823562
1530971
1414428
1469205
1552240
1459046
1579181
1705848
1530565
1462599
1534933
1571743
1647096
1510425
1508561
1446337
1576122
1568689
1697821
1746169
1440837
1655052
1591851
1421304
1595659
1611405
1541734
1599751
1536642
1540804
1560244
1676656
1426531
1588525
1602249
1575001
1587438
1398875
1547539
1624147
1401673
1485500
1578664
1312845
1521178
1379685
1610058
1563930
1373510
1334660
1586169
1424359
1601375
1329826
1145146
1581238
1407677
1331530
1362778
1332152
1316207
1249965
1175524
1330181
1106222
1201370
1378586
1231477
1175325
907275
1020612
1148948
1144378
1103826
1081730
943808
819818
1012255
894210
946161
906948
743291
788966
787971
826977
916244
