88859
88889
89249
88831
89162
88806
89452
89101
88907
89195
89162
88914
89123
89191
88680
88639
89469
88979
89024
88666
88873
88990
88668
88831
89094
88916
88784
89555
88876
89204
88827
89177
88873
88856
88684
88725
88783
88906
89005
88703
89571
89585
88788
89239
89423
89113
88647
89387
89002
88850
89125
88660
89290
89158
89252
89049
89267
89888
89114
88947
88819
88838
89117
90060
88816
89334
89186
89004
88983
88482
88876
88905
89134
89862
89242
89218
88528
89043
88571
89174
89027
89401
89596
89121
88848
89191
89093
88872
89141
88975
88585
89071
89504
89209
89199
88825
89051
88552
89175
89331
89114
88972
89025
89048
89325
89099
88960
89612
88547
88888
89068
88726
89152
89049
89076
89060
89088
88957
89170
89656
88871
89132
88921
88819
89487
88710
89501
89188
89048
89159
88918
88921
89003
89082
88929
89110
89060
89558
89420
89186
88842
89074
89716
88648
89177
89014
89081
88535
88507
89067
88822
89360
88731
89000
88685
88938
88995
88883
88929
89261
88921
89178
89244
89073
89313
89838
89235
89887
89098
89097
88816
89090
89320
88697
89342
89196
88744
88650
89161
88726
89334
89248
89045
89376
89153
88650
89006
89394
89033
88782
88650
89454
89282
89283
88858
89270
89082
88628
89011
89511
