163456
359820
367985
343874
391931
423333
430832
464592
478498
467584
473887
439237
485388
487627
495327
496654
481648
515896
519966
536890
477593
547970
491994
554709
524705
470876
512571
567486
498883
552733
532611
412124
383530
516866
478163
539974
558503
518872
469454
461058
440012
470211
479849
434792
445143
521880
464188
514983
507824
512539
474710
501834
501370
488315
507091
490345
521032
480446
511343
506169
478822
528418
509121
473380
462203
514703
536114
556388
546081
465093
534879
539908
534282
482550
501648
531999
515699
564417
509912
447601
497289
435935
550161
415903
508638
480150
470989
466873
523891
505720
537181
529668
528307
526901
475751
484810
514794
438209
600379
517260
516505
572196
513887
534716
466753
451248
469912
598836
552034
589684
460973
444347
486850
453598
604810
595928
597753
401280
611494
600325
525605
592339
460835
614260
498907
496782
434798
423592
540765
586308
576179
572394
399904
416512
574348
550357
504922
589049
554517
526541
503879
526891
459946
531757
514994
479872
460844
512700
515003
474537
539760
533366
488119
510336
504090
523129
507180
506417
477954
478783
478250
499044
434692
462192
436137
413322
518190
496913
521018
475236
480147
500978
514819
411457
510248
495712
411887
485020
469038
405279
410376
485667
397516
457238
440167
399040
473545
410417
370739
408603
391160
476210
362777
466471
420938
317020
439400
401181
463492
402038
311456
424895
447330
334112
368284
430871
390739
385153
409844
324796
388761
319370
298548
477372
512907
509138
218159
447916
512143
449438
528447
458117
468220
248380
448993
265533
536165
435655
470442
541060
500134
412674
574846
535553
508991
498796
344482
540154
440094
381581
437753
387880
546807
575131
539566
516175
605102
476440
454289
554020
553968
538698
632031
568600
497922
565353
480420
599407
550859
463974
529112
531554
460358
556623
576817
511070
516492
523280
528028
580338
598829
552798
488535
573313
558780
579617
501095
549520
489246
559021
538120
527334
487828
502526
463345
442797
544854
516333
421642
456919
484287
533296
457509
499151
484766
494045
396077
479849
486822
384515
503592
455968
479281
451745
449101
405495
478161
412793
480826
491731
485015
479879
420115
473153
489402
511788
477923
483997
473603
451018
538905
493022
530948
556996
436427
599856
385285
443694
559720
584091
547636
547110
579780
542833
597167
395063
382350
578980
509312
616141
597928
605673
609268
575200
506005
547492
582554
556262
508869
516077
555387
597904
535798
507826
504951
483731
563059
503873
552279
467911
523284
563644
571955
459895
433370
530835
466945
420954
473320
460294
479262
435752
471105
447574
457114
388744
444790
482660
431857
425256
467256
385387
423111
491005
418242
377719
437057
366651
430809
405529
432524
416304
457834
401434
404359
472959
397148
471285
360653
428026
485880
464586
434809
399717
452564
436418
398054
468598
437413
394262
361140
458908
471519
439337
470416
430001
495435
396703
465208
466114
473734
490836
499709
525541
496524
496456
407902
504246
476232
480095
511861
482843
561368
476691
459966
518618
513718
451284
493392
457261
477047
490717
546949
482119
538949
490546
520630
480403
511943
427415
455401
415266
435833
506197
426843
421369
398853
476952
513362
492360
467302
564348
508922
580833
392726
500567
411152
519334
522736
429091
594920
524773
523369
486070
606508
522371
524219
621905
526855
521658
554404
427664
646884
559324
530648
450243
634634
562498
492466
474074
558350
516247
595167
654379
557088
512182
466097
468169
427381
575866
569739
580504
543744
583016
468075
516928
473753
581045
535100
446849
451546
460598
405559
368332
427448
621678
425494
360285
657589
637743
452554
591473
509453
513414
480316
568048
387180
614265
472363
424638
406262
559148
501913
531727
540303
583959
441705
520816
484034
444129
539244
544114
536910
503481
553830
509439
504232
467814
551020
491489
462978
488125
471992
550660
419314
480145
466882
424504
433750
505357
479203
527521
489545
506744
430189
468845
501473
539581
485668
490478
466653
479413
496725
491512
487119
420410
568632
571093
584665
517926
572558
575202
576134
532375
506872
583015
509108
540816
576294
520401
628583
525336
557523
519692
599265
494037
556794
580298
523286
558544
655345
615797
500697
533431
643290
627933
586181
569085
559396
541163
564123
579820
579220
544371
577731
614818
606271
553054
518391
585628
588903
476830
456668
467012
551089
553944
524174
449630
488031
550942
456763
532928
462929
512618
545084
517716
497055
508054
527392
481734
492374
485167
462019
455855
414635
443712
515817
496091
402516
475825
486626
409503
441500
393415
461242
425362
430399
408226
399054
437656
399535
408867
342201
466609
404822
442346
506185
431309
405907
425088
409198
431110
527848
530135
432561
522053
481019
561033
549019
473224
497390
513223
465628
515983
503124
464412
575586
549997
530681
528693
560771
561505
540034
561041
602757
455335
503692
541403
552600
655397
492298
518215
499648
633973
515815
567939
498191
661893
456154
707050
547866
520385
716702
648540
656649
500437
456608
590208
503176
520128
685247
523964
511584
456124
609981
569045
606945
527744
515598
523540
513638
552344
586338
477506
525118
521974
478034
534389
479155
539958
438255
468027
452672
539443
484078
435527
520163
459264
410292
501863
465724
557149
455344
440569
493582
490189
497597
483718
481243
460890
499870
565540
435291
453013
446363
540119
493774
546649
538397
497712
556028
499245
452921
565211
544657
463419
480613
562363
502035
587040
501857
467247
617227
552017
536643
567292
494121
516081
479565
595905
552534
549836
526448
528602
565219
548285
491702
570155
583248
543448
533032
595797
525867
470322
560026
568426
533161
489871
557555
521156
562959
499620
503499
543824
536807
494147
511404
494358
541938
577463
537176
515343
535221
543436
536764
544360
512513
552367
595560
509616
560089
586782
580308
509078
529490
511878
475538
589979
510296
550170
637078
582621
537837
646007
552181
563229
541729
463505
540642
513836
484981
360677
466801
343820
460847
480356
449370
562826
559085
587335
513821
280151
312251
397787
524065
495778
206531
562343
434358
539762
563217
586743
480265
459635
552840
516740
482303
473648
516275
317212
322714
487678
539784
470000
495634
416216
501226
403337
539075
427430
546954
519099
442314
404715
544696
522337
525700
505131
496257
506505
571682
557915
479726
404060
480047
530675
585765
432794
505338
468530
502402
604803
504057
459725
587983
547815
499382
589321
421352
491485
532407
520028
514132
537978
484079
535922
482447
480709
525394
523351
516612
554888
533198
552389
548098
527853
519822
528490
525158
549293
515271
486895
508009
484308
530080
504200
525346
524059
506962
514928
515592
483346
499509
470159
470413
562715
544134
553821
510583
567936
481925
583864
516945
500849
494344
511697
488161
509525
443809
484663
419988
441135
432293
457591
494193
608337
411637
361548
490524
507836
576266
522491
459492
555516
456004
411318
434270
365862
353364
318905
419481
317015
370600
284045
293453
331073
388879
301783
371864
298648
