1012046 975
1012717 975
1009018 975
1008914 975
1009348 975
1008634 975
1008980 975
1009008 974
1009044 975
1012997 975
1012577 976
1008942 975
1009241 974
1008689 975
1009136 975
1012897 975
1012842 974
1008832 975
1012795 974
1009259 975
1012800 975
992878 975
996999 975
1008804 975
1008189 975
1002007 967
1016814 975
1009094 974
1012051 975
1013959 974
1016978 975
1012670 975
1009284 974
1012962 976
1008868 975
1008778 974
1009119 974
1009377 975
1016610 976
1009051 975
1012859 975
992672 974
1008966 974
1009222 974
1012692 975
1008868 975
1009026 975
1008803 975
1008702 975
1013357 974
1016771 976
1008984 974
1012705 975
1008984 975
1008839 975
1012683 975
1013469 975
1008566 975
1009275 975
1012636 975
1009161 974
1013063 975
1008745 975
1008876 974
997148 975
1008918 975
1012673 976
1012414 975
1013684 974
1013271 974
1009105 975
1008692 974
1013204 975
1017090 975
1008487 974
1009155 974
992828 975
1009071 974
1012594 975
993003 975
1008878 975
1009179 974
993295 975
1008458 974
1008906 975
1008772 975
1009164 975
1009180 974
1008691 975
993048 974
1008960 975
1013147 974
1012782 975
1008723 974
993155 974
1009035 974
1008703 974
1009248 975
992193 974
1009806 974
1008907 975
1008767 975
1008861 975
1008867 975
1008716 974
1009107 974
992829 974
1009060 975
1012885 975
1012964 976
1012796 975
993005 975
1013034 975
1016953 975
1009076 975
1012883 975
1012597 975
1012971 976
1009008 974
1009062 974
1013008 975
992741 975
1009001 974
996892 975
1008793 975
1012935 975
993058 975
1012860 975
1008945 975
993001 975
993082 974
1012786 975
1013028 975
1013182 975
1013127 976
1012889 975
1008670 974
993275 974
1009073 974
1016987 975
992156 975
1021745 975
1008926 975
1008724 974
1009114 974
1008818 975
992440 975
1009192 974
1009635 975
1008795 975
993023 975
993028 974
1008892 975
993021 975
1013091 974
1016711 976
1009322 974
1008810 975
1009060 975
996890 975
992861 975
1012983 975
992927 975
1009002 974
1012772 974
993046 974
1008841 975
1012973 976
1012942 975
1008811 974
1008117 974
1010088 974
1008969 974
1008863 975
1012844 974
1017127 975
1008575 975
993134 974
1012815 975
1008903 975
1013176 975
1008770 975
1009125 975
1013039 975
1012865 975
1012930 975
1008662 975
1009013 975
1013235 975
996650 975
992261 974
1013642 975
1009103 974
1012807 975
1009050 975
1008980 975
1012991 976
1008950 975
992826 975
1008594 975
