162534 114
194218 137
214971 173
236702 187
236696 198
233764 180
246704 203
282230 213
300196 217
301525 233
156425 117
162029 123
166789 110
160572 108
189582 129
205523 138
178199 115
185383 143
203745 139
191422 127
192125 130
192296 125
184857 131
153977 116
178163 122
173407 119
159942 103
197745 143
166278 110
149071 105
150227 100
233506 175
225977 161
205209 141
180679 127
175733 122
195393 124
180112 114
187013 135
187912 121
201338 133
196943 156
189886 130
185810 125
189285 137
202748 127
180085 120
197340 121
175512 112
167940 104
185534 129
166094 117
165249 122
185839 109
224449 148
210828 112
177869 114
186957 113
194792 135
174416 115
196166 138
179264 115
168653 112
163544 106
182012 130
181277 123
199780 136
185788 125
185393 121
183086 128
200889 137
142146 104
221578 155
175854 121
187972 121
203656 122
173058 119
160763 100
178895 120
196887 138
223825 152
181675 127
152131 122
179358 117
171418 123
191404 130
156440 113
157205 108
197768 141
192913 111
180850 132
165433 109
190515 132
182960 126
205404 136
207853 122
150533 101
211486 149
171862 126
189231 115
193592 145
155359 114
174308 116
194444 130
202636 151
231489 169
166638 121
187941 130
192644 129
190298 132
175250 116
161771 105
170721 110
194937 144
185204 126
170199 112
183434 126
211591 128
207027 161
236568 172
147728 103
201433 135
152231 104
185148 120
207737 128
154727 115
177264 116
163806 113
189052 124
212968 141
180174 117
212296 143
177240 112
165560 107
190743 125
179008 122
172138 107
209631 139
242899 164
140772 92
246286 184
178148 130
205025 145
200970 126
209545 140
160023 116
166030 103
180203 116
201236 149
195040 143
223661 162
170438 122
166914 116
181053 127
201736 134
178579 132
171076 125
167420 119
198874 115
201593 119
170744 104
170226 119
214901 162
191313 140
197064 135
248525 162
237996 173
154646 102
154445 114
192667 125
161508 105
204762 140
178555 124
182794 125
193564 132
195565 119
152055 109
166196 118
179745 122
198059 133
179570 137
164236 114
159622 106
187031 121
180701 130
186842 113
196141 147
172370 117
209178 136
235066 143
205016 135
162826 103
205937 130
227980 118
210284 120
153718 117
172311 120
196129 150
196288 139
181959 127
189589 130
184044 108
173414 127
184600 146
174105 120
217833 162
230029 168
190611 130
174023 115
176588 111
201456 128
204375 112
166564 118
151208 102
173341 113
180280 136
215363 147
228002 137
170426 122
179574 116
157152 106
169525 126
202771 147
204342 123
159271 92
189128 117
198320 161
153345 100
183981 122
182118 137
180113 113
193499 128
166442 101
211495 146
181453 122
213481 152
212163 139
172033 116
182898 127
193416 117
217577 158
223436 154
171499 109
171334 119
181226 117
179454 114
203514 132
163239 106
159598 112
191932 137
173625 105
214658 158
160469 106
173868 123
178102 131
218622 162
177176 118
199295 136
168399 109
211949 141
179095 113
181180 106
195437 132
177727 109
159840 110
180999 128
194283 136
211419 159
200451 164
159162 132
196645 119
200429 136
173075 122
175781 129
191454 129
192255 129
195323 130
193589 129
193107 123
140730 98
192477 146
179373 133
177196 134
190622 142
172335 117
153270 98
188726 121
179684 138
204651 145
181977 129
163186 114
182196 120
209060 138
205433 138
160213 111
148198 117
156842 114
186576 115
203533 130
207564 152
173484 112
195186 144
210564 148
174844 115
224573 145
229925 154
186272 121
217708 105
157735 96
199909 138
182912 107
164237 109
166720 118
174459 130
208950 138
209640 140
168458 118
167050 111
178837 119
195110 139
220994 154
124974 105
188368 121
200390 151
172185 113
197166 120
201474 129
159344 105
173431 118
206083 149
210279 164
171561 122
258596 201
219103 155
151811 99
201231 137
179421 123
174397 112
179492 118
201041 128
211235 135
167196 120
164600 123
181931 117
197140 128
175077 104
214954 152
163779 100
177356 132
180767 108
206583 152
215339 145
161066 104
163351 111
188739 118
173879 113
158089 105
207417 163
200169 153
188111 126
208289 152
209986 156
178935 131
183014 121
205333 140
239898 132
169178 98
201829 129
201789 142
214495 152
223348 143
217152 143
211906 137
157051 103
158755 100
184307 120
196347 134
167701 118
156489 110
221437 174
203005 128
225249 173
197329 131
258138 180
164752 107
205409 131
145464 116
185207 118
153809 114
202818 127
169607 117
187277 138
201758 126
225251 147
181985 141
171016 113
202623 139
174200 127
188936 145
201986 137
209697 137
184191 132
161776 103
203379 151
157586 103
187565 122
200252 140
192711 139
188758 133
214913 166
199650 142
167301 126
198822 126
205171 145
163623 111
197658 126
173550 121
172809 114
171373 128
176996 126
187585 129
182601 134
171930 117
176622 132
189239 124
206303 143
195808 125
153044 108
148878 107
169087 119
179531 123
168145 110
197576 141
166609 124
193235 147
191175 148
159756 118
187299 123
199898 121
195537 126
159744 115
184013 127
164398 120
165028 122
186609 133
197073 123
198685 131
176781 111
203469 149
191275 128
183730 119
191942 124
194740 125
205038 121
166940 110
173689 114
227268 173
179510 136
210078 152
191159 141
189693 124
174258 109
150964 104
152446 114
165208 101
178208 115
187743 135
191569 139
165213 121
182686 119
209470 162
175042 120
188499 125
168755 108
188468 136
199350 112
188101 124
199671 120
197349 138
210409 142
187464 116
192773 141
166378 100
196909 134
203542 128
197952 145
192396 148
159955 99
177654 115
187523 134
191556 133
151640 102
181185 138
189734 128
200809 141
215901 152
170667 126
176021 116
189754 125
188397 123
213528 153
208721 158
162766 114
189207 134
187722 117
201366 143
186166 136
180132 118
189563 131
195668 125
216388 148
208482 144
180061 144
170920 123
184021 120
226282 148
186814 128
163430 109
185603 134
216276 137
236701 161
204124 134
158442 107
174536 114
173737 108
205467 149
158367 105
167219 122
179592 130
208393 159
217938 167
224550 175
172697 112
180052 121
178633 127
202057 126
177325 119
181269 108
167820 125
192074 124
159261 102
178684 120
225332 136
205824 134
191623 146
198994 153
160064 109
176904 118
184512 119
193045 124
177250 117
174048 122
184379 120
223329 153
184307 130
202734 132
180825 123
213067 138
173481 124
184238 115
157721 99
199836 136
220033 153
172205 119
186386 112
191553 144
166327 109
169925 117
196171 118
203157 135
156688 105
159975 106
224937 171
196523 137
206283 156
216563 138
166862 110
184972 134
159845 112
166426 111
189934 125
162741 106
162044 120
171834 131
180358 143
155360 125
184267 128
204606 130
173539 121
178688 119
204037 151
163404 110
198187 123
187077 125
188139 135
196127 143
132013 100
199786 142
168758 111
167469 132
189082 130
164860 111
164780 111
184022 118
187668 133
195750 143
152232 125
187057 128
149833 109
208998 150
224070 148
165826 110
182507 133
163100 110
183507 111
192725 134
167310 104
207557 135
192789 125
206821 135
210023 127
209031 125
201616 130
166061 109
178671 131
177875 132
175166 133
185492 118
174457 110
168403 129
185306 109
192648 128
172362 110
190110 139
191432 121
205323 122
211439 144
187328 119
167740 111
152520 105
236041 158
206928 144
207039 117
208581 130
183728 117
183685 113
202695 115
193574 115
169105 114
223759 140
195136 120
219782 132
216304 163
166700 113
179838 120
185345 108
188936 125
142143 107
163772 117
202204 143
188449 125
201942 135
133607 95
172476 109
194127 138
255887 160
204286 127
156618 102
190681 140
176344 135
167644 115
169882 121
152050 100
176087 123
189456 126
168778 123
179681 123
164057 119
180955 120
204010 121
250570 163
218302 165
172115 116
151289 106
172088 115
168911 118
234147 168
151963 106
167352 115
196035 142
209417 137
210142 151
222963 147
171554 117
158119 114
176922 131
206783 133
178309 130
188117 119
180300 132
173183 132
178692 134
214886 162
199598 149
170552 108
180411 124
163963 107
193338 128
178132 115
175889 114
179994 137
173077 105
177403 122
174293 125
198082 121
198343 135
174549 113
173540 127
194965 152
159811 112
186151 141
223979 163
202692 117
191969 129
179010 125
157890 98
227702 141
233368 177
192293 131
179440 139
221750 155
194519 126
196589 128
167553 111
183435 118
159697 113
169830 121
185015 125
191725 121
203859 115
213443 142
185620 110
185302 137
176824 113
191376 121
196231 122
178151 115
179910 115
164066 123
202996 131
184110 115
216976 157
177009 122
223282 152
175588 118
143125 103
193121 126
170552 121
241661 146
208812 145
160553 111
190898 146
185481 117
208034 149
225949 150
185152 131
194846 128
197953 142
172137 132
140022 100
214993 149
182750 124
220738 171
219096 153
195847 133
162769 109
172468 101
182517 132
204812 130
212458 131
147202 104
189864 128
171937 125
175712 121
235005 145
187521 132
178383 125
168955 119
185791 131
185527 120
204885 116
171638 106
183362 111
175501 119
203764 124
144236 107
161060 121
179752 142
198961 136
200241 136
199434 126
166487 106
154093 112
176609 128
207515 134
203380 134
155630 111
188059 130
181850 121
202396 159
173125 126
167624 115
191207 126
185862 138
195917 131
206092 135
180747 116
186767 142
188240 123
177728 125
178862 118
202028 144
155560 106
207835 145
217361 145
192586 122
173956 125
177361 123
197341 125
231858 157
203932 155
182414 136
151683 92
178540 122
179510 122
203356 122
180287 121
168155 118
151995 111
197682 143
185943 123
228779 147
175240 121
186084 140
159518 101
220759 148
226541 159
196860 138
186638 123
176778 107
165167 115
169207 106
183644 140
176984 127
173958 136
185571 120
207334 142
200441 124
244669 172
153611 104
162881 109
175596 117
198954 118
155825 100
190713 135
208109 159
200778 148
218173 157
209082 154
164506 108
176551 117
197972 123
189620 124
161186 114
159047 109
162159 106
203908 150
206555 137
222082 149
139763 99
175651 121
176055 137
166611 117
199425 149
191221 124
180154 112
189418 114
205660 129
200815 151
196683 126
168840 109
167469 107
200264 126
200125 147
214214 136
157820 97
176881 117
172215 118
227195 146
210226 126
176886 120
208869 136
194461 134
197934 112
186655 142
171625 111
175036 116
160493 109
183895 135
186896 142
174478 116
194731 131
175581 117
181686 112
177650 123
179122 127
191108 126
181636 118
171707 120
193035 142
173150 116
200035 128
179969 128
178632 125
231319 151
188774 123
198326 149
206903 153
192973 123
182655 131
202622 119
203572 122
179588 121
179109 122
201755 132
192067 124
185958 131
204051 138
170691 112
188591 122
164324 112
220248 167
222385 165
178707 126
189698 117
228285 149
179594 123
204879 156
163014 104
178562 123
178323 139
210372 165
196914 143
150100 104
189648 121
200862 137
178286 115
192509 135
181675 124
183984 128
189378 137
182242 113
210983 129
204727 133
148973 103
170900 118
175329 115
152352 126
176566 118
175937 123
191652 130
203185 144
171589 110
184173 133
183345 135
198344 139
192267 135
211760 149
144811 99
150505 101
161061 104
179494 134
197573 135
166630 114
156731 101
175972 125
203358 130
178136 132
138127 106
191352 129
182086 129
198975 129
153822 95
169650 142
162851 104
185321 121
182952 140
166945 113
148396 113
138331 106
