135807 108
405955 288
441636 325
443363 327
426769 378
478825 407
506714 422
501869 394
496035 377
514202 357
567013 460
532520 450
560769 377
618551 531
628768 515
717235 614
832443 688
818965 682
830574 717
858342 772
641011 500
524979 354
869204 739
868314 724
901929 740
870203 732
640422 564
868749 747
567349 455
875337 780
626208 558
895477 727
848882 746
865156 767
687330 598
892149 760
686127 585
946555 831
892911 807
510145 422
750972 662
335376 241
691697 587
878172 744
943732 827
832433 695
844461 712
732307 619
801357 687
777948 674
699022 594
749180 638
727370 580
865682 728
873525 787
705378 596
709775 597
917319 813
735078 609
760516 610
484637 369
966109 810
914381 744
878403 729
931814 755
483567 376
547327 419
777494 666
510110 424
744943 659
700099 581
673343 576
697554 600
709166 631
604521 527
612347 521
631590 567
416119 308
722864 623
688168 541
712209 596
567449 476
679295 542
476979 369
645679 544
568025 439
452271 325
700866 590
650318 564
692170 603
620646 523
690718 582
657020 553
668716 555
634411 533
580872 499
523330 425
652927 548
673312 521
701166 602
543309 463
756475 649
675448 544
767625 635
600084 512
655189 558
746122 617
585001 494
640996 494
790270 659
759392 639
636551 518
668920 546
737992 614
648965 560
690653 573
773325 674
665137 557
769587 643
836710 705
736430 603
710489 581
740215 607
747716 610
672077 557
856090 683
927164 829
739182 586
912047 763
920812 789
695027 544
1004461 835
947319 809
596188 403
806549 596
906721 714
828825 671
922440 700
938119 833
860014 710
847349 715
925259 807
901739 790
609076 463
791942 625
888039 794
850038 754
568938 471
604368 467
928718 779
568605 446
876998 764
826024 723
927690 799
898793 781
670224 511
1007386 866
628443 507
947804 796
873081 765
977601 819
692641 537
1007526 840
405925 279
1009440 842
713562 609
885465 750
873923 728
953477 793
877832 702
688837 564
766748 681
835569 624
967766 818
777232 629
739564 574
613938 497
804427 685
990830 841
641930 522
687490 561
1019669 892
689747 571
801943 649
992195 871
843760 696
703429 604
829058 675
1049117 908
1065697 938
825220 671
971769 836
823980 688
952729 817
931188 809
889679 721
638391 503
1027194 873
840553 679
1030811 896
834347 715
636909 495
888596 750
857509 713
961085 809
898956 760
815617 655
726461 599
839731 714
670681 535
895048 753
832839 728
697866 609
878468 760
911538 822
882610 793
696296 594
616782 544
667634 557
873879 702
607431 511
675596 576
557255 434
794859 707
571760 505
479252 410
846131 752
544841 420
435601 324
490806 361
345482 237
984848 886
994196 839
444799 330
321608 188
844494 704
996314 862
1058179 899
960269 825
662460 511
502196 372
712721 576
514033 420
502463 409
967878 872
1074474 921
785764 647
764977 626
1045262 905
559356 469
797296 669
828787 673
819505 748
1051224 893
571462 422
1021281 888
950530 819
843347 713
1036863 862
681005 568
1061062 878
885272 748
1068446 886
790790 609
859624 683
998097 856
934065 735
755433 553
867317 701
931285 764
616980 484
925936 804
859040 734
865415 718
934396 773
464481 344
442333 327
782511 662
949655 807
829913 701
789045 649
858720 734
656824 497
997400 851
873840 777
961964 869
486618 367
966141 813
765202 631
941570 830
819455 660
808057 692
901030 776
593147 498
851466 749
704365 593
854480 751
880112 763
986254 871
921739 778
908611 762
824779 678
594747 452
894795 731
837007 720
868582 745
822370 706
727373 617
908569 774
727596 573
918379 702
932581 699
898407 635
690171 534
882998 635
646451 498
1018190 799
712183 591
775898 658
466734 354
571002 417
906082 651
783292 507
803443 583
735977 600
855341 695
700709 602
533067 416
731493 648
556577 444
970936 822
949069 803
784218 643
983406 852
955256 804
654823 552
750421 609
758051 607
730377 604
727581 572
951752 786
629823 476
721252 596
987699 817
605309 500
950595 828
641244 505
1002114 831
557815 479
920028 800
665316 571
767634 633
825265 701
811216 647
799607 679
621627 420
865050 656
734643 575
890406 724
711337 573
944877 838
830798 689
655881 433
904014 651
823027 731
977860 863
1008561 877
563713 402
529182 434
638977 567
630003 466
472918 368
958143 825
943260 812
585298 470
495194 359
850494 756
878703 755
672771 617
809588 706
710431 589
734298 627
738281 610
410350 270
637725 518
515932 400
573908 458
707615 597
752885 629
534029 416
501294 390
504164 433
763290 586
807436 706
494380 394
820826 680
566179 449
833125 675
951794 776
563807 488
697752 546
685749 464
802128 652
606584 492
600873 509
682243 581
707273 592
595786 485
659816 542
711937 589
680044 567
670091 547
753819 607
687230 556
700308 557
839374 733
572419 471
781877 711
861080 731
635147 528
708942 611
673524 537
585398 460
571545 460
733344 640
763659 635
747384 663
788121 677
592398 491
705300 601
584982 434
643216 507
828444 703
891957 749
794288 671
812489 683
784446 657
852759 707
786439 699
569176 438
612253 495
556566 433
619934 474
765129 639
590358 482
937048 806
812256 701
675130 563
860029 740
592096 467
768544 644
1004118 875
738255 609
658834 545
1072903 927
950981 828
607337 489
899502 781
787335 692
732810 610
1066632 925
941238 806
777042 636
876511 727
486550 349
1009766 816
946268 767
711511 573
970136 758
967214 788
509147 336
788338 622
854915 703
904164 747
788143 654
619912 538
781239 618
889354 776
848506 691
932630 770
814104 688
539806 442
815693 697
525154 435
847700 757
772811 652
878531 793
446930 348
772990 667
760414 641
446544 354
792325 648
817693 720
781236 657
752370 588
942931 735
942631 747
795667 643
778134 640
903057 755
856295 679
1012090 866
581987 452
961209 826
692794 533
1090549 964
391639 270
924939 773
1016601 924
1015774 900
897172 737
393719 288
789904 651
1030798 852
925255 735
1014710 820
966529 788
464515 334
1052609 873
980240 827
871161 690
924419 814
885268 749
903717 693
824571 695
840108 686
470117 301
889348 773
847191 677
949789 850
492838 384
1002231 817
1000421 829
1041860 844
898198 793
914015 762
702652 555
533667 400
698001 539
828241 719
748065 645
981443 839
999130 859
956584 831
984278 848
697906 587
634218 484
684823 566
729262 579
666864 516
507358 401
762157 592
747033 647
922972 787
955819 832
880112 758
661288 544
911426 818
708712 593
587694 468
700479 585
706823 595
661461 561
705985 572
875039 728
781811 644
764094 621
724337 618
705647 593
742604 583
610014 524
522861 417
752331 618
705873 624
771643 647
717965 580
721665 608
640575 539
752418 615
837440 671
793744 542
617314 468
725328 548
927480 743
711328 536
936441 731
464211 357
689979 549
884864 678
765570 661
816633 702
840484 713
524818 394
807709 650
772389 581
895792 693
813858 602
865993 695
776822 621
608523 447
1034726 817
811393 666
978277 768
799779 618
929971 773
673199 565
776733 669
836827 656
731052 595
680899 581
813506 643
741924 648
779121 635
815100 721
587099 465
878593 721
755338 632
562430 469
748363 621
736585 624
700874 587
684193 568
760858 658
847516 663
789182 651
633453 525
844534 741
597602 460
792000 700
766458 690
709214 619
780615 654
627751 526
848554 674
754287 652
755469 653
780025 562
759518 626
804275 608
872070 672
965552 754
842142 693
611541 531
887064 738
750357 621
792955 641
806777 661
929609 793
875165 740
580799 466
914549 787
447957 329
930634 767
624911 493
846811 720
897318 786
982018 861
813145 692
744361 576
908038 788
942583 811
942050 822
852323 736
778531 657
630375 475
873151 747
705309 586
669836 555
823210 702
980337 869
994657 865
860437 670
616510 510
691762 569
600745 516
604067 482
810280 612
958711 827
880670 749
961563 790
647450 460
748677 525
686917 535
821444 702
936165 748
654045 537
874890 736
874986 691
792295 657
744532 639
811982 682
563637 462
744708 597
700250 574
602223 448
594718 456
704878 554
821239 677
784852 639
781921 652
792196 661
709932 590
346827 265
744348 613
773384 631
694852 601
374160 244
788109 654
833190 728
412018 287
832424 675
834763 704
898808 727
766692 636
809130 659
975127 825
767976 652
899517 808
867064 716
661101 591
725105 573
959318 806
824318 684
802696 673
759677 647
745205 624
779440 680
667900 527
705538 600
791953 676
804438 657
855799 660
851692 628
847890 649
760568 611
850595 709
841007 651
777645 520
753079 629
634569 525
762067 560
697482 551
746427 620
652888 511
754660 675
675551 511
821577 660
696540 518
774206 658
908441 722
641535 546
437300 350
679951 597
877931 750
782217 637
875418 763
871013 735
865116 739
875661 727
789564 635
491484 410
788575 680
759209 631
633151 487
632058 570
841152 725
749595 605
297234 208
783531 680
876212 764
817850 713
752212 651
981996 877
780029 653
708728 598
718257 559
688068 566
803265 708
702796 575
784577 622
810360 681
818306 682
748299 609
725906 628
819165 684
775007 665
793659 660
743414 630
802502 675
623814 529
598972 459
744591 615
689739 541
659321 533
867713 704
640487 508
725732 593
812901 654
645165 477
654628 551
730457 584
744421 580
748183 563
794282 618
703816 504
776914 636
813988 589
739709 546
704923 543
816088 641
701929 585
719339 573
756585 624
686487 586
695481 610
538582 441
633649 542
701106 575
826197 707
637666 552
671315 551
686255 552
687868 555
566016 423
873643 736
566561 458
971207 837
906213 750
607836 479
894647 786
608049 492
631373 513
921721 814
667884 540
570477 460
955642 865
953792 812
823236 696
657730 469
877458 699
545981 418
738208 552
861737 585
664181 443
1067324 948
852474 674
1100439 926
728674 558
1095068 952
871104 741
1089217 944
689576 573
974261 838
767323 585
382785 299
920789 777
831334 692
928066 795
927748 816
896401 795
739759 641
811339 700
868752 758
868777 710
874429 749
819816 682
547097 415
960470 829
541401 375
802385 669
653353 566
825596 717
720548 561
755557 619
765200 647
907515 791
784279 662
785847 670
669041 576
889092 760
714887 620
658681 576
770513 659
818050 694
706615 573
856226 733
660921 523
687375 574
709686 588
715601 558
710422 568
742196 568
659388 531
830464 663
845557 687
780037 630
708031 563
701361 550
789960 638
809131 667
687152 540
769625 623
672965 546
878246 721
676538 580
754333 624
843613 687
802744 645
866208 676
889831 760
758760 610
804070 689
853627 686
729104 626
681277 565
723241 613
817157 671
907530 783
710541 593
814295 680
715577 597
541814 413
993080 815
739093 590
737796 583
978408 842
591260 423
1051670 905
893739 778
549279 393
722365 567
965749 849
948289 831
508590 380
747752 626
735839 616
921460 776
433781 317
1088095 889
950614 833
937216 813
779582 614
793422 669
497426 368
613707 506
739150 583
1005215 882
1049876 899
794414 644
836525 703
966488 842
776255 646
872600 800
824311 645
564847 453
945972 835
778254 629
690251 563
819044 710
817405 697
934188 741
914994 684
910240 732
989984 768
781659 548
799221 627
858399 665
972973 741
702751 541
726229 626
812871 635
1001534 870
672543 468
886953 770
848726 675
895762 730
711358 520
816979 679
892538 721
792436 591
809566 585
906559 793
919547 706
550430 461
912652 679
600410 489
703717 609
911827 647
814046 617
509537 433
589029 439
659412 577
689046 591
460950 405
361712 276
494154 414
798513 680
679783 568
643138 540
430589 317
