219536 170
233498 170
252604 178
256531 199
252821 193
255777 197
271743 201
294321 188
290897 211
291838 213
173680 111
192402 126
198132 147
185169 124
217865 154
232998 166
226620 146
190280 140
194876 118
190029 119
214591 134
178841 104
190895 118
205808 135
211391 122
192929 130
276258 153
193002 116
199983 130
184907 118
184705 109
203227 144
155159 100
244605 155
170455 117
231096 160
231409 130
248030 132
179482 114
200927 124
203726 134
193360 141
240958 141
173006 112
174468 110
184855 132
191814 109
198027 131
196532 135
204348 129
188656 138
250841 180
239962 191
179743 114
200486 130
163355 135
223479 122
193249 124
172022 118
218591 134
228053 161
226975 125
205802 140
183748 108
212363 108
236250 146
186627 106
212041 121
167285 116
217000 129
208237 135
192227 117
223532 165
241818 145
197356 113
202510 142
203170 116
204046 128
190573 115
215886 133
194780 115
189562 132
199961 142
160082 96
199462 119
253485 146
185406 124
240059 136
188000 121
187600 117
246469 165
228432 153
201158 126
177890 108
204659 125
217229 141
234948 128
232166 154
178834 123
215464 115
223546 146
225443 137
242488 148
185423 107
185084 122
200297 123
212709 122
224427 139
179876 104
186922 116
188928 117
217328 150
204910 132
215679 137
181470 108
175174 118
183855 113
200272 126
244626 159
175305 112
212581 144
176732 113
224423 136
246046 161
214453 121
249912 161
173464 123
185139 113
192547 132
200984 117
181067 110
179455 114
236208 158
217904 143
201749 120
224078 141
197208 110
199644 127
217479 109
229851 139
184663 126
187760 117
205435 136
230691 156
211708 124
261881 157
199637 118
176703 122
178947 121
242399 162
195802 103
212542 147
176570 108
203900 134
213932 123
190726 126
177495 117
211810 156
206854 128
227041 147
222829 131
210064 132
157115 106
151731 95
223950 159
177949 116
212443 135
226373 136
172189 122
162284 110
197697 141
170877 101
241965 159
211944 147
209484 144
222366 148
237935 136
183168 129
202809 136
190791 115
195453 125
187783 124
223584 148
188134 120
173749 110
204754 145
208256 123
191177 113
239399 152
207562 131
227011 147
225631 143
192418 120
177876 115
199079 142
216102 141
185458 128
165821 123
184628 108
198806 132
191581 128
160167 113
225870 158
179093 116
182959 105
177865 116
188265 132
163404 115
208079 135
160409 105
202090 133
202689 117
235999 132
201822 131
230755 129
170614 113
180510 115
202779 139
206185 136
157216 99
185515 123
213756 149
204237 143
227610 123
221287 131
202458 116
207811 122
191253 132
208745 98
242045 149
186997 111
182217 118
218652 144
227327 142
217729 143
172257 120
190354 122
204494 145
192436 116
227711 143
194956 114
179456 117
192951 132
200848 134
210908 130
198537 117
172569 112
209224 135
208459 108
208696 126
250992 152
166586 97
224811 152
213592 133
228503 153
222776 163
184652 120
215751 126
179848 108
209146 147
215853 154
163035 118
225131 153
185040 139
203562 140
201055 127
185165 135
180866 116
191056 121
211580 147
197464 128
216718 151
224191 150
184305 114
199798 123
191845 131
164427 109
197034 129
208819 123
171731 110
195714 122
216426 130
210109 121
174838 112
186185 119
218941 159
210464 132
227826 152
229688 125
216374 143
204404 110
208444 108
164113 101
221060 128
202327 141
208229 132
209371 128
167674 109
189276 117
220913 126
225398 129
188908 129
216885 130
201746 123
240098 164
207048 129
223600 151
187493 128
193230 113
188554 105
220629 117
213553 120
209686 122
228978 155
209097 128
226543 149
223443 149
191575 107
167337 106
193414 116
209191 133
212234 134
161508 97
186082 126
219546 155
189661 122
214581 150
207198 127
207982 114
208146 126
189289 114
198492 126
201605 137
170615 114
157065 100
201189 120
216740 129
216269 139
187605 125
179277 115
218624 136
228179 150
218774 146
220268 137
164171 109
188480 113
156444 104
273227 169
218338 154
187555 114
175688 118
184668 112
210068 146
238985 156
160285 114
192300 124
171610 107
219922 142
220879 133
225591 137
194564 124
184476 121
188415 116
173678 107
276482 153
206383 134
211858 108
214352 149
157767 96
208077 122
169443 115
216435 138
214278 134
154643 95
175571 103
197156 112
215625 129
217091 139
175925 110
195295 118
208156 147
240264 164
195734 121
188210 118
236369 113
173846 109
207950 162
171390 114
232953 168
255123 161
206737 152
232948 144
211733 130
166496 111
158393 98
199774 140
173998 124
214212 120
185379 135
219550 133
235881 167
245207 136
200212 116
237916 162
187854 123
194835 119
205337 112
154195 107
199646 129
150056 97
175817 113
210067 139
234800 167
202870 120
255828 175
201048 131
229550 146
203162 124
163563 111
185623 111
213281 146
178488 114
206597 150
191226 116
183622 117
211108 142
218728 136
221901 137
173273 119
208731 120
208037 135
213446 128
235502 148
190028 110
213867 120
196891 111
208806 139
204738 144
185539 122
179390 125
231481 142
224697 125
216329 151
201559 115
183155 116
191427 128
215519 132
226687 117
200422 114
195252 125
185794 117
184319 111
239728 172
188167 119
239838 151
243794 121
192949 145
191764 126
183970 114
207017 104
220959 157
235037 142
193132 125
215194 138
215445 150
212931 144
235575 153
175923 113
196207 128
207997 119
217452 123
196574 117
173470 114
217697 118
242769 147
218325 123
205675 129
198808 118
192619 133
252157 183
184395 113
227949 127
236984 152
202968 149
217017 139
172332 116
155438 104
183981 131
215043 134
243330 159
155793 102
198529 130
188014 114
186335 110
182889 124
201320 121
220032 151
179841 114
224906 146
198708 129
242511 167
205669 136
175568 115
220416 131
190319 116
210791 156
231567 148
204893 119
183937 117
190114 146
219844 126
225850 135
190742 114
189305 126
179459 114
200735 121
171283 102
172812 115
207846 126
193530 123
224989 139
212875 135
192676 116
207574 124
171801 114
237529 150
208941 139
231348 144
181274 130
192064 144
221781 140
211815 127
187783 111
192788 125
194727 117
210164 122
201667 117
167967 110
210093 130
199637 140
235253 149
184467 120
168872 107
203388 113
190520 120
186649 113
222144 145
222453 113
202325 121
193407 134
187443 117
228565 161
231092 123
203555 108
196329 108
206352 116
178729 116
169554 120
198666 132
207115 122
193948 126
153187 109
198543 126
191158 142
183478 128
171429 103
188443 115
220669 121
189632 130
210687 128
232270 155
182338 128
215039 144
244874 133
201997 122
169179 103
176475 109
212849 142
214765 151
232033 147
226049 124
192406 121
183493 116
197306 101
236791 143
199160 119
203939 127
214734 122
210728 125
183054 109
194766 112
233702 149
195245 116
232495 141
171396 109
194777 123
212030 135
243545 167
179528 107
181734 111
210659 129
176000 112
179372 116
189899 121
195007 137
223541 153
214423 130
175307 118
144495 100
189578 115
253212 191
207927 136
285137 212
275791 204
200963 126
193154 127
200332 117
178948 115
167368 122
223790 161
174509 127
215336 128
207693 128
208616 133
184906 131
194677 114
215138 129
188559 109
185210 125
177556 120
199994 109
163335 112
196016 125
227749 167
217625 146
194822 129
203541 134
220046 138
205118 126
218773 141
177036 102
223026 143
181313 122
187338 121
227956 154
179473 121
180745 113
212376 146
262994 174
222910 148
202751 149
225881 119
213523 122
214389 138
166243 111
171841 125
193998 142
194508 125
212466 151
206679 118
190891 112
173093 110
189253 123
212784 127
149834 104
222796 164
212383 128
204402 128
211725 114
193650 120
181658 116
224575 127
230083 144
180177 121
172941 111
204846 139
200684 149
203429 119
208898 120
199557 139
179753 135
161584 115
191307 119
205683 124
249242 143
236024 149
196100 107
191552 119
186987 122
167638 109
197770 134
227410 133
214301 114
190418 110
193710 117
204199 144
191766 127
240699 128
216804 139
189524 101
220414 134
208803 131
215015 150
163719 107
178821 116
182234 132
191429 136
221231 134
205954 109
249392 134
184299 122
205432 134
168647 118
201599 111
221068 147
228144 144
202391 115
158464 99
171464 121
206990 138
207789 125
232580 148
172179 119
232241 154
216051 134
191059 125
209818 112
198497 123
172686 98
183917 124
185564 114
222218 156
214490 127
204683 127
228353 157
203368 122
228484 180
167055 120
251871 172
184041 120
193302 118
225153 130
184646 120
185111 118
213057 159
185914 135
220561 143
228511 128
228819 133
223438 137
173653 113
216098 128
160517 110
198151 135
208384 115
223593 130
188215 110
193616 117
189717 133
232723 145
189087 119
226903 130
207749 132
197225 114
177002 111
230139 157
211761 145
215005 136
246229 151
231566 161
206030 137
228020 143
214757 132
235503 105
193178 123
210977 121
183858 95
214097 134
199739 120
222273 172
165183 125
194636 113
204335 136
243618 172
236144 163
175056 115
135434 100
183532 112
208405 143
203290 133
221304 134
197936 123
190769 120
214909 146
211932 135
216488 153
207948 132
197519 126
189228 114
200417 151
195646 140
209010 127
211531 129
169452 115
211582 137
179986 114
191047 131
213536 130
218961 148
205637 119
199584 121
180837 107
180343 112
260947 155
181110 131
198112 119
209624 142
181273 114
200773 124
213635 132
197439 121
176017 117
198240 125
195803 120
225638 137
216583 133
155492 95
246709 132
178792 116
191998 116
182677 118
222705 154
189948 118
227438 123
204718 129
197085 121
201175 134
192582 121
218981 137
223283 125
195325 112
165520 132
218508 136
239276 154
214024 138
153648 108
175635 130
223950 130
195148 122
199892 129
196286 114
228044 146
184504 121
172636 118
214417 133
218239 133
225783 131
168092 118
181909 122
175538 111
200110 136
167653 114
200066 134
180030 116
203847 130
206522 151
211005 131
200731 115
204955 125
195792 111
198646 138
168981 102
180537 106
168250 106
217985 131
240381 155
253155 142
165410 102
200138 136
205907 123
202017 128
183016 114
174893 122
174410 123
209352 148
214004 143
169573 104
220703 145
196413 124
194496 122
163417 126
262047 193
203040 150
224597 157
228689 136
249574 142
175235 104
196274 120
196490 144
186191 115
220774 134
211653 129
180415 111
210854 138
219769 128
179200 104
193828 119
193882 104
194982 121
205253 117
202392 119
214640 139
221872 114
174400 129
194982 124
237409 168
200970 117
196090 120
181353 124
200493 142
210074 157
193979 119
167458 104
185895 120
188856 102
229946 138
194945 108
201431 118
229793 155
215051 152
188815 105
207458 145
193042 113
180861 116
194690 126
183019 114
194119 131
224891 136
212527 137
193409 124
192020 124
224919 128
207941 127
171207 113
215226 135
207813 115
165576 113
224314 152
215165 138
205622 129
215530 121
206637 124
189440 124
200207 109
228219 157
199852 131
213509 132
239293 167
226077 121
247941 142
177444 113
186112 106
188869 138
220828 142
199322 117
227566 121
187783 127
224217 126
212689 128
172335 115
173328 112
189244 112
210008 138
164543 100
202369 139
196927 144
193928 127
219653 150
233962 169
175045 107
189148 115
195095 147
196174 139
212805 139
181187 117
207355 124
188313 116
203576 138
189466 117
212179 114
178350 109
176961 101
203456 113
172296 100
184430 133
176687 121
204195 142
206217 133
191346 119
146049 110
