155520
154983
154893
159002
158875
158844
155000
158930
159176
158713
155269
154944
158909
154937
158842
158975
158921
162583
155340
155015
159145
158969
154996
155074
158861
154960
155022
158862
155046
158896
159043
158964
154890
159071
155038
158842
159182
158919
158921
154842
154903
154978
154597
159182
154996
158840
158928
154897
159030
158877
155003
158970
154997
154907
158964
154883
154932
154906
154914
154938
158941
151018
154849
154881
154876
154896
155102
154695
155029
155094
150880
154921
154929
154848
155065
154998
154920
154887
154996
154973
158922
154901
154977
158796
159027
158814
155067
154742
155204
158883
159036
154912
159037
154888
151163
154909
155189
154933
155061
154884
159148
158921
154980
154987
155065
154909
151124
158975
154832
155035
159038
154787
154773
155217
154805
154999
154858
154908
158867
159029
154907
158884
154921
158945
150857
154997
154947
154966
154784
159061
154817
154857
155033
155041
154950
154909
154841
159011
159075
158755
159172
154529
155307
154925
154647
159550
154936
155084
158748
158899
155026
154881
154902
155132
154777
155066
154862
158988
154621
155023
155030
154922
158968
158974
150902
154899
151068
154995
158945
154940
155094
154858
155231
154529
155381
154947
154776
155038
155240
159011
155046
155017
158804
155069
154815
155132
158889
154929
154985
154900
154894
155005
154848
154951
154944
158979
154961
154897
154921
154797
163135
154950
158898
162544
159380
158942
154895
154798
159201
154701
158875
154972
154919
158994
154768
154982
158868
154784
155060
155023
154938
154932
154845
154945
141782
156093
159053
154914
154906
158936
154969
154889
158906
155058
154769
158980
159092
155183
155051
154962
154947
154964
154882
154986
158959
154942
154782
155037
154896
154936
154950
158993
158991
154878
154915
154945
159064
154657
155074
158965
154862
155007
154922
155057
158908
158890
154987
155078
155087
158930
154920
159034
158995
154936
154806
154942
154934
159068
159196
158903
154588
155215
154986
159047
154807
155042
155017
154756
155116
158898
155079
155062
159179
154891
155076
158783
154953
154867
158928
155003
158787
158994
154823
158948
154820
155143
154944
158945
158693
159095
155269
154928
154812
154993
154975
158979
158869
155008
154799
158855
155089
154773
159186
158749
154956
155050
154970
154903
154922
154978
154802
159022
154927
159017
155098
154867
155134
158952
159092
158912
158870
159026
154917
154940
154850
154968
158979
158978
154872
154673
155456
154855
155021
158914
154974
162983
155138
158950
158884
158819
158705
155168
154986
158958
154735
154834
155049
154998
154956
154823
155011
154913
154967
154822
154862
159177
154978
158977
155078
158984
154887
154981
154976
158945
154804
163083
158888
154842
155038
158801
154984
154774
158779
155131
142482
155396
158964
154886
154823
154933
159156
154735
159049
154853
163196
158921
155111
158901
158963
154979
158804
155070
158830
154877
154987
158877
155178
154890
159080
162918
159109
158864
154999
158997
154875
158791
154933
154988
154952
154855
154975
158878
155003
154993
159172
154863
154899
154969
158982
158783
159131
154863
158829
154911
155025
154933
158908
158848
154742
159011
158881
158882
155145
154849
154961
154901
154735
154948
158672
155092
154890
154952
158912
154921
158922
154762
155054
158951
154865
154891
155045
158820
158865
158840
155082
158998
154834
155064
158958
158833
154976
154836
158865
158990
158914
154972
154841
155028
154955
158939
154910
155067
155175
158955
155022
158913
155016
154969
154908
154875
159047
158786
158756
154993
158913
158807
154756
158943
154873
155059
162942
159031
159046
155052
162917
154957
158949
162927
155079
158877
154995
154932
158829
159043
154941
158878
158890
158785
163099
154834
151161
158833
155091
159044
158926
158903
158848
155162
158785
159094
162856
154909
158984
159004
154822
158909
158996
154925
155138
158766
159036
154896
158871
158890
155009
155073
158618
158656
155389
158872
159001
162854
154968
158911
154970
154983
155040
154881
159027
154922
155340
158847
154912
154961
158857
155292
154862
155011
154852
158964
158826
158920
154977
158868
154916
154842
155067
154880
154939
154895
154927
155056
154981
154819
158974
158767
155032
159384
154862
159029
154723
154824
155137
154976
154841
159059
154966
154956
154869
158940
158863
154741
155155
154931
154937
154889
154709
155141
151022
158851
155231
154920
159025
154882
158965
154955
159023
154808
141966
156111
158979
154729
154920
159118
154918
154914
155330
155018
159038
154919
155112
158824
159044
158946
154851
154990
158889
158932
154918
154974
154797
154867
154821
151160
158861
154847
154968
154933
154833
154962
154939
154849
155006
154815
155046
158796
154978
155033
155017
154705
154757
159171
155127
154724
155154
154971
154840
154993
155023
154995
155088
158692
151260
159062
154913
154940
158964
154862
158823
155091
154866
155059
158872
158921
154922
154784
158980
162891
154992
158921
155106
154840
154909
154919
154855
154974
154980
158949
154868
154997
154982
158775
154987
159068
154746
159080
158960
154907
154933
158924
154743
155018
159037
158839
154999
154968
154946
154950
154732
137115
156884
158890
158887
154898
155259
154993
154755
155127
154790
158990
154877
159062
159132
154858
154647
155059
154918
158793
155088
154893
154984
158857
158805
155155
158827
141774
156211
154891
158929
158787
154975
158895
154906
154952
154775
159046
154868
154929
154942
154928
155136
155096
154787
159059
155097
162692
155039
154971
154939
158833
158961
154935
158959
154750
159053
154937
154948
158793
154953
154903
154842
158926
155019
158873
155156
154731
158948
158957
154762
155175
154885
154914
154941
154758
155005
154925
158851
155112
154926
158942
154848
155001
154944
155001
155005
158944
158815
154997
162950
158990
154879
155075
158731
155034
158943
154993
158861
158794
159002
154896
158878
158959
154909
159043
154966
154850
154719
155174
158883
158800
155085
158923
158733
154901
154932
154938
158836
158955
155064
154887
155343
158980
154993
154854
155114
154938
154908
154858
154932
154995
154650
151144
158963
158985
159090
154891
162843
154938
158949
151014
154908
155018
158886
154968
154922
158830
154972
154797
154991
158818
159365
158863
155068
158907
154765
155068
158850
158837
154998
158819
159072
158707
155188
154797
159062
155023
154969
154859
155043
158827
155045
154947
158921
158784
159011
154900
159066
154898
158949
158756
159133
158952
155033
155027
154933
154836
155022
158989
154894
154979
159298
158834
158804
155072
158864
159063
154934
154988
154583
155387
155026
154787
155246
158865
155022
155065
154578
159248
154981
158778
155063
158737
155059
154732
155272
154884
158899
154938
154959
154939
154911
154766
159082
158816
154898
154983
154899
154949
158896
159038
154906
159056
158845
159005
158904
154874
154693
155119
155830
154919
158918
158975
155040
154853
155085
158830
154982
154950
154939
154905
154943
154868
155048
154793
154966
158871
158983
154792
162960
154889
154965
158996
154865
158938
154977
154716
151003
159032
158789
154907
