113284
112975
113352
112942
113366
113242
113049
113626
113848
113152
113316
113755
113049
113718
113813
113251
113602
113150
113493
113235
113511
113413
113223
113449
112998
113218
113274
113375
113416
113779
112945
113062
113197
113011
112811
112936
113452
113258
113367
113614
113459
113368
113134
113497
113464
113543
112793
113049
113163
113480
113216
113288
113243
113454
112981
113089
113497
113360
113322
113075
113186
113011
113233
113183
112886
112942
113456
113716
113509
113413
113343
113379
113425
113562
113110
113370
113207
113476
113955
114036
113182
113720
113905
113471
113284
113094
113298
113423
114090
113967
113941
113707
113181
113075
113056
113164
113456
113280
113866
113609
113645
113745
113548
113248
113790
113208
113703
113779
113321
113225
112939
113110
113891
113190
113116
113041
113542
112782
113540
113097
113645
113463
113262
113023
113291
113298
113541
113416
113410
113588
113622
114073
113109
113365
113281
113011
113181
113286
112793
113374
113543
113037
113117
113108
113018
113000
113337
113062
112967
113362
113583
113970
113041
113914
114190
113644
113653
113319
113941
113001
112967
113763
112914
112859
113086
113686
113839
114129
113351
113367
113276
113058
113054
114089
113554
113103
113670
113316
113298
113660
113265
113029
113017
113210
113663
113117
113215
113263
113820
113197
113139
113322
113427
113005
113598
113268
113209
113420
114323
113138
