163587 120
144329 120
160333 120
160567 120
151970 120
144655 120
160427 120
164235 120
160289 120
160467 120
164202 120
160128 120
164628 120
164311 120
168267 120
160335 120
164300 120
160113 120
160343 120
160014 120
160457 120
140516 120
164329 120
164268 120
168539 120
159888 120
160453 120
160594 120
160167 120
160581 120
160447 120
160241 120
164325 120
160320 119
164117 120
152149 120
160714 120
160077 120
160548 120
140269 120
159911 120
160681 120
144090 120
160206 120
148524 120
160423 120
164250 120
160218 120
164429 120
168248 120
144122 120
164260 120
148177 120
160537 120
156007 120
160584 120
164214 120
164114 120
164167 120
164325 120
160115 120
164381 120
160194 120
160224 120
164382 120
143958 120
156137 120
160663 120
156459 120
164236 120
160301 120
159897 120
160506 120
168379 120
144122 120
148146 120
160345 120
160036 120
160193 120
160625 120
156367 120
160097 120
164324 120
156035 120
160386 120
160426 120
160078 120
160461 120
160421 120
164028 120
160061 120
164431 120
152017 120
160600 120
160197 120
160388 120
160342 120
160251 120
160307 120
164212 120
164268 120
160251 120
159969 120
136392 120
144264 120
160437 120
160131 120
164412 120
164069 120
144383 120
164347 120
144141 120
164465 120
163931 120
160771 120
164143 120
164291 120
160349 120
148070 120
160137 120
160517 120
164263 120
164144 120
160293 120
152022 120
160660 120
164053 120
152414 120
160241 120
164205 120
160223 120
164446 120
164152 120
172119 120
160264 120
160401 120
164299 120
160039 120
144360 120
160426 120
164262 120
160347 120
160159 120
168296 120
164276 121
140079 120
160344 120
160349 120
160208 120
160193 120
160287 120
148520 120
160262 120
164279 120
164491 120
156265 120
168304 120
148102 120
160333 120
160484 120
160438 120
155951 120
160565 120
160298 120
144215 120
160346 120
160270 120
160255 120
164169 120
160517 120
164189 120
160318 120
160341 120
164128 120
155827 120
160639 120
160394 120
156164 120
148111 120
160486 120
144065 120
160496 120
164166 120
160137 120
160232 120
160369 120
164346 120
143956 120
160446 120
160230 120
160203 120
164601 120
163856 120
164600 120
164374 120
160372 120
164199 120
160277 120
164256 120
152029 120
160269 120
160232 120
164581 120
160007 120
160302 120
160510 120
164294 120
160306 120
144899 120
163784 120
136221 120
160293 120
152029 120
164432 120
160576 120
160192 120
144028 120
160449 120
160260 120
164090 120
164303 120
140059 120
160173 120
160651 120
144204 120
160288 120
164466 120
164277 120
160278 120
147952 120
164543 120
159723 120
160298 120
164666 120
160385 120
160062 120
160333 120
164178 120
160685 120
164389 120
160336 120
143985 120
160198 120
160827 120
140103 120
164334 120
136157 120
160285 120
164255 120
144338 120
152061 120
164580 120
164409 120
164425 120
147970 120
168178 120
160664 120
160297 120
151971 120
160526 120
160443 120
164152 120
160319 120
160411 120
164173 120
164322 120
156158 120
160329 120
160102 120
160551 120
164130 120
152140 120
160398 120
160407 120
159979 120
160502 120
136237 120
160442 120
159908 120
164727 120
164171 120
168432 120
164286 120
160119 120
159984 120
160759 120
164288 120
164150 120
160120 120
168283 120
152161 120
160573 120
164331 120
164257 120
164312 120
164159 120
160190 120
160585 120
160371 120
164378 120
160319 120
164400 120
160324 120
164090 120
160102 120
160252 120
160407 120
143959 120
160124 120
160694 120
144158 120
164343 120
140305 120
160506 120
164277 120
164139 120
144234 120
164326 120
160201 120
160435 120
164218 120
160282 120
160467 120
156139 120
160388 120
164323 120
164100 120
164263 121
168360 120
144203 119
164046 120
160609 120
144063 120
160343 120
160403 120
160300 120
160361 119
160203 120
148004 120
164440 120
163998 120
160259 120
160694 120
160051 120
160296 120
164254 120
160316 120
159901 120
164566 120
160359 120
164160 120
160315 120
148289 120
160509 120
164173 120
160205 120
160266 120
160369 120
160266 120
160165 120
144118 120
160164 120
160493 120
160371 120
164049 120
144361 120
160329 120
164239 121
144270 120
160066 120
160468 120
160444 119
164321 120
164348 120
160086 120
148273 120
160384 120
160190 120
159932 120
160693 120
164087 120
164423 120
160516 120
163993 120
160215 120
160558 120
160379 120
160128 120
160322 120
164357 120
160247 120
160205 120
160236 120
160543 120
160003 120
164529 121
160234 120
164137 120
160163 120
168535 120
160437 120
160269 120
144159 120
160391 120
160274 120
144201 120
164529 120
160128 120
144402 120
160284 120
164345 120
160063 120
160510 120
164297 120
164326 120
160303 120
159872 120
152223 120
164445 120
160155 120
156327 120
164700 120
164022 120
160568 120
160192 120
160148 120
156199 120
164357 120
152103 120
144391 120
152180 120
160489 120
160284 120
164201 120
164528 120
160205 120
160344 120
160174 120
160396 120
163912 120
160126 120
160690 120
160605 120
164003 120
160686 120
160240 120
148066 120
160210 120
160168 120
160291 120
160511 120
164381 120
160242 120
156187 120
148119 120
164450 120
148082 120
144289 120
164315 120
159895 120
160460 120
160551 120
164195 120
160371 120
160246 120
160022 120
140088 120
160600 120
164437 120
164279 120
160225 120
160087 120
160066 120
160755 120
155924 120
144492 120
160475 120
164472 120
164086 120
144193 120
164156 120
160362 120
144458 120
160606 120
164183 120
160305 120
159844 120
160667 120
148006 120
160372 120
148014 120
160533 120
163805 120
160597 120
160254 119
164206 120
168246 120
160073 120
160008 120
160557 120
160001 120
160604 120
144286 120
164176 120
160223 120
160500 120
164122 120
160330 120
144249 120
140232 120
156048 120
136535 120
160268 120
144030 120
144540 120
160075 120
160533 120
167988 120
160358 120
160095 120
160383 120
164300 120
160237 120
164217 120
156360 120
160421 120
160353 120
140611 120
163896 120
164165 120
160433 120
164309 120
164095 120
164147 120
160422 120
160445 120
164163 120
164473 120
148040 120
160116 120
160591 120
160176 120
168388 120
164305 120
164337 120
159982 120
160681 120
159983 120
160660 120
160447 120
164055 120
160480 120
164300 120
164287 120
164190 120
148260 120
164452 120
160412 120
160228 120
160186 120
160561 120
160170 120
164197 120
144101 120
160423 120
160407 120
164004 120
164439 120
160251 120
160289 120
160306 120
140096 120
160490 120
164283 120
144052 120
160435 120
168212 120
164060 120
160732 120
160292 120
160317 120
143953 120
160229 120
160702 120
164272 120
164325 120
155983 120
160310 120
160660 120
160298 120
168007 120
160305 120
144285 120
168161 120
164041 120
160472 120
151942 120
160607 120
163730 120
160447 120
160468 120
164356 120
160212 120
160283 120
164370 120
164279 120
164142 121
145125 120
163848 120
159865 120
160549 120
160243 120
160224 120
144309 120
160425 120
160422 120
160424 120
164202 120
164281 120
160028 120
160652 120
144398 120
160227 120
164334 120
160126 120
164444 120
163890 120
160754 120
160176 120
168405 120
160271 120
164284 120
160476 120
164244 120
164153 120
160054 120
164451 120
160155 120
160520 120
160288 120
164032 120
160341 120
160389 120
160327 120
164259 120
160135 120
164270 120
160322 120
159978 120
160656 120
164279 120
160053 120
160412 120
160343 120
160320 120
144215 120
160250 120
164260 120
160312 120
164115 120
164484 120
156031 120
160581 120
160307 120
148236 120
156322 120
160241 120
160488 120
160207 120
160165 120
144423 120
152493 120
160270 120
160084 120
160597 120
164342 120
151886 120
160599 120
168439 120
159959 120
152507 120
164116 120
164297 120
159962 120
164159 120
164303 120
164565 120
160282 120
160594 120
164309 120
164304 120
160375 120
160075 120
168625 120
164212 120
164281 120
160239 120
160451 120
164118 120
144194 120
164355 120
164266 120
160121 120
144323 120
160529 120
160234 120
164186 120
148306 120
168418 120
164179 120
168237 120
144224 120
160516 120
160118 120
164368 120
159946 120
160806 120
159847 120
160875 120
143927 120
164476 120
156156 121
164387 120
160252 120
163990 120
160505 120
144052 120
132107 112
160357 120
159905 120
160590 120
160305 120
160058 120
160294 120
164239 120
160402 120
160439 119
164345 120
168185 120
164365 120
160174 120
160486 120
168066 120
148245 120
160264 120
160219 120
160079 120
160560 120
160201 120
144247 120
144045 120
160334 120
160420 120
160289 120
160218 120
164282 120
160069 120
163997 120
156484 120
164284 120
160145 120
152257 120
164325 120
164193 120
164217 120
160182 120
160185 120
160305 120
152245 120
168258 120
160339 120
147965 120
160463 120
164369 120
144111 120
144192 120
160235 120
164477 120
160264 120
168346 120
148078 120
144189 120
160352 120
160319 120
160021 120
160314 120
160201 120
144266 120
160239 120
160608 120
160266 120
160261 120
160219 120
160348 120
164172 120
160034 120
164378 120
144168 120
160438 120
147926 120
160621 120
160145 120
160358 120
160223 120
144442 120
164386 120
160026 120
136209 120
160333 120
164254 120
147956 120
160392 120
148076 120
144400 120
160319 120
144735 120
163776 120
160095 120
160443 120
164349 120
160114 120
160229 120
144214 120
160610 120
148022 120
164468 120
164235 120
168263 120
164097 120
164322 120
168279 120
160203 120
151950 120
144324 120
160464 120
151912 120
152483 120
160078 120
144419 120
160294 120
160197 120
152281 120
160392 120
144074 120
164303 120
164171 120
156181 120
168270 120
164015 120
164557 120
160028 120
164518 120
159778 120
160694 120
160125 120
144181 120
160700 120
155845 120
160629 120
155907 120
164614 120
159971 120
136549 112
160366 120
168397 120
159776 120
160707 120
160510 120
147954 120
160437 120
144180 120
164326 120
164291 120
151857 120
152401 120
160621 120
160414 120
160148 120
164333 120
160171 120
160376 120
156241 120
160662 120
164166 120
164215 120
160337 120
164375 120
164192 120
168074 120
144336 120
160248 120
164668 120
160119 120
160241 120
144195 120
164242 120
160334 120
160391 120
151969 120
160635 120
164095 120
160401 120
160248 120
164403 120
152110 120
164392 120
164061 120
160386 120
160298 120
159924 120
168452 121
164408 120
164348 120
159730 120
160332 120
144415 120
164473 120
160304 120
164184 120
160128 120
160347 120
156036 120
164420 120
168199 120
160133 120
160372 120
160287 120
160130 120
160375 120
164284 120
160244 120
148061 120
160350 120
164164 120
164232 120
164172 121
164122 120
160578 120
163961 120
160453 120
160531 120
164162 120
160051 120
164022 120
156508 120
160253 120
159977 120
144503 120
160147 120
164642 120
163991 120
160329 120
160138 120
160335 120
144335 120
160197 120
160349 120
164595 120
160294 120
164400 120
164157 120
160047 120
160413 120
160462 120
160140 120
160271 120
160500 120
160052 120
160180 120
168232 120
160064 120
160352 120
164456 120
160210 120
168147 120
164145 120
164157 120
160274 120
160468 120
168124 120
164368 120
159981 120
160646 120
160246 120
160102 120
164195 120
160709 120
164204 120
168271 120
164186 120
164186 120
164151 120
144067 120
160460 120
164436 120
159730 120
160674 120
144250 120
160401 120
160380 120
