98266
63707
63648
64104
63432
63650
64098
63863
63624
64193
64064
63881
63882
63867
63676
63674
63565
63823
63739
64166
64073
63704
63802
64359
64056
63958
63768
63846
63797
64084
64102
63763
63820
63721
64262
64268
64181
63994
63815
63956
63864
64631
63721
64014
64211
64185
63728
64004
63836
63661
64217
64056
64142
64373
64427
64077
64194
64957
63735
64344
64107
63858
63784
64023
63644
63702
63478
63770
64034
63715
63745
63429
63574
63974
64094
64131
63621
63804
63795
64477
63445
64282
63930
63855
64326
63706
64604
64189
63640
63875
64172
63784
64312
64284
64257
63591
63412
64063
64010
63783
63482
64290
63990
63741
63831
64008
63655
64161
63793
64405
63866
63655
63660
63557
63924
64291
63800
64570
64249
63981
63883
63544
63869
64176
64368
63943
63876
63839
64593
63762
63876
64491
63794
63703
64145
64304
64623
63508
64593
63985
64493
63837
63882
64429
63887
63744
64533
64537
63665
64145
63912
63994
64116
63782
64144
63786
63701
63854
64455
64951
64194
63812
63620
64201
64661
64288
63918
64066
64070
64233
63827
64051
63528
64186
64056
64620
63976
64058
63873
63935
64178
63597
63759
64049
63703
63900
64404
64245
64638
63791
63844
63724
63827
63882
63608
64343
63922
63902
64744
64236
63928
64009
63425
63911
64566
64005
64157
64329
63904
63997
64103
63621
63940
64674
63868
64149
64289
63664
63577
64453
64237
63651
64276
64079
63818
63995
64624
63634
63893
63871
63833
63460
64595
65080
63859
63826
64536
64385
63936
63988
64555
63756
63953
63607
63892
64064
64604
64370
64235
64190
64063
64446
64129
63784
64012
63817
63772
63605
63848
63752
64289
63681
64095
63976
63888
64065
63658
63713
63788
63897
64136
64169
63854
63981
64163
64149
64106
64043
63636
64187
63742
63922
64033
64304
63827
63786
63873
64032
63905
63630
64180
64245
63975
64035
64078
64039
64002
64137
64265
64054
64157
64279
64165
63934
63773
64017
63864
63942
64126
64252
64113
63746
63944
63905
64045
64589
64242
63948
63910
63681
63920
64358
64637
64053
63976
63984
63870
63836
63994
63907
64233
64006
64136
64062
64353
64287
63723
63915
63747
63966
64649
63756
64076
64148
64067
64238
63848
64074
64275
64468
63613
64461
64072
63843
63871
63993
64796
63692
64376
64010
63479
64266
64102
63804
63869
64233
64019
63690
63885
64358
64650
63918
64096
64279
64099
64014
63817
64594
64569
64164
63678
63956
63836
63891
64500
63890
64144
64008
63626
64045
63622
64375
64336
64247
63859
63818
64070
64377
64446
64151
64117
64064
63930
64206
63859
63723
64093
64073
63770
64050
64102
64025
64009
64295
63864
64016
63822
64092
64225
63729
64288
64237
64456
64019
64219
63803
63890
64454
63796
63813
64046
64167
64302
64024
63890
63969
64085
64277
63803
64424
63716
63688
64378
63985
63705
63909
64502
63598
64269
63961
64101
64405
63905
63629
64282
63910
63995
64526
64458
64010
63543
63605
64536
64570
63989
64031
64058
64700
64182
64219
64590
64012
64289
63799
64584
63742
63937
63714
63951
63877
64535
63959
64663
63622
64102
63773
64749
63567
64088
64569
64002
64307
64173
64141
64232
63922
63838
63884
63719
63942
