479568
681288
768713
838951
949407
1016027
1065124
1078543
1056582
1107486
1111408
1102839
1139316
1124158
1133603
993416
1043430
1236560
1194652
1306236
1166098
1301692
1181962
1386412
1273728
1257720
1160648
1240210
1468782
1400882
1341914
1301542
1251334
1264512
1243018
1212224
1227724
1347044
1322590
1309117
1099745
1460166
1386685
1442566
1303702
1272222
1474851
1430892
1371113
1214040
1428649
1181967
1173192
1317134
1311976
1509340
1555702
1541963
1408989
1339440
1463300
1366571
1517650
1472243
1462671
1421845
1469292
1611024
1338522
1408270
1628246
1580096
1416602
1624121
1578634
1514545
1676815
1533794
1487124
1523356
1551609
1478190
1424353
1502481
1546742
1484356
1568531
1531804
1537698
1521879
1507784
1551919
1439650
1494408
1509223
1531317
1540717
1509038
1558452
1646444
1535655
1532805
1556394
1511161
1630854
1563952
1535726
1688970
1578080
1749389
1546731
1445030
1489568
1752873
1465269
1490957
1789119
1703486
1593507
1730843
1662544
1687912
1470265
1581103
1504255
1474288
1550166
1458637
1544557
1770798
1673604
1381808
1527953
1674103
1619744
1640923
1540558
1637694
1564313
1406502
1693202
1507695
1489294
1405421
1547040
1412814
1418850
1631906
1519517
1512130
1672120
1388852
1483363
1423897
1562294
1508455
1417093
1377851
1641329
1397346
1384669
1458370
1592111
1457507
1316317
1465990
1513444
1564864
1529178
1498284
1372716
1404614
1550739
1498827
1316384
1708520
1437924
1620331
1376244
1319120
1439457
1426214
1288179
1389524
1507401
1464324
1505672
1691063
1436169
1542770
1523051
1631942
1485070
1469939
1543994
1036605
1521840
1510085
1480797
1388876
1497113
1003296
1502763
1412362
1315426
1412294
1514090
1360950
1470789
1418770
1457870
1476313
1460611
1361124
1364747
1485436
1135348
1429610
1389532
1295940
1450731
1215972
1513578
1468115
1336525
1436475
1369223
1515140
1549603
1295511
1414645
1309620
1514849
1506525
1353429
1347283
1453164
1581767
1509159
1306416
1346677
1482851
1345108
1381297
1354886
1406250
1370326
1351086
1416520
1411917
1428831
1382813
1449215
1429781
1452641
1567528
1505893
1495072
1459800
1426632
1393970
1458962
1513795
1397568
1366323
1637851
1543752
1537000
1472534
1452723
1563363
1303590
1459717
1381532
1461249
1587206
1498413
1527214
1312877
1604352
1225139
1414486
1628351
1310494
1418188
1568135
1352411
1622486
1506681
1309747
1600255
1563582
1603406
1500303
1379229
1423602
1498361
1612174
1513300
1457059
1499991
1483418
1543837
1413566
1405325
1530198
1331337
1605323
1429877
1433250
1547481
1399419
1470957
1471175
1483426
1337644
1510174
1470548
1220659
1424635
1151563
1507184
1485437
1125562
1399858
1406506
1524838
1530226
1473660
1350840
1123510
1620972
1559072
1418090
1160695
1396683
1346566
1099170
1495198
1342797
1452016
1601634
1390214
1356452
1260070
1399059
1450484
1579892
1359263
1367762
1523510
1372179
1531511
1378289
1508203
1220180
1194133
1429555
1393232
1499252
1409209
1354099
1405159
1297176
1308228
1286746
1386540
1288828
1427200
1394819
1308184
1348393
1498103
1364191
1406090
1448645
1427251
1458987
1361903
1468453
1457336
1331205
1469415
1458609
1302170
1373137
1437693
1130729
1611028
1533993
1372783
1136567
1368771
1320499
1528109
1603200
1616328
1406348
1345524
1443792
1627095
1532838
1422954
1406657
1456239
1479787
1456578
1679717
1419338
1588706
1614170
1481357
1398183
1430842
1499657
1401808
1671966
1475536
1432885
1398258
1660337
1460143
1461579
1448610
1322619
1386423
1362239
1318034
1502772
1677047
1361941
1565854
1441977
1400993
1528795
1352262
1460417
1433158
1167479
1301987
1371463
1404610
1209075
1188093
1227432
1561363
1348010
1551497
1588037
1302248
1616666
1168348
1464259
1407965
1394986
1478753
1531295
1389858
1428602
1391512
1452587
1231767
1385414
1335967
1224219
1276671
1494619
1454706
1389574
1523506
1265413
1393245
1464700
1625207
1334020
1690849
1600149
1272870
1355069
1375123
1471758
1523027
1449067
1278298
1393752
1598027
1351678
1766946
1559349
1473487
1404522
1435503
1493539
1695127
1642333
1469945
1251464
1576673
1459024
1754216
1478978
1622944
1458659
1591385
1503333
1374901
1571075
1715599
1391528
1615724
1618846
1605333
1387267
1435588
1666907
1356137
1555563
1689846
1630823
1684701
1344536
1539329
1512625
1490874
1586644
1506916
1538084
1493184
1491664
1435687
1520698
1567100
1635164
1522297
1525241
1478729
1472046
1572549
1580498
1491814
1621213
1507617
1511177
1611727
1677708
1532951
1559311
1512950
1567482
1537997
1633636
1493979
1512096
1516168
1632529
1614066
1414821
1517570
1394128
1652055
1605367
1268163
1729631
1600729
1689239
1366858
1275920
1712335
1343577
1573118
1734653
1694625
1451637
1730882
1412038
1622760
1745429
1562003
1408980
1498020
1744485
1499641
1527589
1443046
1412069
1689672
1562860
1605392
1729026
1457265
1588249
1489173
1546870
1679003
1624839
1355411
1490215
1525055
1618853
1573805
1551640
1530740
1489561
1399050
1458932
1397836
1544489
1204895
1476313
1603942
1506815
1288005
1422225
1491687
1380837
1486555
1388393
1596589
1393002
1410567
1346271
1459759
1328938
1597008
1337093
1456196
1410406
1563638
1385354
1591503
1361755
1444777
1410596
1380588
1438012
1355525
1466286
1434524
1487228
1298499
1611934
1509965
1433254
1365945
1569584
1519891
1334870
1441710
1125674
1422744
1517392
1373532
1399854
1251486
1616323
1176345
1420131
1474297
1446822
1481275
1628629
1433309
1535614
1510380
1189680
1492456
1444965
1471869
1536577
1086610
1458832
1313243
1564052
1574768
1580709
1542747
1466399
1524808
1453190
1471715
1613899
1488936
1457661
1133916
1756136
1559008
1405198
1710287
1647821
1593179
1695687
1667917
1608237
1543504
1538001
1523534
1652073
1511774
1577918
1352947
1563455
1621075
1572996
1455878
1652448
1503541
1453364
1593915
1349610
1444982
1435856
1675479
1555825
1304461
1472632
1451587
1533932
1483449
1324980
1431082
1451620
1408093
1632801
1429704
1572822
1452570
1446660
1372396
1515245
1521945
1396176
1544853
1554723
1354852
1388807
1493133
1454899
1381387
1344813
1430157
1493746
1418663
1315055
1256697
1499702
1218722
1465997
1578927
1565520
1452690
1528125
1421429
1516151
1301849
1443769
1410100
1266212
1462545
1403407
1492711
1417061
1345814
1276027
1379735
1322034
1471895
1472219
1264311
1368076
1439011
1467871
1341274
1384404
1518422
1470475
1547555
1332665
1365596
1282108
1511495
1534376
1530749
1333857
1306970
1521201
1277103
1473940
1412154
1386296
1458857
1225983
1385460
1526075
1357607
1483494
1311235
1465917
1556868
1341334
1528944
1425431
1379448
1448339
1431615
1450115
1416086
1447371
1402000
1531456
1487535
1406022
1509456
1501892
1404272
1344117
1531620
1468543
1478004
1506293
1417318
1489974
1379234
1474529
1369396
1342550
1495203
1543636
1532366
1466710
1386234
1390189
1438993
1510572
1337778
1490416
1366126
1321127
1473620
1389644
1554642
1388132
1511213
1337902
1478852
1276318
1461142
1381338
1487954
1358118
1324912
1481749
1346002
1624852
1533039
1455311
1538471
1477904
1554434
1442388
1479427
1442886
1607097
1517582
1546770
1385497
1492767
1512407
972307
1533164
1548208
1516649
1517828
1429097
1504328
1089204
1459749
1499718
1503623
1501319
1481015
1520855
1465289
1231707
1336001
1543818
1556622
1560930
1651746
1508618
1501527
1590243
1616018
1488219
1431150
1544394
1627501
1557456
1556750
1605112
1614790
1667490
1653861
1596508
1632872
1547219
1618029
1680403
1569773
1590518
1702722
1423575
1441380
1642642
1513762
1454977
1575379
1542245
1561464
1541095
1550212
1588266
1451990
1564485
1497577
1597392
1472676
1418247
1611352
1733217
1567077
1460779
1567110
1630181
1536210
1598981
1580653
1606220
1548451
1406885
1590738
1556804
1469270
1485513
1530085
1367094
1640226
1560821
1478780
1355591
1805524
1697826
1478529
1621177
1553287
1518013
1434755
1186262
1562012
1526525
1623874
1674083
1572020
1489514
1466280
1461990
1600538
1582037
1342561
1438064
1108265
1414081
1413661
1370673
1540082
1117446
1430679
1316722
1423150
1372394
1365266
1288783
1308286
859440
1260445
1236872
1145010
882555
808221
1226801
1211938
1141796
1086699
1125352
1022987
916402
824487
881081
1049538
970778
1076190
