169365 98
191423 136
230110 168
258621 197
266038 190
264130 172
274829 188
300844 211
306489 228
326686 222
171124 119
180499 119
213939 141
189565 116
211622 148
197374 120
217947 137
171251 110
231384 163
207398 122
174888 122
202245 121
192648 119
199266 108
197043 120
208702 118
198860 117
180269 109
198893 131
174575 116
215081 105
178988 110
207554 135
167801 110
217072 118
179422 114
193929 136
196080 121
225387 132
234563 148
201439 122
207073 117
221423 119
187662 125
180111 122
168824 108
178878 126
246143 127
167622 108
194195 136
198138 117
260420 175
228444 159
228464 135
181531 122
172918 116
229062 134
211030 130
179981 107
252607 159
239529 136
187269 111
205274 140
207207 131
237531 149
158869 116
212071 140
224680 121
154718 109
163593 102
189484 140
223423 130
208119 137
241944 134
194075 129
174176 118
174795 113
200539 112
214347 119
239300 126
229825 139
213852 134
192001 109
234666 162
214107 121
184150 133
207265 144
211173 103
174970 115
158511 106
191308 135
215339 129
177304 110
203597 138
216308 147
209991 128
176050 129
207529 134
230486 136
212543 121
207671 107
206033 124
250631 171
201311 142
219968 138
171077 120
234973 151
231431 139
261000 166
226589 142
214563 125
216714 127
174615 112
192090 112
206962 112
202780 121
166710 113
204378 146
176720 116
232537 155
212481 137
243728 167
190722 112
180731 103
244398 127
221555 131
184363 112
168152 130
206341 132
204980 117
208119 126
219245 148
201955 109
191851 121
207874 130
217409 117
232318 134
196679 105
177026 122
194118 122
207048 132
208113 114
181718 96
196153 109
209305 142
183915 127
210306 139
216710 123
164336 93
199394 118
196146 109
207373 132
208006 137
170723 105
214605 145
202845 113
188056 112
228773 135
220086 126
173203 132
219989 114
200285 120
217275 125
188798 120
155720 116
214337 158
182808 129
209560 145
212741 134
156091 99
154434 103
227121 140
212776 132
225919 132
169370 105
186104 130
204122 118
223452 150
231213 156
218797 121
221983 124
163237 106
209922 131
209665 133
168691 121
209048 131
172841 113
188348 128
228741 120
215048 162
200928 143
198075 133
202211 151
244004 174
192982 113
223624 132
256947 143
209551 120
213213 135
183118 109
202625 122
225417 153
230887 136
174795 105
221270 122
177160 131
170423 118
215110 139
210029 122
198293 111
235984 148
209757 115
240144 137
201268 109
213177 143
190818 115
195519 123
213629 151
194311 141
227985 125
213069 130
228143 129
205151 112
216751 124
198710 118
182544 121
211363 127
255217 135
188096 109
205334 148
211324 126
219789 135
231498 136
204695 131
253514 147
178560 133
218745 137
188623 120
196044 119
201189 114
207910 135
206510 122
173607 111
188947 127
199722 140
223249 137
249569 137
181610 106
199857 122
214379 149
179903 112
268575 156
229899 128
229159 127
191091 123
244124 156
191225 107
210298 137
208057 151
213294 125
192518 125
172627 101
194336 113
198256 136
220694 129
173616 102
205382 132
245133 159
252413 165
233799 121
186095 141
201537 130
183034 110
205942 120
205882 129
170325 104
216099 142
236169 160
202776 107
241316 158
181168 122
195162 130
219564 144
174112 115
221797 118
171963 108
181993 103
191963 126
208832 126
241835 150
232849 133
177351 97
265457 181
194717 117
220861 157
235096 148
224599 124
182433 112
174990 127
213451 151
208099 124
198401 122
225957 138
230523 131
215988 137
206436 119
216263 122
185706 115
213937 124
200425 134
247147 145
208774 130
220407 124
223181 135
205119 149
195760 129
236029 169
186415 116
216263 120
199794 116
219165 136
163718 109
216091 156
219230 131
223959 130
207653 118
237943 149
212447 131
193698 101
208387 136
212171 127
222611 141
155952 106
196102 123
196076 126
189772 130
190935 126
198821 112
188452 103
189175 121
223860 137
264522 159
232291 131
186716 117
187878 122
221737 156
203308 114
232784 122
175675 102
229586 136
197953 127
165342 114
180715 126
194459 146
211088 125
225244 158
191062 114
201965 114
241428 167
216220 124
226762 149
215968 125
196938 105
203026 116
229437 131
221095 124
191561 118
216831 144
211982 116
218776 130
229269 144
183998 107
213539 137
210623 124
216456 132
208594 127
153035 100
197134 131
175650 108
210453 132
213644 146
187318 107
217882 133
182488 119
226171 152
224025 145
187246 131
183274 121
207474 112
205153 130
218084 136
201708 110
211973 116
205123 129
182325 121
202991 127
209566 132
255344 162
221454 138
214887 144
200873 119
211748 110
223360 137
223219 126
208657 123
175654 119
176188 114
215414 129
195612 129
176472 114
213255 117
197809 125
205703 136
203205 138
227924 156
178437 129
203401 141
191359 119
208001 126
192927 120
205987 124
167252 104
176423 116
236128 143
211766 132
182399 107
224144 131
203953 129
213772 123
197726 133
182500 107
225190 120
224449 148
216206 134
241988 160
181075 116
205279 124
195057 114
212847 136
156058 97
188037 107
193950 125
184465 106
213215 125
192991 116
245834 125
214398 121
226331 150
220133 126
215991 132
164833 108
218474 140
222344 144
217297 118
202466 132
179336 125
215488 118
221221 149
219873 139
209152 129
221450 131
197153 114
177620 115
211463 130
163548 111
215363 110
245396 128
191309 142
214170 105
228462 123
192094 120
183289 119
208073 125
222287 130
186119 117
235008 139
222057 122
245594 144
263895 155
255673 144
154716 109
200093 112
201335 131
214462 121
187226 100
218711 132
259776 110
246638 158
229991 132
260581 179
182901 106
185609 115
192263 132
230261 130
170044 109
172371 118
158555 115
195773 130
216098 152
229510 135
195372 116
272932 172
215733 130
213456 124
208270 120
237859 138
190979 112
188068 109
194096 133
185539 122
212041 122
191902 109
195213 137
207031 129
225162 124
185618 104
176209 121
201052 128
246979 154
223950 135
177660 121
193529 126
214845 133
248534 140
239801 145
193220 122
206676 108
215818 118
198813 143
232657 136
228013 128
195621 135
209625 152
232082 151
213256 122
214290 146
220766 137
201838 120
143432 103
185421 126
296444 192
231855 102
192819 110
216999 152
241873 145
168685 109
208133 112
196305 122
193945 122
172298 103
194971 130
251292 167
246945 179
245529 173
248188 170
179366 123
182870 106
226738 131
180966 99
237289 128
208300 148
174411 122
200044 147
199371 122
229878 131
211269 117
228100 155
197873 117
187776 118
196743 128
193825 134
209753 141
176427 109
219098 126
208823 106
208123 128
193499 131
175338 124
183542 112
236165 133
239943 130
212204 119
183477 115
205899 124
189974 116
230138 127
189667 111
196576 114
205049 133
187862 108
229570 118
238485 120
240878 140
176359 111
210006 113
206700 154
226258 149
209769 142
259105 157
143501 99
170871 112
185607 121
193910 124
219700 120
167654 112
181549 124
189127 108
216197 152
212918 143
228707 118
190956 112
214298 144
219780 151
209821 120
219070 150
215840 131
220362 138
177459 111
198243 118
206392 126
164429 106
170205 108
191637 119
254088 136
204293 113
220032 129
173690 129
182233 117
181013 119
184279 115
219452 126
165058 108
218069 141
194481 112
209686 128
251944 141
238093 158
204497 110
200163 127
225392 147
222749 113
232259 131
226903 152
236123 119
200076 126
169057 108
208136 129
238009 155
223397 163
228809 131
162984 102
174193 115
191842 132
179912 108
209911 152
174934 105
219036 137
194449 121
221119 101
212721 152
212658 125
180571 102
186043 111
212174 120
239860 138
205184 113
171565 107
184254 130
205866 115
226972 173
232829 163
154988 106
195174 129
182839 111
156428 123
188249 109
139624 93
224357 150
201215 118
190465 125
232039 163
167664 113
262087 191
186381 110
208739 140
214095 119
191927 137
202615 110
234517 149
231611 157
202292 133
211868 126
200246 117
233086 125
223784 116
168341 111
235210 175
181275 138
192073 135
223458 143
231242 131
167960 113
193006 121
159917 119
208952 137
218279 148
204000 130
202587 136
194750 116
236530 143
232968 121
189237 99
170504 116
196345 134
212778 139
222296 162
245271 169
152336 113
171809 120
190215 110
205580 137
219141 108
188406 111
224210 129
207086 122
231126 168
239953 160
200626 119
217970 127
248498 131
210590 143
217094 119
193284 121
190145 122
216020 129
176335 131
220644 148
227761 128
173052 114
164878 100
198934 126
219256 128
226205 157
170842 115
192413 103
199702 130
213248 132
221100 139
171994 115
215447 146
192063 114
215244 137
218342 127
213458 116
179722 102
200577 124
197616 120
199866 116
171982 111
184140 117
219418 139
240872 163
198218 140
217354 123
200288 128
195713 132
180465 116
230416 151
183364 109
202844 126
207532 119
196050 116
221580 131
220899 145
167019 99
180630 111
207084 137
223570 149
223378 112
204195 117
224836 139
235004 129
222955 136
201510 125
236264 149
193671 120
219060 146
209295 140
211739 111
166889 122
223875 121
195749 112
207057 113
212970 142
200068 130
173351 112
210528 125
184449 115
195973 114
172980 106
183114 116
195826 132
213947 151
242304 146
180503 117
190022 125
231504 134
228331 161
208774 129
245700 170
165500 100
206394 126
238108 145
265119 128
183780 110
249504 160
168860 109
197362 133
221322 138
240286 167
190052 119
180855 112
219684 149
191393 119
216702 138
230844 129
196174 141
221346 129
196073 133
235781 173
175200 116
213619 118
211153 133
243224 164
197521 119
161376 111
179892 121
207888 147
205766 126
216042 122
177720 107
192281 129
226104 145
218834 141
221258 121
202425 118
189870 144
187918 108
193219 137
198569 121
220990 128
233278 140
166367 112
215088 134
205436 101
207910 131
243409 126
201598 108
196171 122
210269 119
187351 123
223951 132
229055 140
194325 113
198442 137
216415 133
210441 134
209205 113
197887 135
208556 114
223994 130
231568 126
193446 131
212808 142
168668 120
210463 130
198696 105
214998 139
175721 106
197648 122
210487 134
201951 106
214729 124
191765 111
234450 134
185142 122
277032 171
181389 132
273050 181
210784 132
215708 124
201394 111
221286 112
213990 131
218393 105
172994 97
186485 145
202991 119
213642 157
221724 138
225932 128
180573 109
172409 130
237842 113
204212 135
179925 123
199268 121
219272 138
208349 133
263039 149
224920 141
226877 137
212089 123
184206 113
209360 114
214361 138
250320 124
205466 140
212869 119
216245 130
228769 136
232988 138
225157 113
221454 124
214903 104
188567 116
179720 126
187139 107
189060 106
198534 128
242131 171
205048 129
203667 123
193631 128
213834 124
234638 142
227691 112
183596 125
194339 112
198756 126
261364 148
203998 113
214526 130
220236 141
218597 125
201359 110
197664 124
216828 136
214784 126
166266 108
198208 136
219329 147
203462 100
224263 125
208323 129
223649 134
235899 148
232461 113
226371 159
159524 102
213950 120
222438 137
220654 152
212413 114
172681 102
181075 111
174784 112
228966 139
246616 154
228237 100
182558 114
205398 117
218851 135
233577 126
203743 121
226126 148
192412 116
155530 107
222837 122
243087 129
223397 111
190544 115
185232 113
211604 135
234037 157
236653 171
225167 119
170646 122
192108 124
191371 125
235726 134
160221 107
193895 109
200544 148
251654 149
220330 127
168035 99
183875 109
208532 101
172940 102
