278697
283224
329166
337999
351321
362461
367071
388138
400273
389012
204712
293990
249262
290431
301343
336919
322018
304415
282041
320615
262074
262561
348368
243683
253103
300843
374371
364229
324129
345231
296776
347170
293784
383569
259052
276656
279826
334410
286110
365991
291849
308156
314012
344308
363940
395559
331046
275764
297437
300456
318203
248183
275026
312645
329886
317353
307185
397993
308409
309922
385888
278293
321217
263537
236986
340013
347064
291856
294140
297824
331049
364644
334316
256825
307331
386379
340054
308913
340079
369886
300070
321454
337248
262626
243460
310384
250955
395490
289085
353578
296349
270568
410870
252497
244411
361390
273013
339239
356143
275850
233704
376476
331487
344147
263655
254466
343954
291594
351944
307019
314985
361998
287012
275007
294531
329109
239382
296335
312154
275594
338489
357179
363644
396796
297214
312700
359974
248616
324774
312135
322825
339242
309595
291351
246525
316075
329962
322170
294011
270752
285494
304057
337853
318031
270129
362587
264375
319511
334777
339046
266315
318013
254162
283792
325716
302028
328321
302377
241952
368454
282271
235772
274171
291659
239920
363434
337657
403482
351224
304211
269110
270115
364433
247006
326947
363313
310766
332391
349123
384938
276248
276954
257306
316320
330112
271914
344282
342077
338687
298631
330601
326227
291839
285279
279657
276756
282508
257264
339853
325505
414223
301328
410900
270011
297406
335980
313166
346787
272432
233467
344196
339784
318672
359058
231934
290871
287503
336161
355579
261314
269275
369914
325724
317236
350989
315424
320843
264189
372402
326913
275953
270143
269515
305728
337152
361827
388018
335436
293541
357434
336004
300854
223357
326712
332390
240863
241782
334224
289951
323615
378255
266396
316962
272330
377741
343885
251049
288102
312183
335905
313724
255469
265216
344234
298626
301475
421097
321122
353948
329863
262401
281864
303277
328923
308155
291916
335500
336183
314400
312324
312860
281792
317628
296198
232890
261394
276069
292586
355723
338854
318941
308453
338805
318373
250894
246716
392918
248122
244982
291831
310094
282327
255210
366960
393093
325506
291814
239317
322991
331725
302860
317554
312546
274289
267352
321008
368027
233633
308026
263310
247235
358585
345397
254899
307845
353771
340400
300000
340594
312436
286141
316786
265649
290400
302891
340034
292685
331823
290587
338711
333457
260942
339313
240785
262198
260904
232505
333467
321372
310715
274375
409243
302620
399180
394635
259561
328003
329172
398146
284896
380801
320477
310564
247659
254110
316821
308356
273412
268347
292393
371483
355032
315108
345535
250630
338837
274476
256013
350673
335571
277881
322294
284281
323849
317779
331748
286067
315965
321867
324702
292872
285696
306923
324170
268187
270277
400533
365527
248813
250001
365729
387885
275900
290179
393353
320018
335925
251625
400041
348435
251594
315091
235198
316982
319783
268172
312516
373688
365096
289814
342258
336131
248228
243386
366448
315078
380697
283465
338381
331612
328009
360040
266687
303003
332565
335663
211532
281704
341291
315683
317567
269329
336442
280260
219196
322574
315284
352780
306354
251629
381584
312829
324353
202328
288194
368039
391163
243561
258371
322325
376453
276623
402853
297523
264918
347905
328963
295992
296408
276972
264931
286023
401716
257879
363475
388070
350902
363761
364541
239860
262164
265848
264670
284755
370774
261817
363949
270761
293099
402662
252397
350821
288464
348090
286402
294935
398003
241132
371162
310316
295322
342965
391224
267943
267385
300182
336128
369154
298969
384909
438793
286977
351212
303933
293066
310850
225899
299604
287088
311088
299873
280171
376390
269210
431623
450355
399665
241366
300226
351559
319047
216172
265147
342631
264088
350897
304728
295988
376710
370464
276528
299046
260907
261853
264319
334333
367456
357784
291638
308054
338388
374096
345914
242126
306849
335215
316471
245177
328604
285627
370019
247835
257099
301661
329169
249561
326945
347742
365530
257546
343708
299189
310576
296485
311409
283864
236473
362604
373321
326048
301264
251555
297665
361178
421184
235236
261470
314082
400190
347559
394421
277597
301850
305616
245554
359049
319137
285858
298275
380079
292164
280726
330504
292262
295596
302306
373407
258615
273551
291055
364091
319924
340198
284218
393660
268349
372756
371225
300699
332594
335123
276648
220296
374035
287454
293820
336394
331629
253056
258842
261028
363541
302913
355912
324793
358752
299686
287129
319269
325113
282228
239665
328579
323867
334687
295012
266724
347372
300332
403853
303145
261298
299846
337390
278264
355972
255481
312100
294972
369481
368060
319090
292743
370474
331193
279274
290081
224863
273007
355945
326657
316010
303081
345240
246402
326840
328751
330329
307807
261857
387389
350976
238208
349621
248489
271347
384250
372726
273017
302595
304676
351447
328885
252250
351943
308758
325734
296872
311124
349385
334411
283630
299055
314827
274541
303976
286553
312017
316196
296064
312014
305173
363051
308514
324258
294912
298494
238315
318978
277885
332161
311437
342033
365462
301958
314154
290172
313156
255109
317649
271874
262479
243651
291489
367431
404083
333114
259441
259475
302584
275170
324976
252637
374759
275885
208743
386569
374764
401419
288129
320825
247650
378766
289349
302504
286054
299953
278447
344037
300524
388125
292406
361894
271773
269973
293057
266624
248907
301970
311394
324712
258779
367435
283637
381684
419797
284509
339117
267995
299767
319511
309441
234643
266080
275918
380916
320193
421030
271890
361680
351546
295192
290919
274942
305024
286337
310929
299494
305096
363238
302267
388519
363053
321873
292338
281654
279220
271089
259456
364512
363367
290592
326552
377795
333963
248171
321527
366899
218097
267060
379213
283596
289390
363427
403552
327710
281041
279404
295171
304668
302301
334994
307116
288402
323610
326718
265911
335155
314963
252725
368285
323497
291367
273479
359232
417908
280483
313563
284830
239242
314966
275642
327400
367658
323202
284844
300279
225238
317190
267977
331837
338287
306808
322043
351022
347406
307373
291016
321193
233396
354768
317408
219895
332875
343562
340206
348937
283536
299088
312950
307825
350955
302400
354265
258310
345302
307703
328055
325543
275695
247590
300232
308331
353800
322737
241065
314920
319372
344046
280095
307688
318134
298976
309513
332252
308795
376979
347101
266816
333375
305206
338788
286618
278401
344041
242382
323671
301472
339946
293473
337943
300833
317518
279765
271737
259525
412683
394426
298466
322838
240377
272801
323622
312295
308430
299440
276065
365744
367386
295951
349415
331100
321336
238153
309099
285989
322786
329718
349700
386600
242200
344663
290475
300223
287139
341543
224931
287220
255891
344260
351669
359805
282664
364951
314393
292139
269055
264413
305257
321267
295419
254305
365765
294384
316400
359080
295031
232202
388575
253984
260319
344586
369971
340512
368829
300169
334737
326245
312566
338711
303142
276684
365525
294175
283866
244354
274415
204305
196475
204877
