109019
154839
138329
159665
159198
163719
161639
164372
186863
173319
145229
156183
153940
170619
158696
172398
166444
154052
121817
130251
98835
116063
125546
124281
155961
168574
151900
158461
144892
177552
118961
112749
142262
87728
106808
118925
100582
176054
176635
120227
148415
112579
148241
170781
165973
147188
126961
195200
151071
164390
113265
113588
147301
140204
165391
131945
131844
126462
180078
150368
170975
159995
176495
125497
156898
129574
105512
166452
108135
171287
125982
150037
153425
121069
129044
181723
129917
198140
120578
132714
137892
150535
156469
108871
150879
121776
152069
150797
146200
132364
139906
143311
141985
120870
115754
178466
141022
153072
178358
188136
149716
144502
107538
125529
154702
145701
136483
120000
139458
159567
144809
151467
169421
167735
106392
153772
157066
167830
134108
146205
202642
131244
105506
142365
106833
157701
111353
142110
132543
173480
179777
169089
132973
131759
101110
152540
156513
135083
142977
143699
118106
152130
147392
155981
135904
164873
119828
198921
130715
104247
176474
146929
132341
146170
121416
133002
151263
155808
117830
152409
148960
167050
169767
176509
133715
137832
127846
131226
145115
143593
124603
158751
123847
130853
139154
185653
175296
129984
185930
138921
172378
141257
140196
171094
132116
121701
136952
139345
172471
159792
177573
144054
126846
151008
131869
118291
127507
137530
169976
112213
165020
145732
156221
121180
122189
169567
128628
156915
111982
161866
123625
189949
158078
140028
121463
191638
146654
180632
159426
95927
137602
118349
162543
157926
152872
110233
156170
139657
159382
151733
208189
164078
183706
165251
117881
176120
138109
149917
120077
107007
145267
143377
116999
130643
174838
145044
161383
115375
166954
130706
128520
143606
171872
159039
133336
160067
122762
115771
111914
135764
108793
165173
109666
186670
117034
128259
141166
133228
152271
138737
127003
164489
149494
150377
152002
156169
148026
166751
170808
129829
121362
111750
122062
135114
146366
164373
154905
175314
136051
146170
156924
152678
158572
148841
109048
116667
121702
130828
152184
155062
123545
141471
153238
180094
146262
154403
151961
137189
154943
120330
143701
157112
125398
151177
164963
149818
154654
127749
133562
186203
117201
118007
172772
148962
125058
87093
139324
144840
160141
124402
125775
156537
162894
148998
153626
144330
162677
124883
104758
202717
186305
116495
138310
158417
153858
167036
173081
145793
132692
85518
142867
155971
158359
122748
134229
131003
135606
170451
172513
153991
111545
149165
89490
135543
108202
180216
173944
203384
167792
155987
145105
140263
192739
173089
129034
125574
108485
159278
103966
144648
176515
149156
161805
150908
152206
152061
124959
123874
120022
132075
138526
131406
169577
138068
133946
140909
176023
150092
135248
123208
137720
103195
111380
108261
96185
134001
125598
145458
194387
135256
178748
152567
172189
146245
117628
142342
123363
114488
182539
190439
113654
171406
177922
146386
161301
168690
162263
144173
144781
116838
117127
177811
148429
192591
161592
171685
145499
111935
148101
87237
166269
96282
129423
133126
156663
114486
149871
152214
134505
135721
183945
160896
137339
172031
145673
120228
146825
161130
170124
123934
115789
155778
140258
134326
171309
107050
75140
152520
155745
132252
157501
171524
123976
104923
109086
164491
172252
145210
145070
193599
148597
174306
129691
141820
137116
161506
148054
126321
108731
148568
157114
160781
168853
155322
172072
146744
120703
134113
133550
126806
112481
167528
151427
141236
157943
144026
129384
166627
131774
155105
136309
155814
161467
148602
176007
118263
179556
93044
121844
108477
183047
176049
136879
114215
157782
132679
154812
153545
188975
135983
127690
151818
137268
140873
198329
175984
174556
147721
107452
115288
123179
111930
134725
147428
130334
154818
155123
137971
171519
135971
147867
124556
101084
145892
137700
154689
116356
160429
159157
186085
117130
177447
160830
130850
144290
98583
150275
85161
179265
190381
120873
142449
140353
162997
139037
166746
127841
156280
99159
136241
147494
176512
138290
156427
121726
159631
159382
108445
155492
153271
130554
142225
132391
158673
136564
107292
126727
138849
116279
195200
143242
144431
122234
138226
153939
146470
128170
113436
103434
187972
113474
151760
165724
131730
138088
152295
147784
139919
158947
135448
124818
142750
173018
185880
161246
115831
185054
156049
151376
129575
152136
152203
144788
134834
135862
156586
133969
139454
109211
128914
139829
142736
132407
125562
151712
146400
159501
152676
117448
144260
193109
160200
139789
152584
134038
154532
156465
153265
116793
134486
153410
176011
144627
171148
185211
170735
126514
134720
137131
112366
112578
140396
170900
146476
153222
152614
124678
156140
153341
121792
152789
124646
154477
155124
142992
140204
178009
125427
153082
159004
126303
133402
117645
150843
142688
142342
148307
145980
146518
123101
150524
173142
106127
169458
138709
124617
161902
124113
104802
113889
161756
170069
181210
164656
155837
136402
156339
126848
133695
99080
113712
111511
133395
119661
130527
136554
155228
153106
116851
173384
168060
148246
135568
133383
155551
147017
107710
157114
154808
126677
146850
157292
94104
136169
133926
124172
136209
158689
144872
139969
147686
146253
150956
196027
162372
195361
116078
163582
110689
125944
131476
117238
119336
145050
123674
165082
168666
174112
150258
177737
198787
128029
158040
180366
133207
158918
183351
155667
95705
153849
161771
139218
147618
160704
108438
179414
154663
163358
155301
177030
140909
146376
108805
110734
114820
121679
118637
154360
116577
166179
166652
136758
182758
143515
120283
125940
148605
139093
138554
135664
162744
130250
139588
152178
160506
162764
144739
124043
158677
130711
155570
136779
173996
148009
127933
143054
111978
115470
138624
130719
158430
100296
145274
142553
188118
119877
124226
174649
127907
123846
117385
150896
164779
130008
164054
130292
160564
181770
140643
131552
138010
156015
132190
114181
140762
123310
164286
124883
156218
121501
172282
157889
127944
173885
129099
119192
132986
145679
166084
148017
126585
136801
162670
151017
144404
171023
133085
162168
138739
134238
99203
159226
102498
137444
128223
134582
85425
142538
157040
142491
165835
143538
168209
120851
116118
121777
115863
133880
148045
134056
157001
136119
153109
131495
152462
136050
169674
177070
101980
170747
143224
150724
158911
137428
150370
145625
122523
133501
128634
152943
140547
152387
125090
145229
155749
173888
110048
123198
138201
141533
153056
108490
144606
177996
133571
109672
172174
88029
154833
137190
151829
175312
131372
96264
128275
143975
150895
132437
136531
116329
166275
144191
136219
143098
111169
119102
112802
136547
164293
162326
152554
145372
168681
164323
146300
104000
174693
157793
140467
139827
127895
113238
130067
172695
175039
163193
172944
147629
143506
136724
128110
119488
114143
119492
118236
157503
123401
168987
156475
141695
188034
196148
138975
139402
172661
80011
91883
81107
99503
104274
