137732 96
121013 96
129017 96
137061 96
128714 96
133358 96
128817 96
128806 96
136990 96
128909 96
128851 96
128609 96
129052 96
128891 96
113036 96
113023 96
113030 96
132714 96
112992 96
128658 96
128961 96
113086 97
128661 96
129243 96
128548 96
128806 96
113088 96
128802 96
113168 96
128759 96
132775 96
113034 96
128969 96
133048 96
128787 96
129156 96
132968 96
112796 96
128832 96
129231 96
128698 96
129113 96
128889 96
128743 96
112959 96
133191 96
128689 96
113056 96
112718 96
113010 96
128788 96
128846 96
112936 96
128916 96
112996 96
112968 96
128626 96
132959 96
129295 95
132935 96
112826 96
112980 96
133028 96
132807 95
128722 96
129260 96
128880 96
133173 96
128633 96
113124 96
128928 96
112886 96
129099 96
128930 96
128692 96
129067 96
133221 96
112761 96
112818 96
128717 96
129114 96
113544 96
112868 96
128474 96
129099 96
128960 96
112923 96
112913 96
112767 96
128823 96
113075 96
112817 96
128703 96
113257 96
128728 96
133059 96
112987 96
128980 96
128610 96
129030 96
132859 96
113649 96
128506 96
128910 96
132952 96
128871 96
113096 96
128812 96
129172 96
128728 96
113010 96
129149 96
112765 96
128612 96
129071 96
133113 96
129050 96
128941 95
128815 96
113052 96
112988 96
112833 95
128904 96
128673 96
129006 96
113283 96
128855 96
128918 96
129170 96
128551 96
113181 96
113147 96
128480 96
129374 96
132869 96
128575 96
113244 96
128710 96
113178 96
128904 96
128883 96
128945 96
133044 96
112681 96
132962 96
128980 96
128755 96
133129 96
129123 96
112786 96
128946 96
128860 96
128872 96
113700 96
128484 96
128554 96
133366 96
112737 96
133167 96
128953 96
112847 96
128961 96
128980 96
129163 96
133009 96
128352 96
113207 96
112878 96
128813 96
129061 96
129160 96
132710 96
132856 96
128878 96
129108 96
112962 96
132929 96
128566 96
113078 96
112966 96
128757 96
112881 96
112975 96
129044 96
128780 96
128954 96
129215 96
128854 96
128809 96
129056 96
129014 96
128557 96
129134 96
112954 96
112871 96
129220 96
128684 96
129179 96
112881 96
128823 96
128933 96
129216 96
112836 96
113079 96
128664 96
113696 96
112546 96
112695 96
132870 96
129159 96
128980 96
128579 96
129276 96
112774 96
112967 96
133141 95
112807 96
128795 96
129201 96
128989 96
128794 95
113029 96
128807 96
113029 96
113047 96
128942 96
128568 96
129224 96
128730 96
113034 96
129002 96
133030 96
112763 96
129104 96
112675 96
133104 96
129016 96
112856 96
128894 96
129060 96
128899 96
132805 96
129426 96
112890 96
128821 96
113092 96
128910 96
128888 96
113025 96
128795 96
128885 96
113123 96
113071 96
129012 96
129066 96
128779 96
132903 96
128903 96
128626 96
113337 96
132992 96
128650 96
113030 96
133029 96
112941 96
112828 96
129204 96
128695 96
128969 96
113107 96
112779 96
128833 96
132926 96
132949 96
113517 96
128161 96
133424 96
128763 96
113130 96
128728 96
133135 96
129012 96
128576 96
129259 96
128616 96
128995 96
128999 96
129193 96
112912 96
128984 96
128706 96
129125 96
132826 96
133181 96
128808 96
133076 96
132690 96
128895 96
129001 96
129188 96
113348 96
128201 95
113744 96
128220 96
129357 96
128683 96
128897 96
113194 96
128925 96
128959 96
128684 96
113239 96
113044 96
133078 96
112764 96
112985 96
129115 96
128861 96
129055 96
112912 96
129037 96
112813 96
112933 96
112996 96
128809 96
113091 96
132888 96
128848 96
129113 96
128627 96
129047 96
113150 96
128755 96
129038 96
129200 96
128690 96
129036 96
129085 96
132718 95
129142 96
112883 96
128860 96
128799 96
132889 95
128953 96
113251 96
128862 95
112826 96
129047 96
112705 96
128989 96
128891 96
129107 96
128817 96
128978 96
128777 96
129089 96
113117 96
128734 96
132890 96
129295 96
128833 96
129217 96
128595 96
129206 96
128812 96
128813 96
128857 96
133320 96
129063 96
112607 96
128596 96
113340 96
128783 96
112894 96
129150 96
128737 96
129041 96
113036 96
112883 96
128940 96
133121 96
128895 96
128961 96
128784 96
129000 96
129023 96
113115 96
128944 95
129030 96
112655 96
113226 96
128676 96
129088 96
133213 96
128924 96
133120 96
112688 96
113019 96
132942 96
128814 96
128894 96
129042 96
112992 96
128868 96
128968 96
133006 96
129064 96
128850 96
128808 96
129309 96
129059 96
128621 96
113172 96
128724 96
113113 96
133113 96
128591 96
129304 96
128643 96
129256 96
128882 96
113042 96
112807 96
128834 96
129220 96
112921 96
128708 96
128771 96
113332 96
128763 96
113096 96
133106 96
128563 96
113167 96
112999 96
128782 96
113212 96
132826 96
128849 96
113200 96
128742 96
133130 96
128976 96
128996 96
128790 96
137175 96
113017 96
129056 96
128565 96
129055 96
129194 96
113054 96
128722 96
128889 96
128899 96
113152 96
112852 96
141116 96
112860 96
132937 96
128799 96
133072 96
112948 96
112918 96
112820 96
113046 96
128937 96
132901 96
112957 96
128553 96
129234 96
112985 96
112796 96
128800 96
113089 96
112811 96
128839 96
113177 96
129008 96
129178 96
112846 96
128742 96
129174 96
133080 96
128791 96
128870 96
128990 96
129025 96
133033 96
128900 96
129042 96
128977 96
129030 96
128676 96
129219 96
128738 96
129013 96
112949 96
128747 96
129225 96
128596 96
113211 96
128652 96
128966 96
129037 96
128903 96
133074 96
128970 96
133149 96
112765 96
128946 96
128562 96
113140 95
128591 96
113310 96
112970 96
128796 96
129154 96
128838 96
129076 96
113008 96
128867 96
129051 96
128932 96
133186 96
128903 96
128825 96
129035 96
136691 96
129111 96
128903 96
128746 96
128968 96
133293 96
128759 96
128671 96
113195 96
112881 96
112949 96
129028 96
112665 96
113019 96
128730 96
113130 96
112936 96
112857 96
129172 96
113458 96
128212 96
129204 96
128893 96
112994 96
112997 96
129029 96
113125 96
112930 96
128971 96
112916 96
112883 96
133096 96
128569 96
113254 96
128863 96
113544 96
128420 96
112984 96
128885 96
112779 96
113046 96
112805 96
128911 96
112846 96
129108 96
128768 96
113490 96
128150 96
129137 96
133022 96
132521 96
113316 96
112729 96
128880 96
113140 96
112796 96
128829 96
128963 96
129036 96
128946 96
129251 96
129000 96
128861 96
129165 96
128989 96
128950 96
129194 96
128601 96
129332 96
128941 96
128867 96
128655 96
113332 96
113093 96
128555 96
129317 96
128906 96
128652 96
113152 96
128871 96
128904 96
129104 96
112898 96
132976 96
113070 96
112920 96
128692 96
113096 96
128747 96
129004 96
128873 96
128840 96
133161 96
112680 96
112855 96
133022 96
128954 96
129012 96
112773 96
128829 96
133281 96
128695 96
113052 96
128690 96
129226 96
129053 96
128602 96
129301 96
113008 96
112893 96
128976 96
112866 96
113094 96
128971 96
129074 96
128868 96
128697 96
128877 96
129332 96
128753 96
129071 96
128852 96
133242 96
112705 96
128918 96
113022 96
128868 96
113163 96
113017 96
128799 96
128867 96
133412 96
112767 96
112838 96
112872 96
133127 96
128731 96
129080 96
129013 96
132862 96
113016 96
128831 96
129028 96
135022 96
128599 96
113060 96
112977 96
112865 96
128962 96
112759 96
128935 96
129217 96
128843 96
128983 96
128584 96
113338 96
128569 96
133230 96
128615 96
129011 96
113029 96
128900 95
128760 96
113645 96
128303 96
113166 96
128520 96
133184 96
132778 96
129296 96
113004 96
113076 96
128768 96
128937 96
129169 96
128896 96
129072 96
113014 96
128978 96
128690 96
129113 96
112940 96
129100 96
128776 96
129208 96
128917 96
132829 96
113126 96
133014 96
128985 96
128656 96
113119 96
128843 96
128917 96
113192 96
113123 96
128884 96
133037 96
112673 96
113025 96
128707 96
129281 96
128748 96
129075 96
128886 96
128979 96
112960 96
129082 96
128782 96
112993 96
112929 96
128855 96
128955 96
133246 96
112873 96
128791 96
113098 96
129040 96
112891 96
128614 96
113160 96
133184 96
128811 96
129209 96
112739 96
112878 96
128935 96
113040 96
113098 96
128685 96
129254 96
129007 96
128653 96
133217 96
128759 96
128924 96
129168 96
128556 96
113179 96
132693 96
128894 96
129141 96
129002 96
128904 96
128984 96
113030 96
133117 96
128735 96
113054 96
129072 96
128818 96
128776 96
112974 96
113104 96
128918 96
112986 96
112801 96
113038 96
128889 96
129137 96
128785 96
128975 96
128905 96
113123 96
112918 96
129047 96
132841 96
128929 96
128783 96
133111 96
112870 96
128712 96
129186 96
128544 96
113251 96
112914 96
129108 96
129051 96
112788 96
113007 96
128818 96
112967 96
128675 96
113009 96
129264 96
128789 96
129071 96
128785 96
129091 96
128664 96
129385 96
128583 96
113196 96
113032 96
133059 96
128762 96
129189 96
128711 96
129057 96
113154 96
129058 96
113397 96
128278 96
113182 96
128755 96
128774 96
133286 96
128785 96
128719 96
113846 96
112299 96
128773 96
129362 96
128902 96
112817 96
112954 96
113024 96
128641 96
128935 96
133235 96
113069 96
128872 96
112995 96
113055 96
128920 96
128887 96
128909 96
128930 96
129117 96
128635 96
113887 96
128439 96
129146 96
112761 96
128866 96
128857 96
128768 96
133152 96
128596 96
113181 96
129006 96
113012 96
128753 96
112981 96
128778 96
112987 96
129003 96
132930 96
129001 96
129024 96
128721 96
129152 96
129001 96
112908 96
133130 96
128852 96
128988 96
112939 96
128675 96
128990 96
113172 96
128903 96
112967 96
112830 96
129020 96
112848 96
128992 96
112896 96
129022 96
128624 96
128843 96
129297 96
129118 96
112780 96
112971 96
128731 96
112950 96
112979 96
128877 96
112903 96
112973 96
128633 96
129237 96
128870 96
128978 96
129012 96
112788 96
132585 96
129180 96
112952 96
113088 96
112852 95
113076 96
112802 96
128870 96
128813 96
113012 96
129098 96
113013 96
112903 96
112754 96
129168 96
112792 96
129135 96
112890 96
128733 96
129152 96
112927 96
128572 96
133371 96
128740 96
113133 96
113075 96
133099 96
128553 96
129069 96
113017 96
129089 96
112675 96
137071 96
128481 96
113191 96
128910 96
129166 96
112769 96
133012 96
112885 96
129009 96
128993 96
128558 96
113828 96
128182 96
128858 96
129090 96
129020 96
128781 96
129222 96
129046 96
128748 96
129115 96
128915 96
133126 96
128760 96
129123 96
112812 96
113031 96
128985 96
129014 96
128926 96
128829 96
129161 96
133064 96
128908 96
132671 96
133201 96
112838 96
128709 96
129367 96
128747 96
128858 96
129225 96
132899 96
129168 96
128842 96
112589 96
129550 96
128498 96
129119 96
113039 96
129181 96
128898 96
