797779
523326
511277
525620
511937
522515
525813
522296
510141
522508
522393
521887
522428
512302
511330
523222
524627
522829
511376
521790
520673
523200
522776
522704
512314
522033
520636
523713
522291
522093
511802
523036
521361
522635
523490
521772
522146
523032
521034
523169
522328
521644
523524
522315
523944
514097
512964
521934
523121
522782
524522
522436
511220
523648
522120
521506
521507
522815
523810
513576
511109
523246
511604
523111
510506
522815
521768
522289
522254
523301
524255
511853
522739
521876
521760
522161
524119
521873
524529
522157
521656
521769
522791
521112
524056
523153
521849
521228
512353
521492
522603
511420
509902
522801
510998
521889
511939
522637
525007
512139
523252
513430
514257
521039
522770
512444
522883
522939
523690
523601
523057
524843
523094
522929
522931
523533
512002
522555
523227
524831
523589
523665
522117
523090
522586
522557
522645
520955
524363
522270
523186
523344
521765
522824
510033
523354
522769
521978
512473
522796
522674
522518
522541
520155
522561
523381
522431
522638
523249
521602
523647
520951
524080
522843
522400
510523
522103
512144
523194
512424
522036
521707
524830
523511
510449
523761
513198
523178
523855
512523
522108
523910
523041
522824
522052
513829
522532
512311
522268
523334
524550
525566
522223
522833
513238
523018
522140
523601
521794
522696
521393
522114
513450
524245
522107
521488
522005
521891
525802
521368
511877
523887
524976
524257
511330
523355
522623
521512
522597
521149
525804
514047
514272
525438
522590
522632
511687
524285
522693
524388
521141
510642
521657
524274
512513
523457
523418
521150
511978
511948
521927
526412
523424
522648
512570
523371
510435
524002
523894
521684
510765
524675
522365
514498
523396
523802
522497
512377
512093
522375
523445
510460
521978
521125
522892
515182
522318
513240
525823
522413
513041
525536
522762
523326
523405
524246
521577
524050
521783
521766
524388
522250
522254
525840
523614
523389
521565
524714
521336
523714
523182
522161
523420
521422
522984
514758
522330
522252
523471
523038
523355
515553
522638
522352
523125
522086
523415
524100
524231
523069
522060
522920
523603
522132
522336
523151
523578
522364
522457
521504
515054
520913
524318
522018
524331
522565
520909
520900
524764
522329
521792
521422
522486
522687
523611
512012
522453
522026
511701
521675
524760
523108
522820
521641
514034
522375
510915
524332
521684
522270
523736
524588
523276
522873
522416
522929
525381
511230
522977
514211
525405
523667
524143
521530
525911
523329
510211
521678
521542
522255
512165
511811
520891
512679
512172
513959
511567
522727
521984
512494
522165
521433
522228
521400
522377
522329
512359
521580
511379
524374
519342
513196
512123
524088
523459
525039
522564
515195
512905
519438
522536
521869
523787
522710
524808
523131
522801
521453
523575
522161
523077
521885
523155
512252
522173
523828
512231
525322
513814
522985
521818
521860
521665
521722
522155
512710
523805
524459
522550
523627
523204
523128
522300
524499
511743
522045
511742
526133
522050
512183
522851
521403
522521
512375
512617
512996
512368
523362
522704
513177
521979
522664
524321
522298
522605
514331
521727
524330
523479
513915
511005
522697
522532
523131
523020
522593
522699
523685
522239
524249
513252
523566
522650
523330
522893
511371
522423
525205
525413
522366
522486
523627
522443
521499
523161
512151
521135
522689
522858
521022
511950
523136
523162
523056
513109
521930
520758
511558
522260
512099
512840
509542
521824
522537
512484
524477
521980
519723
512123
522577
