488184
609466
678258
827268
882414
908040
989057
994335
959721
1055206
1075962
1006467
1056056
1197506
1237558
1155876
1130500
1228486
1149707
1294854
1180528
1315915
1274513
1293557
1349916
1301151
1255797
1302601
1269042
1338403
1386639
1342127
1348932
1236332
1367898
1456597
1458415
1348567
1423766
1427950
1505083
1126538
1386153
1391639
1330374
1459141
1423670
1372331
1404127
1303519
1572875
1460620
1342361
1225177
1445909
1344984
1517420
1256685
1389303
1319872
1397963
1234717
1345442
1334748
1316500
1446326
1332333
1109534
1397357
1335418
1302061
1341538
1448896
1415874
1475897
1277468
1382705
1324054
1401883
1309891
1423081
1331944
1228320
1359130
1382642
1295002
1418136
1255044
1414588
1272802
1392314
1301636
1384169
1332951
1391536
1312112
1399604
1289008
1394059
1346108
1318467
1251970
1306783
1458479
1396162
1414873
1380277
1312548
1327922
1307772
1479416
1319658
1541982
1542472
1309457
1555883
1517823
1608115
1352343
1584151
1570606
1579450
1484488
1397174
1545604
1308869
1373279
1415128
1415523
1595993
1369338
1359625
1303032
1364920
1413638
1387130
1426844
1459311
1273373
1448058
1507919
1455720
1349552
1414540
1530631
1507293
1254439
1552324
1410963
1369453
1266402
1548004
1466140
1358913
1328993
1313029
1326231
1242524
1274630
1319905
1321988
1388606
1194882
1330561
1251589
1330558
1409347
1305637
1277778
1315867
1389919
1323371
1333705
1377816
1345197
1317311
1340363
1291085
1338135
1407841
1394551
1408550
1384491
1360878
1436856
1268644
1477661
1378128
1330942
1427865
1371124
1346769
1374626
1483004
1425957
1314965
1415990
1430763
1298336
1372183
1305846
1419608
1384277
1523901
1289591
1366491
1431609
1471814
1391807
1430119
1413714
1372954
1437642
1313400
1311115
1431843
1474727
1442527
1357479
1333260
1412645
1353301
1437417
1333327
1319192
1357707
1394907
1310817
1402171
1488528
1286073
1338335
1416334
1393260
1351518
1327663
1352463
1439957
1364643
1401206
1358293
1398676
1410794
1328423
1462939
1490904
1374313
1284105
1512244
1342111
1366396
1525299
1434529
1404754
1336051
1385811
1333736
1316989
1281026
1301416
1471490
1478911
1262622
1285860
1399123
1287609
1549152
1478355
1295979
1463223
1605342
1439904
1556616
1487979
1378336
1500943
1463731
1406744
1313778
1505824
1394529
1467285
1468774
1437877
1453771
1372808
1462954
1460861
1380297
1358047
1485509
1346220
1485930
1352158
1301033
1410413
1429870
1419487
1451399
1498362
1391329
1367112
1402154
1468453
1349601
1374627
1527853
1381181
1521195
1465486
1368006
1402544
1404660
1484588
1419055
1246870
1434695
1407511
1443880
1507959
1421540
1365754
1274083
1434684
1372469
1437056
1485618
1354704
1482698
1379155
1345193
1386409
1354538
1510979
1347584
1550531
1419557
1366714
1213802
1482265
1290277
1402602
1441201
1197679
1249688
1094320
1342319
1522708
1226354
1409460
1531987
1566922
1333356
1275110
1433394
1301367
1382723
1266877
1473190
1446140
1555941
1504723
1430695
1364888
1418656
1373862
1488464
1461164
1434127
1403574
1444218
1383447
1422839
1499320
1401255
1391383
1390788
1376185
1436087
1345411
1426816
1365618
1337032
1495228
1402242
1358696
1503082
1437721
1419040
1271073
1338292
1397448
1445613
1443210
1397230
1397295
1349202
1574086
1355267
1350382
1361465
1607396
1548198
1519827
1408746
1356778
1336287
1517919
1528018
1620770
1347714
1303311
1347491
1466508
1350011
1304146
1453081
1572409
1460449
1440588
1406158
1453314
1465198
1621792
1480221
1446532
1461296
1433735
1252438
1381151
1561710
1323468
1587486
1623508
1512638
1407109
1523471
1440385
1514097
1492706
1427115
1378389
1465837
1285634
1510646
1368850
1548954
1585521
1589228
1560213
1533864
1441007
1442729
1542690
1395551
1322318
1451127
1309681
1413102
1484686
1432646
1260083
1422886
1358060
1422557
1399336
1255948
1358845
1491963
1288558
1341510
1409852
1334845
1306430
1307967
1327773
1498028
1369055
1410362
1560009
1479975
1533437
1408438
1453807
1469263
1513390
1467269
1509547
1439097
1374528
1452678
1380207
1469451
1440919
1213234
1203987
1443230
1474559
1457066
1481150
1440144
1248391
1459303
1355905
1227658
1367034
1373769
1495863
1235344
1642930
1434930
1396038
1326205
1382757
1510208
1376355
1397342
1299267
1424700
1347967
1528255
1608508
1546849
1359889
1537139
1440584
1498094
1177863
1476402
1425280
1494883
1358763
1498445
1642652
1538200
1535901
1635769
1072242
1267063
1108450
1568097
1394506
1137708
1399144
1248662
1495409
1565650
1544286
1349945
1352092
1575142
1213087
1534164
1273899
1186540
1195626
1395259
1446316
1366537
1419666
1450290
1383143
1437375
1398292
1329134
1451901
1263759
1553934
1289685
1510525
1262102
1461658
1413714
1409678
1470361
1396847
1374048
1199194
1396853
1227799
1440399
1397873
1421865
1509170
1524583
1403683
1283112
1313666
1283616
1312490
1467997
1483678
1266773
1509114
923379
1166043
1511588
1541675
1320503
1503586
1184622
1579929
1294322
1563847
1540522
1558155
1501378
1510411
1578764
1335909
1459808
1321680
1405945
1431698
1277657
1371647
1486788
1328971
1562678
1511199
1125049
1378876
1497994
1335695
1188188
1594575
1556403
1581387
1490642
1564013
1462982
1444180
1345244
1179791
1471368
1445866
1501405
1255276
1445859
1438185
1191987
1425031
1369910
1229868
1452189
1267377
1429585
1523938
1505622
1445104
1453697
1523883
1474495
1508153
1435629
1507874
1363570
1523845
1457143
1500501
1523791
1432597
1481692
1453344
1385291
1178328
1175861
1506673
1092016
1152168
1462723
1461701
1447068
1381485
1481441
1528786
1650822
1357881
1318656
1335489
1395428
1523148
1341149
1404055
1398285
1283942
1404389
1450998
1272686
1484569
1385702
1327697
1401781
1433276
1467337
1528137
1388891
1433162
1354605
1363966
1420655
1333083
1381557
1262004
1438491
1250090
1388342
1391043
1510937
1500346
1559100
1514875
1435252
1479268
1535926
1486951
1511353
1472563
1477111
1511165
1432367
1168900
1485178
1433959
1424101
1355937
1385400
1314391
1359754
1481854
1286292
1357953
1384114
1415801
1517486
874670
1292484
1560205
1364402
1251745
1625259
1561865
1489963
1528727
1576779
1250884
1370568
1300443
1461678
1582057
1461580
1299707
925406
1396989
1399036
1287643
1325630
949042
938585
1336116
1421734
1406248
1498475
1554610
1462011
893012
1513396
1461324
1413931
1479315
1484580
894586
1322067
1430901
1449248
1436427
1351346
1342627
1294118
1448678
1375052
1438073
1322251
1255235
1321976
1408490
1056200
1347799
1303474
1282484
1179329
1252744
1314296
1349059
1247037
1288828
1297821
1343730
1362362
1302280
1304952
1364457
1253793
1432567
1353981
1230423
1346842
1313887
1290507
1192321
1282522
1448680
1324727
1206832
1447994
1383906
1432518
1395506
1310671
1364074
1348210
1303737
1356428
1473996
1308124
1418967
1385015
1428040
1384644
1374733
1427576
1403726
1436801
1423360
1531781
1513732
1484913
1311736
1475976
1394599
1347554
1414513
1466303
1562035
1528961
1469283
1283547
998412
1511981
1471741
1521264
1495568
1573979
1469076
1523802
1510999
1561285
1452812
1297378
1552425
1474281
1512867
1317836
1479852
1396962
1422286
1518106
1487579
1558108
1522376
1418178
1523909
1612240
1551204
1282194
1595477
1505325
1382533
1564129
1351699
1434870
1531065
1548904
1295683
1695243
1274693
1228801
1268297
1481446
1417784
1455569
1262244
1472704
1301918
1519925
1456131
1396708
1501936
1386160
1304796
1292530
1391009
1341288
1366074
1359290
1318023
1397390
1373033
1291305
1422496
1461457
1408122
1456489
1326900
1314268
1511954
1399980
1369174
1443959
1563970
1609357
1352108
1592783
1440573
1395790
1397812
1439487
1467664
1418358
1469493
1498769
1476150
1423253
1280700
1372143
1473546
1375832
1422106
1476182
1390310
1377926
1552212
1497832
1410309
1252617
1412781
1357076
1597268
1501545
1304366
1455368
1461583
1573953
1464738
1468734
1349979
1307804
1343445
1431099
1317470
1364619
1427224
1347630
1391031
1462700
1278936
1340865
1225061
1269061
1288788
1344248
1192287
1206125
1251576
1264312
1153891
1141140
1141927
1118093
1024353
1008519
1105217
1031072
888765
1007808
899792
1005619
975272
1148270
857284
920247
844667
647122
704982
784539
850999
823024
764306
792056
702465
