589107 490
650034 535
692142 595
687929 594
781215 694
771436 626
806532 670
789417 673
871092 777
896375 727
868295 704
958875 852
933572 806
942892 752
1002222 877
989678 853
998715 870
1062001 880
1040166 828
789370 665
1132053 972
1217542 1065
1247744 1112
1193012 992
1083727 888
1223823 1062
1270304 1012
801182 575
1271293 1148
949159 782
1254367 1090
1208566 1076
1251910 1063
1357266 1202
1166963 1024
1391611 1129
1315592 1157
1059047 851
1354242 1162
851838 648
1351045 1187
1137384 959
1321856 1100
1336764 1135
1373880 1156
1454655 1313
1399994 1202
1255608 1040
1298109 1068
1560236 1299
1362632 1101
1137137 915
1279216 1039
1504972 1312
1474311 1267
1368959 1127
1260284 1087
1101409 823
1349246 1138
1223456 1022
1533455 1310
1555226 1372
1485581 1279
1030746 827
1239428 1021
1254383 1019
1533385 1334
1219262 977
1645982 1451
1280125 983
1448950 1258
1515052 1279
1665521 1431
1500049 1209
1421830 1196
1693510 1449
1614969 1402
1162386 947
1512510 1325
1427627 1252
695422 495
1353798 1130
1490999 1282
1528257 1311
1375113 1181
1567280 1335
1388917 1198
1384116 1139
1139252 906
1301197 1078
1180328 967
1377580 1126
1431573 1212
1575253 1295
1128725 980
1433064 1177
676378 512
1281777 1050
1505625 1298
1116559 879
1453625 1316
1813009 1545
750488 550
1483856 1290
1636102 1426
1351099 1101
1690687 1465
1358157 1075
1435198 1198
1466478 1236
1458751 1159
1474102 1280
1706011 1517
1657599 1443
754166 592
917696 677
1463268 1280
1486247 1247
1279288 1088
1411173 1064
1308820 1081
937331 700
1373994 1236
1412557 1167
1825728 1555
1671939 1447
1747696 1508
1774359 1544
1508641 1297
1485969 1190
1758388 1485
1392300 1132
1036963 857
1022592 842
1555894 1322
1376216 1174
1465084 1278
1584371 1399
1515856 1332
1456721 1281
1079242 907
1514713 1269
1357054 1214
1241439 1076
1563303 1325
1480630 1292
1437365 1241
1149552 975
1139337 943
1664496 1416
1126378 925
1046675 893
952322 791
1738631 1469
914209 719
1047380 848
1667962 1415
959867 806
881809 743
1586083 1350
1740152 1576
1551508 1337
1663961 1494
1683688 1360
1041257 885
1680081 1419
986270 784
937916 715
1034640 850
1579074 1394
914477 741
1760685 1525
1822206 1628
1770033 1507
1688757 1475
1722119 1510
1601788 1399
1702260 1540
1801594 1626
955960 791
1666348 1474
1711516 1513
985892 790
983769 842
1254110 1023
1856015 1621
1759809 1491
1799105 1600
1646495 1414
1804739 1595
1722492 1481
1675959 1481
1808965 1598
1273344 1042
1599939 1454
1566889 1348
1747478 1529
1887111 1622
1594530 1396
1578834 1379
1264398 1069
1665044 1487
1129566 858
1589343 1354
1207859 1009
1015199 822
1340645 1092
1596041 1343
1522638 1257
1442322 1242
1827224 1613
1719727 1563
1450367 1263
1414607 1221
1422720 1238
1330592 1096
1379993 1146
1756396 1537
1508902 1263
1682657 1420
1344116 1123
1536641 1315
1805934 1625
1355628 1125
1049012 913
1524671 1369
1579073 1341
1351416 1157
1492743 1336
1171610 992
1414424 1214
1067156 857
1141094 931
1123215 908
1560907 1340
1561290 1314
1143668 917
1618545 1358
1760465 1518
1389239 1139
1747030 1517
1078505 842
1482603 1303
1686814 1479
1445239 1144
1518080 1277
1667065 1482
1461598 1272
1140798 916
1226106 1071
1268768 982
1513714 1268
1718613 1500
1398392 1196
1387229 1170
1616088 1337
1504230 1286
1531378 1309
685147 499
1148890 953
1111741 949
1381144 1167
808041 587
1387738 1199
1253701 1051
1200115 963
1373784 1162
1469829 1221
1470671 1295
1544035 1338
1233609 1033
1053475 868
1247398 1028
1509262 1265
1518744 1202
1079197 921
1339177 1132
1189496 1007
1117876 948
729522 572
1234267 1061
1415326 1223
1457485 1259
1313662 1085
1643411 1425
1054655 849
1400696 1226
1001411 853
1367390 1212
1283648 1032
903344 747
813932 656
1425822 1210
880598 733
1369876 1129
1471472 1255
1497661 1243
1231139 1022
1459113 1247
1208124 978
1104770 944
1428120 1162
1018333 826
1106690 901
1211908 998
1008625 858
1162152 1014
1488987 1229
1012115 834
1346123 1137
1394339 1155
1320638 1118
1246880 1070
1248494 1037
1412225 1111
1306143 1058
1222572 1040
871544 741
1174049 896
1042248 844
1409844 1156
1193983 974
1275799 1069
949568 803
1266660 1026
1392269 1215
1388043 1196
1352048 1104
976264 826
1120105 957
1136003 984
1093483 927
1173329 1049
1101435 877
980437 812
828256 622
1475961 1306
962399 781
1672252 1391
1622625 1433
1446454 1253
1030817 885
1310482 1150
1410252 1234
1385143 1217
1703466 1509
1610448 1342
1356049 1160
1338716 1103
1461824 1240
1788041 1562
1431813 1233
1089659 940
1395753 1167
1005646 768
1327381 1136
1724854 1509
1715609 1480
1071468 871
1489913 1206
1852391 1616
1321475 1118
1731153 1561
1694810 1488
1338548 1166
1291841 1116
1829073 1578
1747695 1549
1353267 1166
1252040 990
1491852 1282
1686352 1454
1599687 1402
1343186 1157
1641997 1409
1583218 1320
1303706 1018
1837820 1578
1628483 1356
1775641 1535
1582081 1371
1613143 1398
1268342 1027
1752386 1456
1449397 1186
1147815 957
1417189 1176
1387998 1157
1621609 1409
1147689 960
1621843 1432
1373815 1146
1460421 1246
1403740 1175
1409599 1207
1486959 1321
1105770 892
1837433 1517
1790847 1589
1362911 1148
1442819 1190
1235805 971
1764037 1533
1771492 1525
1733767 1530
1705517 1511
1802186 1566
1611875 1362
1841207 1568
1657393 1402
1672421 1394
1591757 1390
1785148 1480
1542176 1281
1626039 1354
1261848 990
1683458 1467
1219357 1016
1441142 1203
1712793 1492
1393997 1056
1618230 1345
1454572 1205
1323476 1071
1641496 1385
1625804 1333
1242151 1018
1832863 1599
1408229 1190
1377599 1061
1728291 1537
1531298 1304
1008448 821
1366229 1180
1801894 1547
1272131 1042
1456539 1297
1549813 1228
1477450 1244
1669976 1410
1575044 1275
1400805 1228
1296075 1103
1566800 1391
1616559 1445
1528073 1365
1490482 1289
1218890 1003
1503973 1306
1454584 1224
1464541 1220
1659689 1464
1265843 1039
1636735 1406
1068473 864
1647691 1440
1614847 1383
1697345 1489
1250274 1038
1303038 1093
1388518 1196
1621662 1441
1623936 1393
1475072 1277
1509863 1274
1730461 1456
1588257 1281
1666149 1369
1669623 1453
1310933 1076
1186779 991
1446032 1301
1662316 1409
1778294 1510
1776789 1457
1476595 1292
1618469 1306
1305242 1091
1636586 1374
1812617 1572
1750617 1519
1495852 1260
1454495 1261
1681930 1443
1116721 896
1398160 1181
1465767 1238
1630870 1420
1064625 850
1320302 1065
1592373 1420
1245419 1016
1584249 1389
1662759 1399
1382737 1129
1252125 1035
1163276 968
1635937 1377
1661315 1418
1527953 1283
1565961 1285
1214263 1048
1514461 1269
1263517 1086
915809 660
1794139 1554
625379 435
1534818 1370
1462979 1220
1662602 1382
1692308 1441
1460387 1233
1678997 1453
1537152 1333
1421530 1222
1473540 1264
1489065 1302
1573658 1392
1591219 1382
1416122 1240
1446639 1235
1513667 1282
1663516 1378
1577113 1366
1577542 1375
970844 760
1634865 1405
1811884 1446
631060 494
1613382 1379
1762437 1485
742578 610
1700169 1413
1500367 1258
1655663 1422
1580649 1366
1400826 1112
1607298 1381
1604418 1409
1636064 1430
1610791 1377
1306538 1135
1063288 864
1259525 1079
1193603 949
1675092 1429
1626919 1354
1240011 1096
1589225 1388
1101008 961
578931 402
1257279 1102
1406327 1208
730058 564
1193379 957
1719527 1570
1708928 1493
1600909 1337
1432195 1200
1207271 979
1767399 1531
931138 715
1651556 1413
1770028 1499
1407759 1198
1355522 1120
1497275 1289
1476002 1214
1508797 1258
695646 539
1308449 1022
1337025 1146
1020758 830
1685852 1424
921830 799
1648774 1392
1540067 1354
745827 532
1712443 1424
1037650 802
1638532 1362
855505 718
1512592 1265
1446168 1141
1398160 1239
1261862 1107
1390745 1192
1729504 1571
1535334 1338
1438902 1240
1734908 1506
1424784 1191
751219 579
1695488 1501
1746506 1502
1522670 1272
1530010 1280
1738405 1455
1407551 1202
1492275 1235
1674141 1381
1497420 1203
1788133 1514
1507323 1293
1494456 1297
1438206 1273
1502939 1306
1479320 1258
1444673 1184
1611152 1385
1410208 1226
1152654 974
1506716 1284
1421768 1226
1461421 1265
1325404 1134
1652521 1453
1827497 1573
929255 790
1167964 981
1460457 1192
1526461 1339
1726550 1468
1700051 1513
1032969 827
1686759 1447
1295576 1134
1752865 1448
1195007 972
1191531 984
1507791 1328
1305592 1038
1231019 956
1599857 1477
1503617 1298
1000475 820
1146060 876
1202494 984
711724 509
1756167 1583
1485973 1181
1835645 1599
758376 611
1273205 1058
668816 472
864241 707
1583177 1399
1859168 1629
1408099 1196
1838066 1571
972878 771
1122209 900
1331221 1117
944769 793
1669595 1466
1388311 1185
702485 543
1619641 1401
2059282 1803
2085217 1894
1431318 1228
1528027 1352
1218754 942
2137044 1838
2062365 1812
2078032 1842
2158294 1965
1074724 830
2027701 1846
997169 817
2007846 1775
2054685 1776
1963208 1738
2093970 1820
1608407 1346
1943547 1682
1545907 1331
1191618 984
1524891 1285
1613616 1409
1528653 1324
2140957 1890
1556863 1380
2005719 1713
1318392 1093
1398343 1278
1732107 1504
1376298 1173
1443701 1221
1298132 1051
1438736 1269
1440152 1236
1851521 1676
1395373 1239
1422411 1260
1841663 1615
1813425 1625
1534853 1291
1504730 1268
1484719 1254
1606949 1310
1486586 1266
1553761 1306
976442 780
1559797 1289
1672221 1446
1722238 1474
1574254 1377
1690811 1447
1676551 1431
1507123 1298
1661299 1455
1242284 1027
1544357 1310
1696578 1470
1607536 1456
1281605 1022
1381499 1211
1614870 1472
1147751 871
1590896 1428
937638 701
541938 390
1515136 1321
1629777 1451
1667785 1444
1614557 1424
1572405 1380
1329798 1145
559992 449
1338890 1159
1303027 1148
1033735 843
1300952 1129
692226 513
1630686 1407
1570968 1312
1680281 1445
1784647 1555
868126 614
612104 461
1625176 1422
1438171 1252
1381092 1180
1129169 949
1569973 1358
1659411 1401
1311342 1122
1881080 1626
1372766 1209
814141 654
1260822 1071
1222953 1044
1672011 1512
1161392 1011
875191 686
756719 641
1748556 1578
1182880 958
1876211 1698
864772 733
1824915 1520
1617479 1453
1786228 1540
1175795 966
1224818 1037
1614581 1448
991719 821
846164 627
919058 761
811957 672
1117027 924
1241552 1003
974505 765
1134064 911
856957 628
1120254 934
1193447 1046
984829 813
1222323 1071
1209234 1005
1430975 1265
1124144 921
1207568 1042
1376905 1116
1226091 1045
1113434 1005
1166544 969
937300 752
1095521 908
1238451 1010
1111399 836
900541 715
1077642 895
1135800 992
1128954 934
1746771 1500
1733102 1586
1147508 960
1640604 1461
1062160 886
1568648 1346
1086866 896
1563947 1363
1040105 833
1888833 1637
1557719 1394
1503963 1332
1843022 1669
1728427 1544
1459396 1286
1486043 1280
1865037 1638
1537613 1375
920510 653
1795689 1626
1716271 1560
1593413 1431
1655728 1434
1421770 1295
1624284 1342
1871640 1655
1362883 1170
1249987 1051
1619441 1412
1229005 976
1707165 1497
1878412 1691
1757211 1564
1675090 1465
1531853 1334
1906614 1716
1834092 1595
1158885 983
1757715 1480
763124 445
1469451 1231
1287863 1129
1252259 1015
1722433 1490
1367051 1167
1412060 1213
1071982 873
1346959 1132
1440611 1226
1230258 979
1295375 1154
1477930 1234
1764779 1504
1313953 1134
1975691 1728
1283064 1042
1961562 1765
1105820 847
1177748 984
1118983 859
1982000 1708
925523 713
1924163 1712
1614460 1399
1443529 1223
1061101 836
1784165 1496
1265970 1042
1932021 1640
1718899 1501
1387353 1147
1477966 1310
1394213 1160
1385588 1146
1492215 1201
1646399 1439
1125098 920
1391274 1142
1258484 1075
1352488 971
1641061 1355
1173772 999
1052194 889
1209897 998
1575270 1362
1677835 1492
1616174 1422
1481017 1198
1426653 1166
1372410 1154
1554670 1325
1539960 1223
1395845 1188
1449238 1215
1363351 1099
1075066 862
1584303 1369
1515783 1256
1729901 1538
1359539 1090
1783288 1465
1589708 1366
1545312 1317
1112935 923
1327325 1066
1614815 1377
1694665 1462
1531933 1339
1254388 1071
1604541 1440
1787757 1623
1375533 1162
1706518 1436
1704916 1487
1562880 1362
1498371 1289
1622432 1371
1708622 1509
1613235 1383
1770579 1556
1284472 1110
1542684 1323
1415419 1160
1540778 1351
1782140 1539
1522069 1289
1515972 1229
1536327 1368
1702747 1478
1363272 1209
1378142 1101
1718306 1494
1461620 1300
1616875 1356
1432398 1224
1132250 918
1588023 1406
1642775 1448
1612023 1393
1596948 1426
1033612 852
1067431 861
1615402 1368
1287646 1083
1621344 1408
1608935 1362
1651383 1442
1137080 894
1006538 746
1659588 1425
1315377 1096
1738702 1477
1660779 1408
1479286 1298
1623028 1403
1691303 1496
1539313 1290
1581554 1347
1513311 1292
1189616 1044
1183177 1022
1463311 1319
1018386 808
1025449 880
1824883 1558
991975 845
1507420 1291
1549448 1291
1758774 1585
1758901 1586
1658432 1463
1072033 916
1533116 1365
1636001 1476
1268753 1017
1123940 991
1140978 959
1606724 1441
573139 397
1085943 940
1012857 841
1185178 1006
1118007 967
1331523 1142
1124002 977
1098684 896
1631011 1466
993616 803
1511496 1310
1548749 1345
691991 552
1151769 981
921026 807
1622016 1456
1599751 1385
814941 623
736607 607
895619 724
1002869 865
928321 749
1042772 892
1108848 937
872783 715
953163 797
