327751 261
406053 327
507649 431
620253 529
653074 560
676117 593
675902 620
646394 555
673023 604
476527 378
753314 661
785753 696
859301 734
793209 729
830561 729
832519 712
889136 814
888404 785
820539 735
969591 847
931976 821
876232 779
911854 789
959111 872
895369 818
1025529 931
1134851 1036
1023942 906
910702 794
739227 657
1001784 934
896264 807
803746 683
1056189 939
929853 809
1076061 975
966863 839
978265 870
971559 827
1200193 1073
1172736 1046
1128016 1016
1265309 1108
984411 875
898354 792
1190057 1064
735771 637
968812 829
875271 748
1098439 956
1091285 991
1101383 1024
1091392 982
1176319 1055
904350 807
1257296 1142
1046156 978
1000826 902
1013890 951
1163275 1046
1001912 867
1242698 1106
1032361 908
1135597 1002
891253 793
968115 864
942235 830
1177033 1053
986563 856
989906 867
1159993 1020
403914 286
1154493 1030
1136212 1021
1075083 961
1227151 1102
1061394 956
1175297 1003
1151519 1033
1151461 1026
988232 861
1065348 951
1001317 860
1103176 958
708533 576
1239272 1100
675785 574
1237929 1091
976621 883
1060817 919
605950 496
1344251 1240
850698 723
1022391 904
1150897 978
1083123 966
1354473 1217
1351238 1219
488371 389
622584 475
1154908 1022
1015637 915
663440 527
1281312 1145
1416263 1271
1040769 928
963991 867
1057827 971
1355265 1257
1229281 1109
1154795 1054
955940 830
1015307 902
1521664 1432
933229 833
1406657 1294
861932 757
623014 507
1346358 1259
1051270 945
1292133 1141
1307525 1172
1239330 1123
997064 833
1274325 1207
960342 864
769188 675
1148867 1005
876941 766
651857 512
869952 760
1257490 1144
1178102 1081
835071 711
1278329 1159
811656 677
1226345 1105
1139246 1006
929106 825
1156832 1024
1348551 1208
1235682 1074
1357816 1236
890929 794
1250988 1116
838611 743
985150 864
788118 719
925839 812
1030839 914
1120347 995
1405733 1268
745884 600
1104574 1000
1077765 964
1387739 1266
1192723 1050
668069 546
1538595 1393
1018071 931
532844 411
1073708 966
1038203 952
986836 883
1192455 1058
1058411 961
872739 795
1173332 1089
679514 577
882231 789
1133269 983
1296223 1190
1335838 1221
1116074 998
1399527 1285
1379863 1192
1284126 1207
1263826 1152
936995 813
1035025 886
1182293 1079
701818 582
617666 513
1333547 1225
926821 798
1038587 952
888360 777
828337 721
883359 766
897867 784
1063734 951
738550 592
640320 509
723829 618
1167188 1048
1161506 1024
1200311 1024
888067 792
913159 798
860997 714
833216 716
794588 655
875668 745
1092997 996
824245 706
790449 652
1165480 1040
1086519 948
839429 762
925644 847
688155 591
788905 689
925865 811
708230 591
792359 669
1188952 1082
1199817 1059
1077682 943
1235382 1085
1106538 974
1289338 1134
1114244 1008
990741 869
1015597 890
901835 774
1044437 902
803166 670
1211402 1080
819583 744
1136912 1051
1028703 888
1358056 1244
794743 702
1279997 1134
861017 758
789239 687
1066684 982
1312537 1168
727927 630
1106534 976
1027460 905
841046 758
1259942 1152
887765 787
1399535 1280
1233741 1128
1153512 1039
836468 724
753175 637
1348635 1241
1254504 1155
637091 521
979877 889
1039044 971
1010933 899
1115904 981
1243869 1153
837974 715
1164962 1089
1072877 929
1096355 991
815987 671
1202909 1069
934459 807
1129677 987
710651 613
931767 774
789600 700
1108073 978
960717 809
1071387 960
1021638 896
928977 841
1075426 962
854410 717
676719 562
1024387 888
1049108 918
877464 741
1067320 904
871408 767
1102100 981
884339 779
772218 664
615964 505
936329 838
1220732 1098
763617 637
1248970 1060
878764 707
1274586 1116
539744 436
1095253 976
1170074 1027
1078827 960
1307550 1220
1105630 1006
570048 446
1440164 1303
915688 821
583037 512
1025582 919
1303997 1180
1241296 1130
1503111 1362
1508130 1377
1463339 1384
1375181 1274
1244831 1109
1104203 968
1136819 1003
1188412 1061
1174299 1039
1232252 1100
1509459 1335
1004763 898
547487 409
1446096 1322
964149 793
1160373 1063
938367 814
858529 743
1079984 972
879830 750
1078475 925
1178275 1058
1068821 901
1018447 880
864800 736
1281854 1142
1185163 1048
1072113 941
1073493 978
879510 768
1288385 1146
1164399 1037
1142838 988
860129 747
1035280 970
948504 859
1068855 972
1113912 1004
1066793 955
1064233 956
1127990 985
1105606 955
1109837 961
1133514 995
977410 816
1091154 984
1076333 955
934128 800
1088333 953
1026568 880
1109745 997
1119487 953
989676 882
1097944 953
1070341 945
1120083 969
1069801 930
883293 783
1064908 980
953196 851
1105413 1005
1037615 900
959683 842
1151202 1040
1040544 939
1036468 925
924187 818
599947 491
977393 858
931126 859
905506 774
1259025 1147
1112607 1009
961000 812
832974 693
1029687 886
1040875 909
822612 681
1280905 1147
879396 753
1180815 1066
1035587 922
788657 677
1360558 1209
1268075 1114
1126532 986
1319541 1200
962330 853
884240 746
1200910 1082
1174675 1025
1177288 1013
717560 636
978244 840
1135480 1031
1148198 1019
1068294 965
905842 780
1127357 1013
1003778 870
1023809 895
906473 796
720946 541
1313116 1165
832229 732
1118504 1024
1204235 1068
1150775 979
1142102 992
1147606 1014
1037129 924
1101217 983
1093854 991
1059246 916
1116463 1012
1144342 1009
1143680 1013
1232998 1100
769852 667
742840 647
942091 799
1272295 1109
542038 417
1215637 1037
1264367 1108
754470 686
1323408 1154
1133604 1032
876917 729
879433 761
982609 844
817912 723
1090487 982
1095615 963
735982 605
918078 788
1055959 931
1146083 1013
915901 784
921239 769
789849 685
976342 859
761905 636
1461909 1313
1318585 1187
784552 685
1121645 1000
658821 573
1243723 1137
1312763 1173
939904 848
1017801 866
543884 398
1305196 1186
1403549 1299
1386799 1251
1124963 1025
1305937 1199
474891 385
1310930 1192
1256257 1134
1027276 926
1250088 1112
1321953 1186
1333039 1181
1288781 1146
1280797 1134
1038216 905
1231344 1113
1241453 1097
729016 628
1081576 967
1038453 944
977485 915
1053824 974
735551 614
1262423 1173
1304222 1202
1102494 985
1058272 947
1226995 1074
1288090 1163
1011261 879
1000390 898
1025679 902
1032204 901
1002984 887
946145 818
1267742 1147
1081872 983
991621 906
1237037 1092
970984 835
953680 827
812717 706
1028363 920
947851 839
1145173 1043
999160 890
1141050 1035
1023393 917
1083833 960
944183 827
935765 800
921509 796
1095252 1002
751627 648
1075176 954
1180970 1059
1071866 900
1000628 855
1136157 973
894450 740
903346 759
755219 612
1007019 894
1078207 957
1039376 927
981035 870
1003243 888
726762 609
1175686 1075
964336 837
1243093 1122
1252218 1133
1021612 900
666291 511
1164833 1033
1267898 1122
1160464 1045
776225 647
1006138 913
1276142 1125
1020581 937
1222639 1137
1179066 1046
1240055 1109
1371814 1234
998534 832
928899 777
1137398 974
1210465 1093
1264855 1111
918549 786
1191319 1063
1202261 1060
906084 797
1022691 866
1060114 928
940683 817
802711 685
920196 744
1093734 997
1039533 921
771981 670
1132694 1017
1132455 964
1142943 1030
889555 759
1248909 1117
784138 633
1103588 1012
1124007 1024
1172970 1075
1141093 1036
1046343 938
1169093 1032
937632 822
1203131 1062
721208 595
1014560 918
1131902 962
958155 844
1251527 1135
958049 838
1029317 928
1133467 1041
1152318 1022
1244548 1118
993084 833
1193505 1074
834562 679
1041662 825
1191604 1002
1180060 1007
1030466 879
1027842 893
1218266 1090
962810 802
1211406 1010
846716 724
942706 802
1040836 929
1215749 1066
1042739 912
1031073 908
1135274 1032
968029 864
941056 798
741335 608
1090094 976
834748 666
913514 776
1169365 1024
1218511 1093
1070078 918
962187 828
712625 607
1247872 1133
1210773 1091
1137735 1010
883799 752
1228027 1127
1206952 1085
1015420 898
1218579 1065
1224278 1095
863947 778
1146494 1006
988469 868
575186 489
1222842 1080
1073643 967
1146591 1040
1149026 1032
704194 598
1144851 1048
850894 718
1183304 996
530091 435
1065924 937
1042011 916
1142308 1037
1241913 1132
984543 884
1159217 1013
999139 880
931399 833
1198910 1056
1041426 927
1050177 935
1079928 950
1237460 1106
1152140 1023
955994 792
874557 758
1095203 936
1269158 1143
971473 786
842436 704
1197801 1071
1254341 1078
1048027 946
1264986 1109
1251362 1110
831245 733
1277297 1169
1025194 861
925081 807
562061 464
1145702 991
1305391 1159
825150 719
1179010 1082
1286777 1140
975489 883
1058969 919
1019698 893
1279836 1149
1250175 1124
1122891 995
886194 744
1312900 1194
1152273 1013
704121 597
1286795 1165
1047359 918
1184380 1052
909976 816
1225320 1098
679579 554
873472 753
1167421 1055
1174100 1031
987622 847
1159316 981
880082 716
721038 610
1149163 1038
803435 695
757316 643
853746 761
1299049 1177
845008 741
770812 691
1044858 922
1381186 1257
777717 656
910416 777
801989 664
1201817 1093
1376332 1212
1103982 1002
888211 759
568996 462
1335346 1226
1132639 1007
1150357 1026
1265383 1158
1273849 1162
1254523 1144
1269057 1145
1130375 989
1141945 996
1171676 999
1214732 1097
699727 493
1199913 1079
875207 778
1044484 885
1205808 1040
1022477 885
818686 664
1004309 900
549077 436
1269459 1137
1257800 1126
1342724 1213
1208615 1085
803697 671
1180421 1071
1257651 1129
824730 702
1092236 914
1269784 1170
1222129 1110
788865 668
1236473 1116
1076794 888
1312725 1206
1159309 1018
1087581 983
1113835 991
701731 586
1316620 1215
1255610 1161
942029 791
927310 808
1003628 914
765051 618
1228604 1101
1005518 865
888207 755
916608 754
1238781 1114
796212 690
1050281 899
655365 539
791751 704
1189508 1063
942647 794
462568 357
1112919 991
1207781 1100
622113 528
1116386 927
1308456 1174
548370 384
1168529 1065
1139632 985
1112844 1035
1065193 957
959610 820
1120553 937
1219820 1117
1084906 948
1163658 1050
1091146 922
1186796 1033
1214380 1102
1095744 928
598963 468
1007097 871
968227 888
1037197 919
1294565 1144
1173001 1070
1118372 990
1052632 924
1007153 890
645241 544
1038492 913
699274 570
1160072 994
1075471 970
772759 670
1293739 1171
1134631 1003
1297170 1157
898743 756
940373 796
1334882 1178
1030426 918
1278961 1150
1005402 860
1181701 1063
966483 835
1170674 1074
1273598 1119
1034645 955
1132107 1021
933586 821
1006095 899
1003669 909
742648 589
1074616 912
919933 812
934299 780
953959 839
961158 867
768511 664
840800 746
1032008 923
711988 606
1082555 960
1101013 993
1126720 1030
933495 858
1054199 934
1131322 1015
1053360 936
1205269 1071
1001079 888
1023767 931
1102071 957
1229184 1118
1046300 931
861222 753
1297995 1125
992475 896
697397 573
829265 694
1248348 1114
1176429 1026
965768 857
1038584 923
1028262 894
1327665 1158
911943 802
847636 768
1244343 1122
1173752 1093
1107064 1004
1059938 959
1057614 971
986676 866
1079550 998
695860 620
951795 768
1121866 1004
1382316 1264
763324 679
740258 628
1019760 887
1030234 945
1346417 1238
1188159 1016
1381092 1246
1393981 1268
1338896 1203
1221062 1089
1302351 1170
1105312 976
1082719 943
1113834 955
1080347 972
717645 608
1121898 943
1129058 1028
637269 517
1170735 1033
1115428 992
1200500 1045
1216876 1080
1205689 1065
1142763 1039
830853 714
727518 612
1130188 1012
970683 845
1126068 1021
944460 821
916393 789
704095 575
1208279 1103
897265 759
894343 741
1326480 1181
1372216 1264
768133 585
992659 872
1299857 1183
1351495 1200
1402837 1235
892140 761
1074619 948
886357 749
736454 642
932284 816
1322376 1214
819753 702
1343513 1228
918959 786
707121 590
666969 578
711715 611
961124 868
926542 798
1259120 1086
1007911 870
1299183 1186
991484 873
578636 456
1322735 1187
1123263 1008
915985 762
1077562 911
879621 754
1320764 1204
1049958 965
1405669 1284
1235952 1098
1209519 1095
966136 884
1150380 1064
706609 579
797235 677
1249630 1135
1178432 1045
795850 688
769386 659
898677 769
1181944 1055
1050176 905
1082570 968
763541 654
634665 570
1068353 925
1041218 874
905949 799
1049614 899
929413 776
1439078 1322
1424985 1309
917982 785
1391435 1257
1260078 1123
668058 579
1070425 941
1124687 989
988998 841
1356073 1239
881734 780
595653 509
1243068 1110
972460 840
1116232 988
1286946 1203
659015 523
1004195 867
1074280 953
1033689 943
971601 889
912775 794
568560 478
712665 603
1299582 1174
1018946 897
570027 485
947452 855
644326 544
882825 803
850343 757
1103188 1005
688187 601
1105136 1012
861064 740
887478 789
1145277 1040
872809 775
635198 519
661364 587
674900 606
653954 568
559160 485
599576 499
