136648
130103
138265
136060
133268
136935
134286
130524
135949
134774
139015
134283
138163
138025
132465
137638
130782
134200
133311
136276
133227
137028
136442
136569
138176
135946
139570
133166
134895
132772
137361
138334
131849
134545
137871
145779
135193
133076
135203
137686
134563
134170
138861
134619
132961
134852
134988
137113
133111
134356
137605
134596
133573
141977
137636
136327
139001
138689
137125
137012
135793
134212
131543
135900
135086
134349
136641
134430
154386
135022
141343
138097
161084
137734
133505
134324
137780
132614
139862
152531
134655
129798
135525
138910
132202
137399
137718
135035
132723
137756
134554
137439
135495
136988
131372
134643
161805
134549
133149
134797
137204
132793
140384
133967
136765
133767
134190
135824
139656
138837
136513
131299
134450
136927
138053
135315
136285
138311
131944
159258
133707
134654
138944
138018
138594
137454
141802
134257
134965
140711
137809
136100
139505
136357
134034
136626
138494
136218
143295
131291
141581
140883
130220
161650
136301
136676
140044
132647
138579
136842
135210
134015
136659
137284
143976
136476
132350
158894
139817
137368
140536
133582
137765
134736
133696
133280
138965
138793
139056
139013
133228
133256
137320
160872
137962
135211
135077
136234
134711
139773
137267
132274
134264
135427
133122
161484
137800
142260
136982
136703
133932
134157
136243
152665
141894
136877
133191
138211
136474
134252
