715212
714853
711143
712911
712082
714577
718744
748004
745980
720848
718561
742384
712734
721706
712563
745336
738595
712826
741412
715108
718852
724790
743891
747332
731088
711153
719750
720920
717642
726966
728136
726869
710815
727844
745918
713712
717128
716045
714939
718351
714781
720491
877174
720517
712314
711677
705437
719998
717983
719951
724485
734692
713566
720134
727716
730089
734767
714081
732568
716979
719440
716794
726432
732511
715955
714119
719333
716857
713264
712065
740544
711142
714565
729515
742475
715986
738513
722692
714139
715854
715362
713005
711398
720624
714499
715205
720571
719412
732027
703209
721091
714237
715876
715251
748128
745986
712485
726386
715280
728623
713405
713346
716463
716627
712565
734100
714543
715105
711206
712370
715871
729441
714265
719769
729650
742676
745417
724858
717165
737011
712840
715277
719507
721499
744519
711044
719607
716492
713286
711881
732522
711579
716914
724105
743693
743877
716446
717047
718595
715285
717998
707208
709462
719109
740716
710661
713175
716654
742414
744201
717201
717028
746740
714973
715676
715665
710555
730654
716004
717612
716752
729716
711680
712270
708606
713229
712908
713383
745414
719778
710003
741526
723600
718468
725208
714742
715835
714509
733121
744713
717645
715265
729608
729199
703658
743042
713032
714838
712751
715126
710968
716297
706360
731989
726223
749524
728810
719273
720876
721803
716544
714971
730893
710002
718188
726023
733284
732940
713237
729170
719667
725552
742557
714378
714045
731771
713643
714699
717828
704773
706037
717449
729650
714303
710766
737237
719360
722961
716598
746372
743616
722859
713779
743660
716616
728426
713697
743895
721105
710586
743319
716062
716406
720073
726254
706500
713284
742422
710414
716873
731190
736726
724869
711200
712899
709702
703997
716884
715949
714593
717817
713299
713518
717727
711853
717588
728511
716233
710978
708437
712016
722560
742388
744251
738789
718109
714328
709177
744244
714312
714592
718385
716093
746484
715497
751061
722742
711520
715311
725780
716385
721888
699156
705566
729198
717923
720417
708072
715478
745942
723187
717841
720627
727998
712136
726811
736503
718875
731007
742682
716989
719221
717080
721192
735800
710838
716392
740150
719565
710593
709391
714100
739183
723756
707895
715569
713821
715850
729066
712154
717392
714925
719886
719601
724228
728406
709143
744078
713463
720468
730297
732867
703065
739622
736352
722269
732223
715438
730399
707723
704128
710901
736865
735844
712661
715414
741582
720587
719000
743620
743292
711734
714436
739275
712070
745883
719776
709750
743134
876321
713975
714404
743349
719235
738899
711892
732837
714047
702695
722538
732522
747473
721432
717401
713034
713236
719628
713003
746060
732958
715273
742073
715785
711821
720566
719040
747979
713280
714417
733072
712573
718972
742800
717752
743085
743975
733455
716796
717455
740777
724248
742654
717684
715213
749181
741023
744046
712086
734118
738633
717424
712272
737659
714331
715944
743750
710826
715304
729334
703421
714776
713485
704229
704640
706356
702754
731128
718074
714242
747277
714170
715958
718192
745848
736675
744187
718030
749714
717008
738874
710068
746802
713671
733396
730306
742560
714786
739816
719722
714922
716546
718379
742142
746716
743636
727241
718547
739251
740151
728587
746463
740987
716895
727178
715825
717559
728977
741485
744396
718740
723905
705013
739457
714622
720288
722609
715733
743843
723684
713640
719809
729810
743175
726069
729750
709430
712648
746532
714676
715144
