251695
321775
323837
436653
439825
498313
514480
519751
483856
469658
576145
557248
572083
604710
543543
434192
639764
644763
506708
662039
571800
525324
698414
551628
383258
759878
439787
683582
488531
688034
503948
716748
794310
695200
824512
576786
719313
415760
604184
471471
775624
720563
653090
705798
576795
785028
681198
776222
576027
811871
635861
874892
734238
764984
863889
698987
776360
728173
748004
896230
937974
851675
755464
836191
824115
798844
788866
928199
798621
753931
752065
739572
846369
702319
820010
809384
727925
730318
906170
944267
707910
869261
817397
859304
864878
1012093
788958
881751
977838
828719
923048
897802
800218
717811
924623
841749
819073
614367
844295
972535
837715
851385
800352
959485
891773
915458
890497
936018
921598
1063526
967923
812303
955380
904919
898943
820178
856248
1109188
1056112
953107
1107777
998541
916785
891948
843521
1052769
1115211
1022977
1014043
710103
864544
1051986
909463
1095039
951325
887238
1006788
1038085
966024
963321
957417
760722
1012758
904969
1075170
1089614
667944
1018307
1035339
976334
996264
895564
991699
913138
910479
1011997
1084042
911114
1074462
944715
915255
869189
771625
1103603
905858
1046169
791281
732460
1053978
954454
1090483
541216
686738
894203
777814
987251
777824
906861
921816
863225
639908
772202
999882
743753
690421
945015
1046590
951606
1000082
792983
1020228
852134
848263
660096
786678
1153660
1147214
1132166
1035950
753381
838742
820587
1220950
1077207
1060406
1041245
1065749
1039874
1107246
1013208
912085
1060697
1204452
941833
831423
886453
1315386
874989
971113
887352
1008222
801771
1008008
1047661
1109778
1167353
1032081
890504
1024374
947828
968281
919904
872084
968056
952852
939977
898781
1023565
1148013
1100023
663600
994981
738160
869776
700663
1118750
1024787
724794
728960
1027847
1080687
766271
827941
1061724
982961
1067968
893365
912127
857339
902305
920247
944268
959775
1027392
917390
908792
939538
912488
777886
929468
765476
779937
631893
977550
1055369
1012736
1004996
902055
1039772
953256
993065
468115
1020047
660031
1048177
1031852
1013257
1055398
1136644
955036
1081067
1162992
1035444
1073919
1063940
1027857
1094446
1056003
1079813
1075813
752558
1018315
895896
1043733
987809
1001549
772481
836061
1056790
1039423
982069
1035656
931617
1027926
961870
1049417
942882
997321
929166
1006143
1035968
939587
910449
1149543
995682
1061844
1129466
980760
1141343
1003921
922916
982624
932821
1047412
804281
948787
1148321
959698
932014
1081563
1060304
867419
801475
1003902
939035
928775
998207
806980
939731
901941
769648
978234
951358
953677
1014345
976494
1025791
895948
659128
913299
633120
1014388
740628
1044002
1037568
926635
1109322
1155787
1063149
995962
933077
1071817
1141879
1053633
823839
957927
904140
933475
980038
845224
856915
958703
920340
999278
777477
969186
968154
872760
997818
1033972
997927
925234
1054174
875912
951933
867464
1044105
1035728
1017989
860095
1025669
975756
1091859
986528
1064452
972393
972387
804002
988040
933731
977521
974340
1047710
796590
932343
752081
877691
965688
811481
730867
1142415
669054
1172406
1111257
1064295
1067490
784305
1100033
1145558
1132747
961095
1059628
1045430
888701
1064604
1032783
1197815
1038470
1234354
762579
1104788
653944
804897
1094022
952359
852929
1167378
1016205
1154966
1191726
1155546
1135939
1097611
932047
795469
1097704
887316
1027819
1076121
1097266
879518
1048077
1068918
1135722
1028627
1133956
1010195
880620
1023942
934547
1195832
1137255
949758
1140027
1110645
1098487
996931
784620
833704
919833
841559
916113
979185
1220008
1101611
797068
1135350
996508
1071329
966311
788109
833870
1188878
1008853
1256267
1167929
913585
775810
743972
1133696
1059655
1052536
1208562
1048148
1050651
893137
796194
919673
1115842
1020063
1091987
995966
1121117
1084003
1001812
1033739
938688
1114182
962434
1061092
1127489
966578
974221
944036
1068099
1016198
1109210
1039488
974206
953050
878981
1107182
843162
1059260
995609
1061161
979913
1029383
1040163
951660
901680
921355
1048898
755620
1046396
626431
955904
893782
1069924
756318
1069690
1028140
936052
1041730
1050308
808870
1065635
950609
935716
859388
1032887
930973
1019675
818251
818743
1023759
776969
712003
767562
1052775
999263
807891
641897
1052833
989421
972028
783831
856330
788470
1055472
969080
907894
475857
811006
1063607
760785
704851
584247
867659
559236
1011484
680131
987969
1060042
976823
1038376
631740
1012044
992399
1028236
994588
960785
744274
645762
725261
679697
870626
717978
1017267
979694
903790
639834
817922
866464
1034603
812134
826412
768097
741881
682915
864184
623291
803768
953340
681636
804242
874408
763578
653805
807632
656438
853722
651887
855926
592266
818119
543800
695456
812000
771723
559302
803218
700153
852478
817649
855750
655711
805038
562899
832349
549970
754988
760216
835411
924230
771877
867772
852870
960208
622018
846618
842543
963654
884295
799242
891311
894971
1036373
1000700
908308
813791
848111
744946
1000741
885009
993796
842856
943082
859882
914677
819633
1064588
927838
935675
920319
943882
1038345
908260
951237
1011649
887530
963920
965871
1009019
1032531
953708
1045068
952819
929304
1026077
1109224
1103728
808198
910122
1036324
1022507
984527
1011654
966907
940975
993350
1080297
889177
849936
991171
1045431
1179900
813031
1087767
979279
947389
1089670
1012043
1126161
993807
1083659
928155
879805
1091761
1015208
1124080
999942
1099927
1015832
1005278
908802
965743
1098500
1052894
949274
786405
1144407
935087
1104231
801159
1061243
970455
984275
1077038
1129989
1078906
879505
1227025
1072988
883414
951814
1070712
982780
1109228
1000214
1122013
1020231
939674
644660
1064824
892284
1049341
1106645
875606
1051973
1146693
1030586
1052805
952329
983661
836700
1116686
1104850
1200682
986847
1033995
1037048
776054
1015783
1140790
828049
880153
963213
1031930
835791
1039119
914716
738684
644880
816020
964023
1122241
699851
906889
1060485
885926
844187
724110
1025598
1076294
892700
529043
1195792
1020149
719442
1079417
1251926
1033325
1191600
989649
965028
1169537
1048054
1285366
983892
917596
1000523
1275869
1255901
1142749
1072294
1096181
891472
1178692
879005
1032323
895887
892353
761565
946732
655100
721799
1145033
885166
924707
977478
951025
901552
864279
1179809
909021
1063131
956438
999712
963890
992175
1109370
933584
889438
694297
963965
883701
933308
834217
1062308
912386
903647
938956
875401
866854
771286
906112
744446
826031
1046177
790690
551356
984939
775677
809639
1026163
1115965
916363
1002029
1019728
1131953
858102
1100109
828235
1029782
982945
691596
1042833
687821
919290
1010191
1119378
924187
993037
1155058
1063720
1200808
835310
882287
1055870
1119290
930119
1077922
1097742
1054334
976288
1055630
1071710
781686
1086733
991665
918042
847932
837979
755762
1163952
815682
1175745
800267
1096719
1112570
956433
1080213
944657
1068827
999563
790001
1081443
763720
1147626
1040910
964601
982419
877473
714187
893762
1131249
1003525
958524
896856
885298
979893
945132
957382
728068
999566
964580
903083
904414
720124
1020066
939610
983520
869542
910863
1111345
761130
1063117
903225
975990
643645
938350
998647
1128346
968674
704326
986834
891356
754704
966328
790687
989762
642692
939068
851774
873882
625308
949014
676698
731848
975792
799062
648939
840276
1055985
857265
537837
703601
857251
455282
522607
865845
550357
643882
726830
521893
810034
605107
600939
708498
