1174004
1894826
1905267
1938117
2086725
2097895
2088195
2177452
2189887
2248600
2218143
2395739
2425420
2556059
2608915
2764400
2687136
2812999
2901476
2639384
2793689
2967241
2777431
2991001
2791936
2915160
2944611
3289682
3284986
2975188
3094340
3099503
2864795
3050250
3338948
2926348
3278453
3158633
3110704
3209088
3365233
3250009
3256683
3105144
3339308
3166766
3504895
3343645
3177311
3448201
3300449
3474984
3444614
3200427
3512161
3357546
3334745
3769226
3605683
3492387
3302335
3508423
3463594
3126372
3571933
3510672
3914541
4632554
3525988
3543983
3031449
3208124
3558902
3432700
2945124
3264938
3713562
3633093
3237496
3164471
2720108
3627456
4211680
3137643
3211339
3720221
3907505
3384486
3147035
3094798
3814266
3152258
3079674
3044409
3042158
3204096
2925067
2916366
3056795
3294383
3128452
3423534
2892589
3209015
3107565
2936801
2720047
3053414
3062940
3327292
2949171
3242629
2915481
2397853
2959896
3303970
2877514
2814698
3045385
2997477
2891344
3057507
2742479
2894946
2612161
2827291
3047815
2602949
2941480
3028070
2891984
2582521
3013832
2897466
2778440
2710267
2923866
3067254
2683837
2657743
2977281
2922238
2805066
2888386
2751827
2954493
2682910
2854121
2893091
2585464
2791559
2864196
2313602
2891413
2538980
2684428
2796932
2847117
2272511
2854969
2677869
3106034
2982846
2723260
2924608
2897600
2998145
3030120
2834537
2733618
2756215
2716416
2655090
2899508
2792757
2926947
2619703
2359420
2855333
2740736
2422889
2639048
2752993
2744172
2362995
2614001
2761611
2555851
2669397
2624922
2631362
2903358
2607981
2512349
2743270
2672999
2688061
2743660
2389342
2634778
2773552
2757273
7614545
2452020
2696193
2707551
2870406
2690480
2863280
2609135
2690145
2670474
2577470
2712825
2754119
2660844
2804177
2682152
2419101
2485298
2888995
2779362
2475006
2613501
2870502
2957528
2872208
2621025
2770645
2388443
2522135
2659661
2652014
2998881
2669530
2420039
2612418
2411855
2332902
2411997
2696790
2816931
2855449
2679358
1703657
2631265
2758094
2547048
2644358
3002013
2607458
2677965
2240499
2853507
1883845
2447828
2391916
2695691
2582764
2119400
2304004
2634478
2415500
2758488
2626807
2488755
2496661
2331453
2567768
2451703
2558215
2317283
2404498
2346257
2638727
2660248
2504641
2079699
2687241
2596721
2608431
2546296
2718624
2567918
2876995
2607639
2486377
2626040
2365864
2601600
2496585
2442661
2595145
2194155
2517684
2463285
2410622
2751303
2395591
2535177
2638785
2607263
2406593
2490855
2552809
2532989
2698051
2660217
2414650
2637441
2386780
2538781
2550003
2419938
2502571
2320589
2241603
2466531
2592397
2506475
2572419
2705448
2463490
2385760
2592304
2508850
2435102
2486409
2691414
2386355
2426603
2667658
2744485
2575842
2120330
2661876
2342346
2673959
2494447
2677148
2571946
2515610
2231578
2625082
2591594
2751656
2601632
2480517
2684703
2344716
2611998
2635825
2710625
2456751
2371788
2580109
2601509
2566922
2488936
2523591
2652281
2264739
2570273
2253165
2490935
2219775
2569045
2630462
2501471
2526819
2499374
2646538
2488789
2515224
2563023
2612815
2510186
2545156
2255816
2519671
2249538
2619740
2481282
2423937
2627921
2387235
2583147
2463738
2363185
2369787
2305442
2311007
2376196
2349000
2720283
2562407
2441738
2550317
2571320
2306854
2379525
2474333
2463986
2105392
2637707
2455638
2713151
2302094
2386736
2397701
2565409
2539232
2547851
2417279
2478364
2570812
2501327
2235892
2544150
2096154
2466997
2525260
2523927
2382368
2399643
2534985
2390889
2702261
2381104
2607930
2254180
2397809
2300405
2634835
2252272
2432879
2533849
2337212
2275999
2428458
2389572
2396071
2067107
2634459
2220053
2630603
2440392
2190900
2604762
2337362
2498978
2492759
2681520
2553733
2410881
2397933
2501739
2527314
2167663
2474329
2554825
2403935
2678670
2510386
2311778
2423931
2208914
2312603
2776928
2520542
2455831
2264170
2354922
2737297
2581463
2454266
2389489
2652047
2383895
2282986
2497935
2606215
2656303
2145024
2735452
2634748
2689819
2576095
2521328
2428266
2598127
2616895
2701463
2550219
2188413
2563393
2255420
2444064
2412725
2406206
2593740
2317028
2674672
2576566
2427406
2152282
2338341
2400053
2475389
2490389
2471632
2637783
2287130
2496365
2474276
2545650
2618777
2742093
2538425
2522695
2517151
2474841
1801938
2454848
2141699
2547469
2433133
2534399
2485920
2606173
2608670
2319182
2412897
2503740
2625287
2628536
2520825
2397280
2499549
2464826
2247994
2491313
2425317
2537048
2383421
2673190
2481022
2166497
2515597
2309180
2297424
2478134
2492099
1911588
2351517
2369471
2523921
2484282
2626530
2185512
2373161
2479791
2488469
2433504
2379965
2571985
1781252
2411133
2417474
2514086
2322364
2064145
2283135
2243447
2560668
2365451
2462438
2633351
2456640
2548195
2339016
2494581
2417338
2453648
2312290
2479043
2295768
2374879
2634750
2568585
2383170
2486388
2267677
2462033
2385846
2455613
2372449
2487291
2417534
2409819
2513860
2594375
2556109
2536822
2397384
2285265
2473994
2309484
2421434
2663762
2438839
2103222
2624023
2770883
2545574
2561589
2539187
2516527
2569676
2568128
2506349
2202251
2286142
2676063
2515810
2535329
2502185
2358312
2127051
2518283
2526456
2367544
2677918
2450730
2596278
2507336
2375828
2610652
2715794
2527740
2615360
2547238
2634474
2504632
2487595
2430478
2502953
2405108
2459117
2702947
2307197
2441263
2523058
2505998
2604315
2404974
2516492
2441372
2351358
2524608
2718820
2494566
2547066
2388466
2505549
2462670
2322696
2492752
2586258
2503000
2429732
2244354
2630747
2457231
2395793
2652557
2490113
2246889
2226305
2219552
2711721
2499625
2426254
2431670
2602929
2401318
2533668
2380291
2436605
2534610
2422444
2417013
2189711
2384196
2610746
2455685
2401619
2374283
2405241
2486278
2403163
2412766
2431310
2245270
2191719
2284636
2631443
2366379
2503750
2440581
2603835
2607978
2230948
2421862
2384827
2372442
2461184
2362125
2482823
2368966
2185968
2405473
2332109
2499282
2439132
2662128
2161256
2366622
2411144
2437510
2421259
2521567
2306512
2348802
2295088
2218970
2145033
2476700
2320731
2428631
2197988
2380201
2461328
2198705
2367906
2262083
2445124
2426491
2333462
2357318
2235449
2053197
2414917
2488864
2496167
2346273
2138757
2583072
2515464
2020804
2411860
2572105
2473070
2412968
2457077
2300047
2616768
2331705
2490020
2303442
2571819
2407896
2428899
2348946
2563255
2263269
2279935
2289540
2393774
2208861
2356023
2153048
2266560
2552546
2084272
2479011
2122136
2570320
1892540
2268224
2084624
2211454
2576675
2429010
2170438
2301059
2467737
1939184
2357221
2251772
2806086
2214943
2156136
2452623
2242176
2413078
2492527
2298930
2578847
2167712
2708812
2711492
2847028
2495571
2384320
2662386
2422125
2627083
2738650
2109036
2075662
2578761
2728639
2438518
2445282
2469202
2759047
1937543
2488886
2442849
2154434
2533901
2437949
2787381
2543780
2786323
2432503
2324320
2374589
2552051
2558943
2438679
2299249
2444419
2457274
2479812
2721342
2354410
2412077
2057658
2442500
2571744
2766806
2507098
2556765
2361831
2366796
2558339
2455994
2766616
2738768
2643698
2915200
2682921
2823709
2876701
2730717
2560491
2507781
2662027
2618188
2593072
2319418
2495878
2797794
2783554
2914960
2447862
2502336
2405089
2744728
2708431
2223946
2926370
2771459
2152980
2400051
2604513
2643395
2696260
2497084
2352672
2347389
2413220
2548121
2904532
2817051
2420011
3067771
2795157
2607457
2769947
2490367
2348124
2573961
2328044
2623548
2397423
2606199
2562106
2730295
2679901
2420126
2228171
2490611
2354218
2728346
2868543
2284593
2620361
2796556
2792169
2455796
2662275
2194776
2485774
2777825
2909457
2763054
2776238
2522843
2535418
2779128
2713379
2379770
2904157
2223059
2709747
2193307
2423224
2675074
1943861
2734378
2638712
2612069
2519217
2247813
2796509
2647737
2280505
2471747
2755895
2149399
2667062
2511400
2221178
2306278
2357894
2373809
2539857
2079447
2095785
2233889
2015180
2372576
2075460
1881341
1975912
2263361
2161086
2167814
2122083
1955836
1393245
2055961
1588643
1823458
1975345
2067636
1810828
1247521
1852744
1499045
1782545
1610357
1731018
1985553
1978435
1351973
1598079
1448384
1450526
1798233
1408958
1340195
1407128
1336134
1261268
1290839
1243608
