242386
227258
245342
226732
227920
229043
229862
245676
212541
231790
226932
231453
244852
227805
229348
245400
223652
243369
227193
227857
227247
227627
228973
229609
209448
229078
239717
226920
227727
242687
223593
231845
230892
243048
243713
226715
246242
253570
227109
228108
226621
251909
210559
255252
251877
227478
227746
243270
229377
245599
231227
244885
238515
227234
227662
243926
222114
242585
229064
229570
227524
227044
223674
243530
242880
226825
234396
229532
235574
227004
229532
230382
225868
229005
226519
251120
223102
244535
226577
223324
226668
255563
227757
247791
230942
247206
247568
227448
227641
227273
226550
245986
245720
227442
242831
211864
243671
243321
243309
244905
243672
228928
229468
233529
242901
247977
215319
223837
211677
230752
227142
227878
227508
246809
223674
227812
254517
243250
229408
228443
228211
243455
228008
238767
245038
247329
229263
247741
227838
227300
229124
215013
245685
227334
227773
247347
226914
227673
243302
232818
227947
232964
227738
253090
213135
224172
229292
245089
227774
228476
241708
250961
230867
227873
243268
223432
229066
228891
248072
246675
223720
227110
226955
213708
245635
231093
248270
226033
226001
229512
227344
235401
225421
236970
227838
215384
243219
227371
227465
227416
231363
231605
227254
231588
229541
240737
223426
227443
230493
245900
245894
223220
226456
244237
226933
244340
247655
224482
241946
242915
245312
241383
229528
225635
226849
247696
223247
247089
211207
247741
228817
215704
229954
231444
214896
253100
229436
233278
246471
230072
229421
231177
231376
229675
226504
245876
224877
244288
229146
232637
228686
223118
226535
244083
244105
230977
225071
229228
227719
247170
223079
227177
231066
229734
237651
235682
226779
224190
227240
234738
228004
228754
247574
212016
226161
250916
251074
226885
229599
237479
248093
240743
246037
231289
223654
242613
227299
227862
229019
215554
225482
228881
228632
228374
226553
245724
230064
222762
243475
245142
246007
251404
235838
230510
227493
245187
230640
246258
230940
227474
227377
226779
248172
227818
247784
228884
229764
227256
224828
229228
226992
248174
228320
242205
227766
244240
237491
243841
228595
247947
249104
223797
228075
210854
251448
241412
231024
230248
238348
227829
243294
226907
211368
227546
227125
240012
227337
229388
233538
245106
243334
247033
249736
223632
232173
242591
243562
227330
243329
243429
243188
227966
242773
243317
244139
229369
245668
228680
241721
227035
239209
229533
230938
229615
244249
234777
239937
226857
228180
246407
223234
227505
245146
239291
229634
243552
227738
226166
207589
227360
247437
244869
222165
228471
231401
221348
245630
213985
223237
227401
228821
225151
227137
243984
243566
227822
227104
255159
228344
222984
227891
235410
231673
231301
227338
249411
245332
226968
249298
216670
228291
245222
245106
243180
228673
242337
221000
227974
227501
243415
243411
244226
244359
244999
223869
227101
247339
232695
230129
226948
226209
223469
234374
229088
243415
229201
245382
212402
222664
223043
223883
243379
228060
242470
226748
231006
229152
228216
229876
242686
230688
230561
216601
247895
227968
226179
233803
246023
230426
247878
231328
245425
243554
224782
232904
246348
227497
227496
235430
247232
236282
227182
229086
229600
211318
243922
224320
243484
246843
231322
246897
223617
234427
248146
247128
227053
244138
231556
227398
226055
229632
245446
227530
227338
227651
243111
227563
234103
245019
226289
249067
216947
251501
227154
213307
241790
243764
226813
228415
242935
229741
228802
231018
246158
232803
227984
228884
229357
225215
227523
245126
227824
229136
229092
232303
238989
209614
229464
223241
235013
223803
227027
240039
228968
226788
227453
241684
230859
245702
247116
245225
243909
222571
228029
247658
235288
229177
212806
240060
227274
230736
228230
211754
227243
242577
247617
211219
237519
232977
243130
245735
221682
246974
222988
244150
226684
227716
246941
231205
228424
227333
243452
231307
244662
231610
247013
249680
237218
225084
211484
235101
247632
231867
230526
229856
229155
227569
227457
229324
225334
249091
241191
242666
244575
243578
227313
242591
227753
227071
227699
247261
233607
245944
210366
222730
230491
225621
210833
244611
235552
243613
240326
229628
212358
250787
239061
243554
235512
223583
228569
225331
210932
228376
248836
229722
227345
229291
229137
244063
242501
231271
244114
246623
227435
228256
223066
240172
246685
247197
227620
226831
247985
227891
248238
246122
210246
228232
223189
228323
242257
227678
235168
253215
213310
223984
230084
228119
242903
245716
245056
228122
228714
231238
215234
230061
239405
223354
243234
210219
253412
252008
242562
227094
213363
230171
227355
227977
226929
243052
224167
226899
246709
244498
243185
231489
227939
223368
227153
247444
246329
229815
230826
228553
229026
239415
231407
210821
246582
229719
272784
225084
211601
244131
226552
244247
239070
243508
226188
248407
243976
243737
230435
225882
229447
226796
227705
227315
227584
222929
243853
222849
243328
228435
246754
227874
227189
245546
229258
233534
225464
212074
242964
249003
241233
227207
227342
232144
249035
245276
227482
245298
228776
230004
245510
226521
224320
222931
245151
229892
224740
237217
243807
222844
227862
243434
234846
242995
244051
227687
227052
231937
212166
230447
227531
227587
243088
243403
210667
228865
235916
223679
242824
228190
242702
209985
227710
228071
242788
227321
243639
226997
227419
211610
231595
243283
243388
243782
230986
227760
243380
207885
223912
242598
228346
235036
226863
240095
226837
230763
243326
227991
227203
231454
226879
242088
228629
224065
231190
243616
227082
245089
213900
238671
245024
229870
223172
243527
227282
208013
233969
252137
226807
235770
227657
226553
228059
231841
240650
237877
222804
228190
230356
243968
243415
227370
243873
254345
221333
226325
231403
227277
243458
228046
223238
227428
249033
245673
227091
243276
247267
229648
225005
228507
215332
230543
229518
225440
247156
226951
247811
227439
227178
229079
252997
245683
229478
247105
231470
231576
242331
244117
244715
225163
243770
231476
227807
224955
233179
231449
245622
241960
227541
227077
247311
242301
244595
227460
231580
227524
244639
228969
227909
227570
228961
233903
227237
225041
248335
230134
229316
227635
222976
236218
224701
245876
226888
227621
231056
228235
242975
223115
231078
245653
245289
231816
242946
227589
222886
247749
226928
227683
234818
247917
213780
229314
242984
231172
224017
242790
227545
229687
225021
224717
227169
235135
243220
224017
226795
228843
230223
227995
226342
227389
247118
243714
239881
224778
254036
228806
233189
225351
244386
243908
242823
224485
227079
245853
231502
248825
243460
230936
227735
247796
243759
242304
228205
227168
210264
228066
229489
233498
227630
249193
230987
229186
245367
224779
244448
250523
231135
239381
243900
226074
246018
245955
211741
226621
229012
222351
230868
227381
227554
227662
224832
241515
245084
225977
235038
243195
229515
229796
227765
226375
223872
243278
235829
227484
228471
247285
229260
