953508
1052851
1115230
1231092
1239197
1300426
1290775
1322243
1363591
1388293
1347749
1342462
1399256
1362241
1437500
1410431
1371189
1511480
1487687
1573135
1397810
1466709
1537105
1565319
1602725
1622700
1503200
1287974
1500032
1677620
1551230
1637237
1709387
1586679
1300357
1653536
1653452
1614783
1890312
1709743
1498272
1541549
1739719
1623878
1580360
1728072
1712406
1590897
1658410
1852034
1550770
1516079
1441427
1669851
1739009
1982673
1694400
1713223
1490700
1669889
1683168
1661723
1832697
1496259
1624371
1570993
1438092
1733512
1538760
1383006
1522061
1432159
1911910
1707850
1605687
1578514
1564954
1743405
1792097
1519574
1842176
1870645
1493312
1900510
1494715
1331602
1466956
1741485
1288190
1327061
1581377
1668310
1639241
1659850
1813884
1647350
1742103
1626046
1432423
1731252
1390037
1638965
1409484
1041453
1646740
1513886
1289725
1552407
1438677
1543342
1550931
1358227
1683152
1635984
1439051
1590930
1658912
1709283
1426054
1464055
1588749
1692289
1612413
1697127
1636729
1720621
1668784
1537089
1608550
1706868
1707485
1684664
1629546
1645757
1675565
1561895
1660321
1486696
1587698
1556809
1663847
1519467
1709104
1497317
1591200
1667754
1572263
1720463
1808179
1463669
1768755
1395223
1572120
1551346
1660939
1542670
1547870
1534012
1620222
1348905
1543181
1508933
1740831
1792462
1480238
1437494
1796411
1288050
1768560
1788560
1583542
1795310
1731544
1382853
1708444
1588767
1716157
1290333
1592130
1706296
1682326
1582303
1492541
1463963
1750492
1513241
1837719
1804180
1560936
1780401
1554427
1574485
1554673
1541092
1516364
1909282
1852495
1931689
1805186
1870907
1726246
1666942
1738404
1621751
1680742
1440243
1585866
1863940
1487197
1674730
1563162
1740149
1615082
1540470
1584454
1536146
1674624
1432716
1228086
1488174
1601633
1243489
1785701
1726230
1804683
1557267
1303196
1626569
1720179
1896393
1846136
1834527
1456497
1916380
1762014
1447755
1977203
1603701
1591002
1706171
1507328
1572613
1623462
1526431
1505467
1555228
1613337
1517577
1976980
1523490
1516646
1850704
1653978
1475292
1754042
1856524
1724282
1703927
1799951
1585940
1551917
1779328
1418133
1663443
1980676
1628064
1795293
1550913
1495538
1644632
1498054
1489581
1416140
1551063
1646480
1489981
1560293
1449438
1576212
1922664
1574385
1689031
1789395
1811685
1843105
1892256
1499991
1622504
1631674
1513456
1649173
1567843
1895206
1555640
1874459
1311213
1373232
1684599
1822826
1656615
1526424
1702757
1898327
1777987
1565637
1302613
1399455
1511511
1779982
1716171
1857345
1685453
1668226
1573073
1631517
1777388
1316966
1537572
1519712
1806315
1745043
1775279
1852467
1465694
1508289
1739758
1458057
1522707
1400539
1457820
1834529
1612124
1568385
1759272
1686359
1396191
1763336
1341368
1674616
1534460
1895907
1876129
1582753
1670870
1784672
1689334
1781096
1600224
1775282
1885117
1695782
1949859
1671797
1536437
1478058
1505110
1614606
1620879
1699783
1612943
1151326
1704821
1665651
1662787
1791962
1759822
1672161
1635753
1749667
1642284
1463536
1694081
1451139
1769236
1211051
1736967
1855523
1381804
1624113
1594195
1569976
1652867
1715755
1752111
1737703
1692675
1532245
1687746
1506108
1692883
1876177
1563453
1791294
1688324
1428700
1574740
1653129
1498709
1638943
1737665
1801113
1604124
1549848
1697199
1839689
1656808
1827343
1491104
1590615
1662616
1557290
1356104
1666478
1765459
1525127
1736381
1703821
1769421
1511296
1811240
1548037
1682724
1710335
1710617
1748728
1547082
1744346
1737583
1280893
1714720
1391118
1718549
1801776
1587397
1609046
1653556
1600180
1625724
1658846
1519310
1680217
1479669
1775765
1578219
1639772
1649177
1706139
1598856
1700703
1708401
1524999
1772088
1759872
1773076
1664790
1668727
1430539
1708122
1858586
1360630
1604567
1709535
1678789
1541657
1723435
1656866
1720317
1694620
1540259
1674367
1696668
1687413
1714882
1561820
1581886
1648244
1748293
1746261
1821432
1753204
1451008
1542005
1693837
1480929
1518266
1334994
1788206
1442274
1556562
1835641
1866056
1788087
1600798
1655639
1743907
1581068
1670718
1727923
1550436
1641305
1476662
1660983
1608494
1334074
1544356
1699903
1643295
1448128
1388073
1669425
1718161
1695987
1619712
1760067
1543851
1237796
1639163
1548433
1645732
1679767
1596789
1614017
1725728
1546650
1607117
1462029
1613234
1812327
1494392
1588685
1546763
1746465
1777949
1593211
1548602
1666021
1488017
1593855
1544764
1779789
1642641
1762761
1521393
1612976
1588463
1657156
1886489
1931986
1808250
1601227
1718498
1535237
1652340
1625051
1426226
1615373
1629008
1721257
1840714
1713318
1852501
1581411
1674938
1706631
1785166
1840345
1771419
1571405
1689309
1751921
1300774
1457504
1485065
1700592
1799949
1642413
1705682
1637251
1503904
1761348
1490678
1819980
1670208
1721809
1648413
1502773
1840491
1503046
1757995
1548534
1601533
1856030
1515832
1832877
1878080
1558079
1834721
1577194
1585743
1549532
1584517
1607213
1515942
1778516
1829592
1634678
1615354
1580212
1534445
1734182
1376395
1369971
1691942
1123715
1976070
1854541
1588931
1842611
1658235
1580091
1825728
1127876
1620136
1779833
1776240
1799822
1770136
1677458
1622608
1567561
1337210
1739481
1717294
1778408
1670635
1675131
1743305
1725683
1709418
1262672
1683402
1779992
1778110
1759107
1700874
1452879
1638582
1680346
1828092
1780550
1415049
1737764
1747526
1718998
1614796
1807082
1495084
1528690
1728430
1707285
1672813
1867800
1688148
1630577
1581842
1507999
1697292
1410415
1563033
1671702
1732826
1530561
1758226
1715620
1697642
1707679
1672367
1623845
1900605
1638433
1631979
1653807
1513161
1655021
1696745
1758019
1652298
1607089
1740924
1516370
1664276
1481175
1532156
1355148
1310200
1740088
1789143
1925759
1662402
1659721
1707938
1660086
1671562
1332920
1579721
1610164
1391080
1823995
1541132
1576862
1421212
1771962
1840260
1888170
1847699
1791320
1777525
1817480
1984216
1209492
1848128
1825030
1622645
1754413
1406413
1878754
1668823
1275603
1899425
1592277
1945960
1760410
1778293
1701037
1796894
1663308
1433579
1393671
1668687
1708912
1349169
1780977
1601420
1519778
1803670
1588584
1699111
1477896
1879013
1588941
1647429
1739366
1523150
1490039
1694690
1596453
1775192
1459712
1588410
1591980
1739188
1623454
1401798
1449683
1604817
1762915
1702998
1624265
1634824
1548176
1464839
1672933
1450539
1725172
1363885
1835758
1831887
1769888
1902798
1409428
1876303
1833724
1777932
1817645
1578563
1435512
1863137
1818970
1836875
1689999
1683393
1813159
1690288
1528563
1857667
1493904
1740561
1357975
1694608
1606745
1495280
1854950
1561087
1481944
1413588
1473991
1477568
1279778
1209120
1511934
1903864
1727658
1811214
1865892
1754543
1619865
1670126
1318354
1548844
1767773
1514577
1728477
1607423
1830858
1533171
1617749
1930562
1314737
1593594
1588479
1402729
1568780
1547503
1789147
1719633
1746932
1357522
1704844
1645147
1593516
1509572
1439947
1704273
1769925
1708925
1610233
1564876
1643884
1528709
1487874
1404750
1700034
1775615
1701127
1471986
1614096
1423792
1739919
1456030
1802019
1884032
1972033
1563868
1784623
1534644
1977245
2022336
1602587
1994389
2047111
1474722
1926336
1535660
1757888
1596936
1350417
1390824
1455187
1709010
1488737
1473707
1437086
1583854
1763288
1562801
1442597
1595981
1639240
1596971
1845270
1733562
1772389
1677048
1660346
1845890
1714699
1746169
1788901
1827993
1635913
1543665
1717711
1852562
1716164
1921268
1602958
1528870
1658891
1612563
1597914
1595535
1584421
1553770
1515237
1675561
1794273
1765043
1676245
1551001
1352437
1591012
1699275
1718493
1657135
1774601
1693145
1807837
1756959
1712256
1595121
1686858
1728385
1747657
1837919
1680582
1723042
1767652
1898686
1660309
1645634
1455355
1804970
1622002
1681479
1867746
1768773
1656204
1589560
1656084
1522404
1825170
1509233
1635485
1726393
1490201
1478870
1404241
1686551
1678701
1483640
1500617
1842798
1696554
1424776
1415811
1624136
1614622
1827740
1223082
1511344
1533060
1388452
1701123
1767974
1228272
1479588
1193744
1306040
1478522
1556609
1595846
1343966
1532680
790908
1245446
1012701
1122831
1061072
1516262
1086368
1128005
1022984
1009745
1480386
1193737
962855
1240720
1001320
928481
850617
