142715
152806
153302
148287
154873
151849
152259
147143
153637
152516
153377
152322
150561
145318
148463
153910
152980
151553
149100
153909
153221
153421
149342
154670
147746
149358
153169
149425
148896
154518
154210
146922
149458
153636
148871
153242
151550
150978
144374
156555
146220
182451
147605
151669
149629
153197
150430
152524
155777
149038
154922
148331
153605
148585
149384
153266
152739
151863
152906
148369
153584
154164
149011
153439
148697
153783
156311
152133
153046
148031
148308
183909
153381
153467
145172
151907
149681
152283
149805
152866
153491
152590
154325
177535
154132
146942
149514
148889
154450
162079
149065
153508
152996
153342
148980
149492
149772
153750
152877
149517
151976
149761
149688
149022
151526
153921
153841
147879
153071
149532
148572
149352
148968
151613
148570
151764
154108
153597
153374
152332
149094
149494
153948
153082
151042
171971
149260
143658
152772
150360
153100
151966
153478
151417
148563
143440
148760
147824
155687
152930
153161
148007
157419
152644
153500
153763
143984
154304
151947
152756
151758
148995
152605
149552
153396
151586
148563
149192
153549
153486
147397
178302
152938
154409
153346
147702
156532
148800
153249
153522
150856
150771
148740
151585
153873
149731
144877
152208
150259
148362
149057
146485
156313
148663
148713
149647
148769
152714
155254
153509
153284
151694
155075
152340
149316
153219
147123
148953
149890
149003
153733
151895
177673
148353
145009
153675
153245
148594
186691
144602
147615
149208
148613
150553
152803
153367
153100
153072
151478
149514
153005
151574
153633
156330
148066
153716
152759
148347
154893
149240
154377
179381
152340
149326
143984
154725
152645
154274
149541
149331
183203
154031
151442
152224
148299
153523
153789
150724
148219
154931
148330
147952
152675
143879
150615
153925
148343
148690
171687
153942
152902
152495
147361
153069
151837
152220
153328
153612
150221
146592
152187
148352
148929
148555
148328
183944
149534
149079
148355
148263
153381
153583
151378
153173
149094
148072
144992
152881
156607
153995
148039
153270
148952
155228
153068
153519
153409
151944
152607
152773
150365
144776
150948
151379
152030
145167
157456
148745
152796
153573
153334
149678
148676
154148
148539
152574
149912
149724
148695
149234
153337
151948
153603
153522
148511
153112
153079
149461
153807
153634
150605
153797
157810
146526
151673
181097
150677
152858
153394
149790
152849
153118
144218
149011
152740
152850
154209
148349
148544
154587
148314
152662
152943
147884
152137
153600
152847
152874
151404
152959
153391
152692
156788
153155
154624
152675
148372
148881
154140
154007
151805
148507
148801
146033
144538
148401
152695
148216
150929
152780
144412
148463
149978
153669
152127
153566
148868
152923
154028
149548
154848
148658
154333
156398
153581
153890
156337
148696
148973
150162
149066
156653
149579
145807
144503
149008
148596
150152
148212
147950
152418
147099
149014
149665
148409
153558
186339
152715
148692
152516
157759
148311
152640
152518
152627
152844
152986
149050
148701
150856
154553
149028
150898
147978
147111
156072
153020
152519
153364
153303
150239
154808
152769
149615
148967
148904
148531
149971
153038
152667
153286
154069
143535
150560
149167
153486
153168
153540
146288
154999
153685
148504
152274
155253
148369
148872
152692
148471
151139
149254
148648
148728
149407
153047
146982
155816
154965
148893
149694
147038
149374
153961
152924
153452
147034
172086
153480
153540
153181
153039
156336
152783
153012
150720
150202
153839
148883
149268
154376
149472
152326
154340
148397
147186
182496
148984
148631
143771
153425
153317
148304
151542
150038
148823
154439
153899
149613
153087
147368
153881
147634
151571
148467
149450
152875
151040
152886
149966
153939
152831
154292
152029
153868
148933
152675
155383
149074
143845
152810
144085
145643
148428
147709
152747
153502
150387
148910
153648
149574
151373
153313
148331
148336
142000
154786
148823
154006
149301
152768
156855
152747
152684
152385
151197
148648
154011
153653
156625
153240
155699
152028
154270
152857
155001
150648
149168
148873
152523
148539
152812
150643
153650
156070
152631
149653
148377
149689
154371
151540
143773
149257
150035
154012
153029
148435
149286
149262
149362
149098
153445
152057
153533
148144
149988
153097
147054
155057
148171
152757
147513
149199
152199
153526
149653
148356
152508
157779
149663
154389
152923
153363
148395
150752
153716
152457
153112
153664
148753
153184
152645
155396
148486
153700
154075
144518
144162
151216
153075
150916
178761
149551
153204
152057
149305
151705
149962
144789
154158
152844
148320
152575
153435
153123
154791
150244
149801
155092
152937
147472
153861
148282
184467
153508
146563
150851
153199
148323
154122
153576
148523
154240
153590
153303
149067
153314
149038
149946
153144
150022
152209
154600
148992
152034
149287
152366
153522
148440
151981
153905
150317
155022
148293
150517
152632
148303
152995
153318
148451
148150
148482
149587
148846
153082
148049
149552
152668
148090
149041
153459
152001
153303
152463
149026
152473
149043
148225
153162
153414
147761
147041
155681
148742
154938
149136
152080
177038
148657
151513
149351
153991
151272
148990
154552
152965
153271
149744
148771
153330
153732
150977
154325
153286
152330
155346
153392
149914
150026
152607
147863
148768
149676
144178
144162
148425
153920
152930
152071
149857
154682
149347
154374
149042
148942
147816
149587
153476
144006
150075
152919
154262
148991
147165
148788
148399
153342
152760
153266
152435
152797
152846
153309
149559
149184
146738
153581
149219
153389
148742
149495
153757
149355
153146
153023
153060
148885
152958
144295
154550
153242
153413
151291
182661
154131
153205
153726
152868
148831
153028
152873
149612
149006
148577
149234
144375
149349
147979
152428
149940
149610
150582
148174
149259
153745
149171
154004
152982
147957
151983
153213
150882
153471
153530
182816
148622
148385
152537
148532
157168
153647
148481
148935
148125
155399
148710
153577
148136
148534
152332
153415
148879
151687
155074
152791
147930
153192
144395
153481
146558
150275
151383
148931
149309
155285
155603
148995
150433
148854
153264
150158
154129
149341
167881
154922
152633
150769
153768
153188
153298
156308
153923
154332
146937
151277
152791
153588
175632
148684
154467
147941
153460
145484
153138
148379
152661
152019
144133
152777
152972
152932
149026
145851
153852
153540
152900
149528
148876
149253
154244
153191
154922
148639
152950
152000
150345
152729
148798
152957
153764
148377
154712
153649
148263
150670
153996
153706
150516
150261
149377
153322
153677
147639
153120
149091
144308
149390
154415
149602
146776
153166
149140
153713
149005
152814
151732
155520
154207
153767
147218
154463
150150
153307
151453
154586
148653
152483
151668
149915
153679
146915
152158
144410
148931
152334
154823
147983
144261
155005
147872
151095
149948
153937
148631
148702
153022
149432
148813
154263
153093
159496
148499
149359
153571
142245
152615
155620
153308
152975
155723
149103
153684
155152
149582
153676
149447
152540
150550
149455
153835
155318
150035
