249375
304369
387540
396402
398282
457213
482435
500946
491183
533794
556188
541117
529077
580719
624382
643864
605212
631122
499539
556029
746025
689726
783683
757041
780164
725222
696004
529534
850058
792001
775598
735978
741785
899782
866903
863678
776362
720929
799837
990690
681089
760632
941065
879720
782234
745954
786302
822359
707843
848741
1068163
861268
923158
1112736
727514
815224
854854
702726
1069946
792374
968172
1117105
800812
711451
996980
965197
998955
853444
913300
863582
928312
1199991
633290
1210753
1003274
927685
942701
876013
1169064
914529
1111966
883679
642208
809859
1011614
805366
1245406
1252156
958704
1130104
1011955
929015
963296
907995
1066043
1071053
744719
951493
878146
964782
960158
1049520
987669
1147854
1082483
1136604
1008151
1072486
1064403
971858
1063338
975818
953207
978191
1117284
792957
704571
936778
1080802
1180125
974516
1026655
965510
1248526
1092796
1203834
919032
1074215
843725
1003103
1053016
1263464
1000391
1267969
1122211
1273389
1125049
1235955
1192979
1058291
1166222
1077143
1076110
1152982
1232796
986731
1027634
1207405
1134862
1175082
1185037
1072978
1187787
1039527
1000729
1183075
1096152
1066281
1126813
988331
1195399
1107341
1116157
1090142
963743
1116128
1026673
1137444
1171170
1288002
1139619
1191324
1240008
1184184
1277767
1178470
1120849
1375547
1240451
1184257
1179368
1275221
1029337
1268325
1368421
1154335
759810
1364093
1255849
809801
1199533
1192052
1208375
1124268
1176965
1101396
1335676
1125757
1220606
1340842
834791
1235281
1203936
1275233
1355223
1081054
936685
1119868
1229138
1291624
1188470
756166
984761
1191028
1197885
1148419
1246464
1181332
736165
1174130
980434
1232126
1175264
1209614
1071654
1038541
1216168
1151945
1224419
1256175
1151634
1092291
1215741
1138600
1195228
1172224
1042864
1116088
1071854
1147553
1216253
1154117
1112986
1318071
1137599
1241364
1071707
1002671
1163420
1100620
1099876
1198900
1220707
1283973
1071159
1155765
1195665
1064760
1079603
1065427
1265310
1110100
964784
1146654
1204572
1235906
1325341
1171013
1211368
1127756
1170442
1166098
1082655
1140152
1287438
1028330
1151708
1220000
1249610
1132416
1227162
1139465
1109435
1214714
1344457
1096300
1142034
1198466
1188486
1324365
1036261
1093970
1146753
1342814
1211764
1030781
1104800
1136223
1153268
1015803
992978
1028035
1276648
982350
1005900
1170292
1100597
1172229
1091066
876035
1167925
1104781
1091830
1247675
997072
1181565
1158516
1056539
1118821
1230198
1092994
1143174
1028739
1021712
825992
952068
1200707
1020688
1161364
1168339
990765
1060021
1168739
1048581
815016
1089425
1151685
837695
1072241
794502
958545
1053916
1067807
1027839
1155662
1211266
818471
1069763
1131669
925328
1043959
1124111
1113044
860500
699633
762316
1052893
1159073
1151864
1021269
1038903
1043220
1107710
1180069
828044
1025738
1002171
739741
884862
1029843
1075957
864150
791904
1141307
1042779
735912
701109
1035870
1092585
512695
916033
1062255
1151424
928593
1083229
867952
979533
1170480
974411
863597
1167298
670918
1051010
529947
869546
904086
894242
1012911
986343
791835
974131
821992
718121
597991
699937
866568
941390
716289
622747
1027569
923973
996025
790319
923728
752511
750130
657598
825845
974020
756334
711545
834044
822211
883902
744282
943979
944685
887947
804569
779455
921705
847047
830862
878868
883951
918708
883116
926360
857170
958498
965530
959901
915775
939961
929205
975293
811902
916016
980391
697839
884291
992322
1048777
960350
984507
955519
1015797
997904
1025734
1107781
1007132
1023920
1120006
992552
946680
1069256
1157378
1019298
1036093
1125559
1243892
1192636
981224
1058150
1103448
1026598
1092932
1067826
1080137
1361410
1112443
1102915
1091529
1059665
1394625
1100825
995614
962890
1227958
1191929
1116984
1112018
1281839
1176125
978673
1396507
1272199
1064939
1310728
1269720
1253560
953144
1017702
1067122
1338698
1028956
1283565
1248127
1187647
1125186
835897
980425
1154785
1096743
996071
1295730
1112390
1225178
1128596
1199930
1247983
1174307
1151279
1216013
1127272
1168485
1039493
1183207
1204210
1027092
1255489
872124
1166298
916164
1084531
1251026
1275779
889476
1171863
1149351
1063171
1259030
1313347
1080528
1323335
1207733
1142766
1097177
1084316
1011467
1300047
1075557
1184066
1126343
1112117
1159829
906143
1202533
1119277
1165160
1057380
1210634
947275
1181980
1140524
1187272
1174703
1100068
1083457
1024119
1132090
966452
1067921
1125573
972978
1146954
1175677
1240474
1098549
1067384
1049891
1010137
1176692
1273034
1065734
1272589
1204631
1114549
1099830
1172143
1086449
1236618
1296389
1223223
1200823
1081737
1152707
1134088
985687
1031815
614909
1142997
1310180
1276322
1153825
1043774
1212151
1252212
1138603
1197746
1139808
1296224
1211123
1335987
964138
1354812
1217317
1223846
1306673
1158630
1268809
1174757
1223879
1295079
1228491
1229208
1282338
1200059
844081
1160778
1243882
1326582
868431
1240262
1291476
1223569
1157868
1191707
1316398
1210062
904358
1180530
1229221
1268684
1220348
1053665
1310627
1046157
1103541
1363557
1264333
1278270
1079101
1051150
1106116
1096134
1265661
1200282
1209052
1063692
1087734
609523
1145650
1236404
1236051
987270
1212881
1150488
1151416
1131796
1084052
1051508
1040560
1402688
1292443
1187279
815905
1211670
1135005
1112897
892061
1316666
1108551
907364
1129919
1272241
1132084
1062796
911862
1203983
960000
1303521
1364707
1220006
1127714
1382850
976264
1152304
1314413
1054021
1121633
916282
1185594
1187562
1105106
1004294
1146561
874046
983941
996044
1234175
1180251
1145723
840146
1124168
1120443
1114474
1024255
954864
1120190
953240
1080000
1153036
986556
990393
953451
980149
1056118
1148099
949955
998796
963003
1089611
1001331
843562
1087490
886218
968490
1131895
1057203
934213
1099953
1184924
970721
886556
1076200
1154679
1003896
1231668
1020615
1094510
837431
1148684
971505
1174821
1024316
1106458
1140880
901249
1069902
1051890
1030009
869696
1119611
1043847
1089302
897779
1081930
1079192
1140749
1045194
1088458
1212275
1055377
1115912
875675
1115597
1008229
1081835
864581
1290314
1128531
939503
1103726
1034136
1130794
1108455
1104289
1262727
1070252
1174391
941626
1037755
988573
1056066
1110694
1092288
708951
994067
1068037
1104823
1069799
1192066
1111398
994855
968266
1088580
1087681
999756
1045323
1204136
1036327
1075836
1029633
1040079
1067593
1120525
1058574
947459
764891
964166
1118673
1162465
1054350
1113788
1055829
952820
1023472
674652
1087855
1023828
1099967
1083558
967762
1067837
1135934
1084131
1162118
1241309
1090269
1009892
1113225
985284
1115364
1250261
1251092
1103925
1123410
1088275
972184
932041
1259541
1084394
1316336
1159472
1068456
1155775
1157705
1065422
1246513
1180635
1284550
964407
1121056
982120
1254796
1202965
1085928
1140011
1265977
1239140
1244093
1125605
1152631
1112960
1100882
1099837
1184055
1171817
1242767
1161959
1218214
1154645
1206935
1056084
1251868
1171792
1263946
1163657
1113948
1255806
1038319
1168241
1191515
1206705
1141150
1227745
1136181
1203813
1196387
1209577
1136096
1152985
1025285
1248381
1213135
1283034
1131728
1183876
1260309
1220096
1235986
878312
1299752
1231732
1272202
1168252
896028
1118982
1255836
1073892
1254708
1235156
1206911
961108
1196907
923959
1249229
1180104
1249538
993862
1062185
1199734
1226955
990904
907680
1043919
938305
1072591
1213723
974548
1011058
1200448
1281416
1193421
1249645
1211433
1194522
1299446
1195058
1100021
1080027
1132078
1087847
1244070
1064369
1108234
1165536
1236564
983752
1149195
1152741
879860
1264299
1100872
820199
1219337
1242618
1137206
988298
1084493
1179809
1064954
1159212
884367
865982
635595
977312
1040431
756745
1059220
1007767
1069588
937075
1083784
889123
766980
1055397
800592
927680
813548
784226
762286
655580
736683
924787
672459
633656
903061
633612
