245767
245057
233182
245713
239330
249179
242727
251482
246701
255644
236057
249400
253510
232397
245890
247885
245845
249180
249093
249610
243864
252035
246746
247949
251085
243106
234987
245916
251068
246054
251330
246799
251893
250164
248997
251436
248304
246876
242610
248021
248256
250487
248216
247625
247345
247167
247363
252087
250611
248162
249142
246170
250336
252343
247172
255088
247855
249154
245624
247401
248431
230074
251696
253362
246726
246549
246726
249388
253254
247677
252584
253796
248001
247642
262601
247909
247157
239624
251369
244493
246810
249883
253620
257353
245037
246743
252197
243139
249764
249547
247982
250911
250556
248005
247248
252015
250578
251416
247977
245728
246207
256859
261757
249045
249936
251677
250234
254238
245662
251627
251782
252042
250895
251702
235440
246922
254938
248628
246899
247307
248078
249309
253934
247403
247462
251995
249180
249542
229371
230084
248382
249418
244321
265107
249912
251031
251097
233696
249064
250222
256582
248673
249170
245493
248130
234464
248177
250715
244920
251261
230266
242330
228694
253052
246774
250573
247543
246947
243961
236097
242373
246242
245670
246972
247710
247254
252379
230801
243795
254712
251152
246677
248906
246807
247532
247278
247224
248333
246724
251942
252154
242759
247811
246815
249434
225320
249573
253271
243392
249616
241925
257337
245349
249583
247485
249884
247701
242231
247632
248936
250879
264089
246051
256475
243444
256111
247147
246974
248344
247027
243698
247716
251703
246864
247036
247893
252000
253185
251067
250104
255728
250353
243773
248605
248937
253028
241555
247604
247520
246109
251979
254710
248944
241616
251755
243182
248024
247170
235424
249345
245862
250041
248968
249190
251456
249416
249513
253739
247678
248965
245872
246550
249801
245132
248675
246823
249590
249974
248887
229422
247531
265588
233434
232319
246387
248251
246739
247844
248180
248481
245659
247042
252380
246559
248043
252221
230973
247747
254538
249508
246049
247366
250965
255691
247755
243968
248995
247336
250115
251490
248756
250527
248438
250043
248971
249730
245281
249599
248997
241745
249420
246123
247239
247333
247889
247292
252003
250773
245678
249362
248144
248129
234088
248676
246635
250151
251437
258498
250976
247257
251890
242394
249593
245455
247640
264218
242365
247892
244183
251525
247219
256244
252667
245980
247780
248468
245988
248008
247390
249270
248976
249871
249078
248370
251858
255387
245535
248754
252555
249143
244899
247993
248116
230739
247839
247938
251337
255058
235545
253600
255191
241215
248109
249063
245660
247651
231836
248278
243343
249350
231653
249110
250112
245326
246868
245040
250975
247220
231219
253275
255445
251019
239586
248408
247360
246568
252097
251926
251507
253122
248790
250248
241685
251008
247689
247222
268346
247121
251845
247532
245493
251950
261554
246925
247877
232438
246638
244224
251171
250903
248749
255749
249051
249546
247514
247820
247499
251605
247843
253230
249632
247324
249301
245639
249062
246230
251831
247780
246432
252098
232012
251241
249349
251581
247563
245565
251868
246793
249623
249551
247263
249554
249447
247675
255612
247053
250303
246054
225887
248645
247084
245915
253677
247486
247800
259485
246511
248644
251187
249214
244880
234727
249155
250868
244992
242891
249013
253905
247231
251621
253407
249363
248019
249214
245661
247164
247440
244056
247542
249420
245674
246756
252208
245104
244938
248273
248087
254573
248120
248406
250092
247444
249978
245583
264329
234966
246949
232843
250139
255907
265340
246733
247144
247057
248393
254654
232301
247419
260711
247594
251506
246994
247690
246679
253411
247737
249723
244502
250590
250953
233479
254662
251083
226553
252233
255585
242797
247127
243850
245349
260159
249262
247784
249702
250102
246903
247239
253328
247535
251927
257314
247406
243448
249768
248866
243721
251660
235632
253869
249799
247533
246798
252294
263054
246911
248451
251485
248502
248053
253409
247221
249488
250388
246961
247615
249415
249601
252020
249579
232941
254979
247960
230955
247911
247544
248019
247534
249238
234481
231450
251140
247769
247010
251542
245425
247521
244834
244514
248592
242132
247111
243922
237754
245933
246557
247501
249692
246729
242878
246235
246127
242219
247252
251768
242607
255346
248519
251382
249495
247222
248375
247873
244837
247311
245815
262885
252484
244672
257624
249310
255176
249378
255750
247269
248663
255199
248423
246961
251933
239432
251054
246907
239577
247033
248704
248948
249477
248085
255395
252181
247017
249487
232917
247603
248223
251447
251373
244427
246447
247927
251675
247799
255811
250811
244591
246894
248172
253195
249408
249318
250102
247354
243149
241473
253183
249934
253259
248883
252539
227766
245528
249544
244753
251674
243248
260187
251920
248610
249505
252399
252307
245067
247583
247694
253650
245286
249907
247754
257235
248517
250520
251461
249359
250221
250913
252062
234754
246729
247755
250331
249721
251918
251620
251492
255700
252844
251631
249584
247749
248394
247894
234671
236014
246130
247378
248354
247461
247157
249552
249413
253811
245810
246998
250822
254577
249299
256001
247496
249279
245990
246519
250008
250213
250901
252606
232747
249093
232043
246907
250979
247331
247423
249455
248194
250369
250138
259724
265550
250152
246990
248014
251609
245151
253701
256550
249436
252415
263999
234385
251141
252402
248124
251816
246815
251680
247092
247024
247136
247799
252081
250358
252688
247544
245090
254137
246897
246750
250420
237154
249981
244724
251806
248590
247361
250907
249631
249075
245940
249571
249126
252727
251792
252300
249425
247803
249687
251796
252894
229060
247354
248304
227696
249542
248945
250070
249968
250020
248438
247561
257697
248480
248612
249636
247173
247303
246992
254097
255159
249740
254134
246723
251146
252816
231926
233858
248247
247061
250103
247003
251178
246649
247101
233777
245619
252998
245112
267248
229973
251469
249053
249539
230848
247981
243879
248750
251559
244825
248807
249707
251313
249593
252864
251778
248357
249288
246636
249829
243775
247726
253462
249469
248487
250212
243888
245498
249716
251328
251477
249741
261720
244440
230493
247097
247331
252040
235420
249181
230189
252980
249831
230542
248915
251317
246355
232127
248180
233729
249381
249278
245982
251267
251949
247666
244269
246432
247671
243253
243302
249259
245867
248748
255577
248729
248413
255148
253704
241796
247442
271530
247728
251647
250468
247768
251211
256356
242226
244987
243072
250776
262079
245857
249212
247405
245841
249053
249094
250006
256741
248768
247299
248005
243568
239570
245204
245866
252348
249895
255105
248020
248881
248978
253290
245254
250053
232966
243413
239727
248417
245005
247656
251245
249708
247973
246935
263877
252444
248459
247336
247163
251765
249728
247525
251770
240760
250163
246713
252135
244092
262463
249981
235001
242479
251786
247344
250881
249754
249966
242329
240106
247438
248176
246913
234346
244897
252383
246488
248404
250710
250038
242123
247360
247693
250715
253682
252770
249318
251934
246222
247310
248326
