198119
208310
244825
258461
275132
215142
315772
409801
432634
446845
440031
400322
466885
301927
379446
320562
505117
503157
508435
360050
563717
600050
314768
343549
611050
503711
350235
602182
298420
441152
535995
269712
392510
411778
602028
517738
595527
606679
411582
464036
322021
504534
622191
452280
510332
512198
492017
338261
481931
519957
419650
405050
501043
240754
382595
372330
364736
419330
408830
359941
455503
369854
351637
379673
474789
416353
360557
374342
407770
448573
428453
304595
332184
330339
499383
491833
490492
469018
348471
440233
505165
468022
602561
607314
407327
576106
375324
560231
591040
415180
588190
567450
600102
628338
283354
612643
597839
536073
578535
507918
494830
579845
638439
517544
745192
620378
639901
487888
780077
597542
739759
600923
828386
815760
603863
573495
736245
673836
848972
503656
497924
602884
682833
599973
785088
812395
836828
794804
753699
591084
750361
805647
683315
839967
854254
427307
776250
756176
750023
699267
629302
716237
778143
690715
651388
732291
618007
586466
719743
706543
671958
535952
513390
756490
526974
651965
527882
524134
666259
803572
582867
822613
519578
605730
568502
641244
534026
792936
760371
723938
836271
453485
567152
712319
632273
587907
562917
546002
657883
376216
495856
615715
663556
343483
664401
534510
620951
468513
603913
723758
374310
638699
315490
695565
602042
673371
747771
756154
542896
610420
527505
485553
459632
626557
694019
611904
507807
560219
586761
655997
714670
576129
716168
606615
604299
635095
632934
655385
667283
418221
655490
667913
524805
529971
630561
676460
626847
579880
542170
654408
542433
364583
367308
566835
360102
610933
712756
649162
586353
492275
764708
715636
755629
705314
624055
678422
548260
431702
686861
530534
607118
555055
527899
664362
707479
664332
429728
607974
448341
584836
566269
461891
492167
634137
712075
715058
555935
343373
621070
667348
628772
464833
581357
527414
643993
582169
447854
655093
528049
584172
719345
610450
392361
471929
407956
572667
581398
563355
724497
544550
645630
580378
652487
669367
672313
731906
700637
563229
543510
541277
496041
637608
734750
623471
635919
556751
592127
498006
709281
529192
600227
715633
569366
524609
619932
626231
707299
501371
672070
475756
598637
613494
563461
608148
700449
629961
475634
497259
528947
485510
507880
673425
430421
581541
704259
300964
674866
615139
542807
643666
509499
303900
704017
564242
440268
641317
337064
630230
547976
558579
623429
586588
318377
402429
552460
581747
467796
600764
321526
413385
479903
479877
429409
587833
602600
467418
535877
398144
516899
475628
505326
554473
359844
434128
488449
470911
524302
396097
472578
360115
577848
393067
570578
447325
549340
416862
470852
297199
543944
420457
421791
640263
528119
666134
396169
654560
550415
336960
592046
268613
529609
353420
442478
488777
234045
601263
363604
388476
439733
366201
493238
469920
455047
619290
622126
349632
472066
398340
474955
452024
249978
468036
453199
371989
538164
312226
435394
471883
461615
575581
558740
504255
571236
277910
646520
500180
318475
404411
653157
592893
632684
375194
471857
528362
643159
592685
459296
525659
561176
644865
432342
443456
511435
636047
477811
559347
579413
572192
491371
470073
591942
545721
556262
532944
530341
706166
673426
804211
616989
564361
626235
667655
607666
602157
791744
695630
540299
600755
428226
415039
565801
646126
777127
697184
753009
400302
687509
682505
862150
623972
542005
715599
689470
613496
537632
499139
628765
684452
476096
586478
675524
416903
523926
507090
711524
654269
719903
534869
559912
628876
540440
535137
604846
430082
360002
558064
411155
779570
608335
828378
694335
372739
712200
633712
476332
612169
396526
671955
640162
696314
680711
616620
655060
479922
549521
684436
451112
674119
697858
321606
676205
566024
531202
702912
492139
682003
787330
652115
740553
639793
519504
669640
521197
470258
559871
681448
572531
777658
687983
668552
699725
508097
551849
643659
633256
679286
462719
575780
593265
642753
741164
808330
612079
488587
577776
633363
721265
560109
611956
560920
495768
498406
703377
647788
431478
720467
584383
668009
664077
731411
595805
643724
602494
483885
646692
508268
695799
613424
510598
626293
499519
436016
591414
397981
613916
656253
547814
513542
623053
697633
355784
559471
609321
597562
283922
422560
711820
670448
758839
599726
671966
584324
530192
760855
691734
596623
539260
588333
626603
646380
580925
555160
557974
522329
620950
615711
348020
436085
572489
611357
637786
692825
486170
575453
577064
637436
621213
615296
371736
696390
568010
693153
643852
503878
656366
487928
574422
532074
699395
682262
603448
540229
550640
447150
603352
448228
760589
585899
644014
773278
654259
582506
663493
400610
751106
484628
652891
708737
678205
529695
683322
608519
320904
711895
567295
516779
515505
469326
531166
748476
725749
583372
755607
606065
750739
552872
331447
529138
376130
575902
485979
542325
351802
460484
361372
476131
603388
534054
568218
282501
469153
592344
379614
487267
536360
452164
489728
419837
435041
327839
518996
427628
550202
540780
458555
502869
364338
524775
542011
475108
361463
485505
548754
439818
455457
513592
432917
352427
548596
451829
371328
396536
519505
447935
397198
585668
478672
465356
358396
583210
387311
659636
562522
392080
485588
470300
505709
511905
565274
478272
596265
499917
533520
412326
533288
672143
434449
560256
552310
627053
441290
531124
570771
323145
339457
515539
607987
519971
518874
284568
446291
471594
508198
643533
527621
353157
489937
637259
451829
372175
398231
395879
604103
714419
340989
310387
493115
636753
654446
477295
691879
299798
372912
585972
448236
439784
636192
631663
639325
599443
634812
497554
564275
558652
618341
760078
758563
625855
512163
640811
722574
815823
601352
717594
705852
665516
799643
543969
790413
843302
689875
812666
671960
820227
622433
730435
817600
762386
668830
780815
871626
778805
701278
912580
813454
920239
819098
922688
811246
751228
865478
799765
833613
791165
695999
734020
673165
621788
860496
775856
892656
734380
595462
870869
607543
520242
760189
895893
763927
728741
797920
874073
809259
761821
755915
712473
664838
778621
822363
772337
888855
696215
766944
609533
683462
603980
912027
763700
904170
587925
761030
684668
672989
696103
795741
648170
843815
575109
718083
675079
760876
865731
762377
516095
549650
644813
806440
716979
339282
705296
754104
757037
702666
695941
702072
674583
635736
608665
879356
743905
796756
686651
727797
664617
653625
725328
529413
873181
800697
663184
652788
697139
535931
756413
774261
628994
658199
488527
753191
603271
608100
743304
584949
668677
693032
677845
665081
622485
655018
656119
689768
447268
656119
597691
680420
664366
695476
617814
713957
572016
631641
722284
608914
792924
610950
425173
667002
606533
743281
759184
846481
641865
609337
588918
739151
566535
509849
766223
400191
604955
612455
519159
710820
348906
419569
436606
598063
601878
279660
351673
522805
321929
561399
591507
407788
244529
431145
294604
371729
479268
