80107
83819
86487
102339
83348
87231
84106
85156
84031
103585
85087
85015
82767
85941
85372
86681
88178
86029
86243
87378
83188
86056
86193
84726
88240
86597
82951
86163
88185
84524
86623
83194
87084
87181
87162
84397
83062
86710
88863
83115
101272
86207
86514
87507
85364
83814
86923
87311
86839
85619
84574
86398
87906
88710
85148
82561
84641
82382
87977
87301
83302
81570
84608
84634
84793
84005
87705
87184
84139
87613
82575
87786
82798
102589
85140
82303
82436
84168
83170
86735
83963
81602
85056
83963
84594
84597
86930
83613
86205
85193
83718
86266
86478
92809
80900
85308
84118
87580
88501
87110
82227
84262
84727
83185
86686
87205
86442
86209
87569
86359
82755
86837
87513
81591
85572
83813
82303
83139
104046
83997
87453
88091
82784
87275
83511
85661
82574
86757
82237
84331
85440
86281
84986
84395
87815
87069
82970
84312
83080
86194
85723
82765
86151
87193
83602
83041
86867
84538
83110
85658
83547
87137
83894
86609
84865
84196
86682
87374
82932
87125
87076
83410
87426
82418
86400
99043
88808
86458
87980
86671
84245
86571
86939
86149
86907
84760
84071
85645
84925
83098
82821
85005
86741
82495
86644
88828
87213
82593
88021
84506
81061
83894
86301
86783
86939
82476
83541
83949
84250
83853
85813
82961
86069
83367
89999
84237
87800
86360
87712
85870
85233
83148
87370
86988
86079
85986
84919
83423
86744
87260
85175
87389
85279
85228
91220
87239
86072
85063
84272
86719
86140
85128
87422
87064
84517
86136
83130
83759
86708
82083
84826
85108
84210
82592
87554
82103
83646
85775
88429
83285
82420
87790
84241
88206
85452
85516
83661
87270
83118
86193
87292
83166
85100
83793
93372
86298
86756
86055
82341
82726
82750
82998
83744
90291
83066
83352
81511
86612
88286
83546
102586
87996
85845
86965
86812
85685
83756
87338
82535
86461
84267
84664
85007
85218
83998
84921
84690
86591
83061
86075
84596
83105
84013
85976
86642
83093
88373
90183
83462
86637
83384
82711
82177
85656
83468
86632
83517
83364
87828
98860
87597
86805
86306
85864
87249
85030
85762
82488
85966
87139
83627
86681
85219
80788
86097
99543
83755
100701
82079
83288
83399
82108
86526
85628
84283
86004
87059
82904
87108
87979
84281
83486
86047
83537
89386
83553
86135
84609
84437
86568
86392
86931
82692
85141
85657
82467
87368
83826
83684
87324
85300
83478
85905
87322
85839
103233
84179
84004
87799
87266
83477
84486
82597
83013
87116
82812
91075
82393
82355
86622
83156
82147
85229
86573
86737
86435
85177
81246
84345
86822
87811
87139
84611
84012
84807
83491
84058
87086
83265
88230
86606
85035
84051
86810
84796
87299
83785
85730
84848
87698
87356
83604
86157
86424
84950
82298
87413
88491
83323
83979
81936
85756
82311
84080
83110
86673
83029
86758
86212
86729
85329
87483
87037
86235
86653
86320
87867
83148
102715
86856
86214
83257
84594
87173
85971
84892
87296
84406
85505
84471
85736
84963
84885
102758
82990
86744
83457
87617
83502
86750
86355
87470
83334
87948
87317
83288
87090
85424
82784
84358
87459
82748
82274
83147
87797
82889
85066
84611
82905
85293
86183
83178
86595
102499
82701
86514
83952
85250
85533
83003
87138
87185
81632
83215
86969
85141
83732
82934
86544
83090
88486
87063
85892
84846
84057
82643
87282
87605
85949
85816
84122
86089
84169
83787
102594
98996
86758
84504
82703
87466
83250
85273
83431
84445
82159
85082
85037
86681
87682
85193
83355
87058
85497
83614
86840
83627
87430
83189
83699
87399
86616
86747
86073
86015
82841
86978
82993
84465
85133
87519
85811
87994
85462
84806
86508
83132
82888
82774
87498
88743
86821
85995
82915
87086
83275
84602
87666
82255
83133
87466
83229
84581
86458
83997
85910
87507
86205
97979
102664
83884
87515
86440
85461
84767
87488
83977
103497
86695
81867
85842
86952
84949
82456
86739
87169
85376
88134
81656
85842
83952
84971
83047
87048
83256
87190
84579
84072
87452
88430
104562
107033
83077
83158
87034
87633
101128
83058
81881
86360
82401
87325
85395
83568
86733
83189
86649
82358
82255
86026
85020
85384
86848
83101
87302
87850
84578
84206
83941
86686
84686
83793
88019
81898
86527
86407
84896
84377
88947
86386
81396
84792
84234
83285
88354
86934
87912
85655
82951
83975
86655
83049
87454
87439
85165
84603
83034
82898
86956
83293
87341
85342
84485
86065
82398
86449
87202
85023
83060
82961
85300
82398
83849
87404
84123
83752
87414
87594
100758
86590
102520
83682
83671
84889
103861
90824
88722
83383
87380
83547
82975
85236
87278
87368
83275
82772
82281
87457
83813
87453
83937
86862
86640
87804
98878
84137
87885
86209
86824
84687
85505
88439
86679
83499
87463
84351
84882
88066
86148
88548
85046
87261
84561
83578
83160
82268
86099
84247
88952
86077
84161
88104
83304
99902
84945
87715
86941
83214
85791
85398
84831
87522
87643
82679
88022
86578
85670
82992
85558
82917
86943
83365
88713
84414
83154
82640
83072
86183
83623
86791
83150
85025
87247
86594
86378
86974
83794
90122
84866
87130
87534
82747
84917
86376
84672
83141
88735
84357
85236
86421
85511
84194
84044
87226
86672
85694
82252
86194
84044
82341
87513
83951
86466
83113
84665
84950
85625
85395
88303
87258
83468
87492
85192
83143
86810
88605
82637
84424
87092
83979
86191
88095
86594
82960
88089
84072
85242
84399
83001
88472
83371
84438
86082
84873
99176
86266
85281
84294
83252
87840
87156
85913
86996
85835
82202
84947
88517
86534
81233
83045
86458
87967
83791
83091
86904
83775
86113
86501
84013
85964
89606
82292
87462
87753
101100
83560
84053
87325
83361
86794
83545
84559
87654
85960
85264
88487
88634
87286
86968
83831
101106
88516
85869
82955
103531
85757
83842
87476
89131
86494
86158
88594
83210
86452
86471
82390
82220
88126
85701
87610
83577
82779
83102
88740
83438
85838
83558
82856
86660
86831
84508
83511
87557
84455
82959
87567
84566
87039
86452
86867
81607
83252
87291
83044
85135
85129
83166
85215
85175
83139
87138
83080
85564
88822
86449
83689
88232
83230
87990
85972
84730
86001
84244
83515
85862
84077
83798
103764
86630
87755
86940
84676
88058
86977
87145
85648
85141
85025
84671
89689
83080
83712
86645
86113
82017
87478
85486
87037
83367
81828
87242
88231
85598
84893
83435
82893
84126
81191
88814
83081
87053
99504
87278
86093
99369
86708
83022
82961
82034
82910
83675
