813401
941424
1012992
1095274
1059513
1133991
1139551
1305821
1326543
1327831
1360499
1411391
1504915
1485872
1502955
1602336
1661145
1677230
1764756
1678216
1635696
1890868
1739529
1862382
1830180
1849662
1811467
2042138
1924234
2006006
1966387
1857923
1819719
1872560
2012674
2003314
2060533
2110931
1987541
2023502
2093707
1913221
2071319
2153533
2274566
2279219
2090066
2264142
2298083
2143255
2127081
2349973
2259199
2247037
2420531
2260306
2343717
2251942
2256261
2316272
2311867
2314523
2426798
2352244
2286824
2450886
2441455
2400958
2269843
2306805
2281990
2499302
2278113
2389195
2211601
2507244
2460541
2386610
2395080
2134024
2441124
2592426
2315738
1958150
2385189
2510812
2310429
2448891
2245346
2459458
2490418
2399042
2338532
2450422
1850818
2446530
2345976
2473810
2410472
2365137
2416377
2430929
2419794
2381864
2531984
2346699
2490907
2536209
2492338
2059126
2592191
2590959
2490815
2541999
2445033
2645570
2429133
2578248
2837512
2393399
2514984
2662385
2657427
2440395
2551387
2455650
2348243
2437403
2650786
2436372
2522556
2562103
2322739
2414231
2492854
2371732
2421059
2295729
2363818
2449339
2358390
2699781
2378451
2211628
2661381
2461004
2369997
2441931
2270633
2525581
2342111
2180754
2438648
2360502
2393483
2429984
2436889
2711853
2370334
2359611
2824149
2606218
2340624
2764528
2287993
2412566
2434616
2295754
2645874
2553382
2613640
2709391
2415299
2636440
2364860
2657746
2259837
2426316
2214021
2687494
2600416
2534009
2780895
2783264
2730116
2410082
2431574
2548005
2655374
2564864
2429108
2539814
2646762
2427598
2308828
2477047
2330996
2750469
2324501
2493796
2485075
2520517
2599546
2662989
2590673
2356297
2514352
2545882
2647955
2606038
2656378
2519520
2667590
2436979
2746592
2586580
2714025
2666510
2662504
2452838
2162977
2301570
2592890
2527047
2752209
2681742
2514982
2699133
2422509
2603512
2473499
2542617
2444178
2412854
2360688
2646232
2481519
2274839
2725954
2374830
2331761
2419245
2633653
2892232
2624151
2346239
2430971
2610085
2527459
2900872
2744998
2685216
2630073
2450718
2851305
2527350
2657944
2705208
2610083
2523718
2551862
2408136
2714422
2441938
2668933
2624306
2772004
2322741
2679348
2610052
2298825
2080868
2530615
2556314
2322397
2473130
2559436
2763793
2529397
2106634
2410905
2664288
2602103
2458247
2016898
2676477
2584082
2492258
2601074
2556895
2397614
2650675
2278627
2637560
2548888
2489920
2730442
2351593
2661802
2387813
2570599
2726923
2417004
2508542
2543289
2723511
2764712
2756777
2620317
2668099
2646737
2324458
2462404
2555970
2540812
2740205
2656707
2518236
2609434
2362765
2472796
2493536
2485140
2590259
2539013
2554355
2360928
2542902
2520385
2581645
2475594
2460716
2499105
2402350
2427306
2526432
2510701
2117441
2563778
2515535
2522632
2697173
2573934
2531635
2501268
2646496
2508588
2583706
2423829
2537982
2318356
2277742
2378080
2409323
2559556
2469660
2531177
2667562
2367902
2449592
2393141
2560885
2385674
2234621
2326764
2394409
2500566
2588228
2427673
2351869
2614599
2565673
2560928
2591786
2507251
2546359
2153252
2530158
2535967
2596533
2463975
2466398
2560558
2436865
2428826
2417648
2523013
2357997
2416105
2453646
2047939
2493703
2450533
2402133
2357801
2334699
2531994
2270572
2501790
2452246
2413110
2697497
2362307
2509027
2195789
2471689
2553433
2236412
2488458
2502677
2445755
2298674
2143956
2503372
2505734
2221713
2438104
2360100
2367817
2427096
2415273
2575195
2625708
2449503
2577930
2494626
2638234
2470880
2355171
2447412
2579563
2392419
2589068
2614841
2607497
2537915
2505463
2420791
2658370
2616020
2580788
2437054
2636809
2490135
2370499
2699362
2475579
2659689
2500786
2681782
2658609
2543116
2612261
2653039
2546763
2573167
2450782
2642106
2684891
2493696
2504385
2575418
2744239
2596071
2664015
2420629
2592513
2551489
2570536
2527009
2908227
2461803
2897714
2534997
2584201
2875422
2202378
2497196
2775566
2449659
2429585
2544987
2746557
2522694
2720176
2869932
2585037
2793928
2798089
2472514
2576005
2510736
2773764
2647650
2734337
2297295
2761492
2831698
2575284
2642279
2761171
2615062
2750845
2384362
2494510
2212660
2479194
2659609
2010127
2662508
2712195
2560059
2863246
2300312
2733558
2728645
2447289
2677386
2659328
2762230
2649743
2409125
2532266
2697291
2600023
2647828
2730078
2398354
2495880
2678806
2384063
2665172
2624201
2736515
2580969
2283112
2567221
2503067
2552458
2659368
2630205
2750165
2832151
2616304
2621820
2596574
2507947
2547978
2262328
2512033
2570053
2600210
2436434
2713020
2500020
2397510
2782348
2563045
2611992
2272494
2333848
2054946
2779121
2550687
2715882
2172417
2856621
2211206
2477374
2496865
2698801
2418054
2762022
2843143
2203204
2474034
2762811
2494095
2648432
2221482
2772253
2412951
2592310
2135528
2609511
2634959
2485152
2360209
2440342
2245235
2714970
2429834
2744773
2198807
2607103
2832641
2531315
2705863
2513773
2351330
2710913
2458340
2561238
2391722
2591810
2615426
2571542
2580119
2634851
2719991
2460990
2617177
2657736
2571578
2492363
2417655
2765051
2652357
2629926
2621642
2625348
2459262
2776930
2591570
2794864
2677397
2667834
2627804
2646776
2714503
2797850
2426510
2599064
2641288
2721414
2629057
2323856
2395590
2669235
2579692
2408371
2666919
2678098
2800567
2668484
2613204
2441764
2673089
2553336
2638742
2642116
2555167
2921119
2559952
2540391
2756518
2514532
2801244
2753441
2528089
2511468
2631625
2779174
2730663
2732812
2501810
2592833
2872136
2693967
2638617
2824472
2649178
2564438
2681696
2754772
2583118
2742912
2644923
2600107
2536664
2730370
2607150
2406300
2691408
2743562
2667288
2227160
2557857
2427362
2652887
2473377
2784536
2752574
2656287
2521302
1725401
2701686
2596364
2448768
2496391
2493708
2453326
2429363
2520914
2696523
2820317
2443399
2214837
2548760
2703687
2480640
2716264
2500494
2434516
2775203
2767717
2693250
2648206
2450905
2564728
2398780
2527968
2734311
2531929
2232175
2081120
2442189
2341633
2854551
2412109
2825534
2878311
2655842
2493587
2759454
2518184
2847308
2552845
2485532
2439695
2578969
2672300
2623851
2428020
2421747
2626647
2442464
2363979
2696038
2910219
2339624
2605750
2598661
2636111
2368701
2745287
2476881
2625824
2508591
2367812
2714278
2727598
2472082
2577553
2502134
2662874
2464611
2509674
2474840
2616853
2532505
2565310
2534484
2484823
2472248
2769173
2635304
2394576
2740658
2584052
2649593
2599358
2767112
2590174
2784440
2611244
2640781
2480813
2237403
2737456
2688487
2554640
2609472
2543080
2865101
2880251
2681620
2567152
2889601
2269645
2880059
2620884
2732191
2792738
2735927
2350783
2593382
2817507
2814246
2718174
2203813
2784133
2736824
2846043
2645548
2524916
2686967
2805550
2118060
2537599
2736329
2545041
1659864
2269532
2442868
2490222
2429132
2771870
2710684
2690718
2286126
2601017
2718234
2740130
2586415
2381250
2619097
2320270
2393793
2497402
2325131
2810345
2534554
2866327
2673080
2994345
2332145
2824012
2903549
2680111
2473399
2572493
2367957
2318855
2412997
2816162
2788344
2588060
2385895
2860564
2543195
2153925
2643542
2772648
2389278
2568526
2376434
2538313
2353442
2300260
2624267
2580872
2339883
2615917
2742032
2440365
2552116
2225411
2459355
2398324
2306245
2257361
2475541
2071767
2341865
2351616
2555514
2225335
2391446
2483789
2282674
2401026
2569372
2360926
2075706
2571574
2395155
2590458
2550439
1884223
2455195
2503543
2673116
2669040
1889329
2553748
2205029
2544901
2601364
2819564
2475905
2188961
2664409
2669574
2687996
2272451
2754630
2390984
2470115
2532924
2637053
2480553
2376770
2675403
2254940
2032355
2395799
2311301
2142965
2063426
2048530
2256100
2506727
2579948
2435432
2359136
2534507
2375705
1976852
2701927
2395627
2178128
2384138
2500635
2325938
2122538
2224852
2397621
2247722
2451648
2419929
2068007
2332667
2310508
2151901
2311154
2055151
2031530
2313044
2153815
2439892
1745961
2127246
2249997
2095691
2063164
1920353
2047506
1989777
2085263
1971097
2062792
1748053
1722943
2156709
1893745
1718708
1664099
1847268
1740669
1644634
1774233
1094811
1456906
1609855
1367993
1450482
1308786
1546385
1109054
1322409
1466628
1209445
1314936
1176883
1577097
1084287
1618718
1740371
1288046
