1113329 1066
1108846 1062
1109201 1062
1094192 1062
1113994 1065
1112067 1064
1108258 1062
1107112 1062
1107995 1062
1115636 1063
1108444 1063
1111763 1062
1111540 1063
1110193 1065
1108734 1065
1119231 1069
1113957 1062
1110584 1063
1109364 1063
1114804 1062
1121228 1064
1096399 1071
1111188 1066
1112970 1064
1116908 1062
1116444 1064
1109808 1063
1086585 1062
1109427 1064
1112148 1062
1109199 1064
1109733 1063
1108906 1062
1110963 1066
1110164 1063
1086437 1062
1108379 1061
1094694 1063
1112370 1061
1093058 1064
1109485 1065
1108605 1062
1107007 1062
1108743 1064
1111239 1065
1113255 1066
1090400 1064
1109072 1063
1087421 1062
1141078 1093
1120286 1068
1111144 1065
1110065 1063
1111036 1063
1110107 1063
1094502 1063
1108636 1062
1116602 1067
1106356 1062
1115703 1067
1113454 1062
1088100 1063
1121952 1064
1111419 1063
1112093 1063
1108619 1062
1106435 1063
1087692 1063
1116319 1064
1113131 1062
1111029 1066
1107227 1063
1125542 1063
1110476 1066
1108823 1064
1108080 1064
1111637 1064
1097148 1062
1123607 1064
1106573 1063
1110903 1061
1106443 1062
1110679 1064
1111080 1065
1111366 1062
1119172 1070
1089298 1063
1108705 1062
1114929 1063
1115639 1065
1087995 1063
1086256 1061
1093598 1061
1112314 1064
1114770 1062
1107035 1062
1105819 1060
1113541 1064
1111609 1065
1104976 1062
1119130 1063
1111361 1064
1114494 1069
1110718 1064
1095551 1067
1106337 1062
1095209 1060
1112145 1065
1108870 1062
1114494 1068
1108881 1064
1091530 1062
1117162 1066
1108158 1062
1094257 1062
1109638 1062
1111062 1064
1107434 1062
1115605 1067
1100143 1064
1113731 1060
1120674 1063
1111759 1063
1113660 1061
1107449 1064
1108304 1064
1089224 1064
1123664 1063
1102794 1063
1111758 1064
1093550 1062
1116480 1065
1118298 1067
1116723 1061
1109946 1062
1115453 1064
1116538 1069
1087065 1062
1113515 1065
1109625 1064
1109992 1062
1108912 1064
1088911 1063
1090282 1061
1109676 1064
1115922 1065
1116564 1064
1108592 1062
1091137 1065
1106063 1062
1095068 1066
1109153 1063
1118536 1070
1112152 1066
1090419 1061
1116848 1064
1110600 1062
1089374 1063
1110643 1062
1121254 1073
1089976 1064
1113589 1064
1109542 1062
1113990 1065
1108049 1061
1119179 1072
1109106 1063
1113526 1065
1109182 1062
1101102 1062
1090539 1060
1088561 1064
1108603 1062
1109017 1062
1109370 1062
1108758 1062
1091468 1065
1113670 1068
1087705 1063
1113268 1064
1110017 1064
1120240 1064
1092262 1062
1088991 1064
1117279 1066
1114831 1063
1090110 1062
1107901 1063
1111608 1065
1088340 1063
1111508 1063
1106605 1062
1117378 1063
1090521 1066
1115364 1066
1110215 1063
1094108 1063
1100383 1064
1109190 1060
1109696 1065
