235648
248699
249285
238175
255675
254117
255688
235339
238435
236016
253017
237288
256121
268733
254926
256495
251862
255191
253764
237950
248553
254677
268778
260774
238838
255151
233682
253048
252195
268871
249228
258016
256229
263017
237450
254776
253177
250731
237803
267989
248898
254144
252535
240472
249303
257653
242877
254108
236996
252230
237450
258386
241149
271043
241271
232911
252113
248994
250634
271744
254833
242029
238006
233415
243509
253316
270255
272470
271734
255554
259032
253139
256960
259823
252595
248700
256652
272712
235237
255288
255004
272672
251089
248791
254735
270107
249671
236318
253701
256358
233727
256669
253440
252388
257419
262180
255261
248839
257385
252805
250217
255149
232621
272209
255094
250107
235289
253472
240562
272440
271351
236618
250567
249920
257422
253220
271573
253266
261808
250710
268151
249605
254690
234924
248934
238545
270976
252267
237028
240783
241085
268328
271047
239450
232467
233608
251668
249462
236987
270535
255498
254086
253557
273221
234582
251889
241413
250706
263319
251044
240789
258828
255482
255944
261220
252461
237753
252467
252271
255794
270778
237681
256269
262370
251151
252248
240974
249898
252850
252731
260907
254153
251666
237506
252426
248679
258969
278905
260348
252671
252363
253316
270725
270691
254051
250765
251630
234767
252191
249756
255523
253287
254426
251256
248703
252808
248970
254021
252606
271119
271534
260830
251695
252103
250745
252729
258549
236931
237914
251217
237538
253468
259005
252298
236995
273458
272646
252956
268445
231795
253427
238365
258610
252703
255994
254117
243315
256971
274773
252224
256510
255729
241154
258421
275893
248328
249660
255218
253556
254346
271456
233065
254587
255497
269248
264466
250943
254329
256951
254854
255257
252542
252003
272888
249733
269818
255692
248312
254791
250803
256370
257252
253015
252893
252042
257817
269103
256070
233272
254436
254995
254326
253756
273978
253199
250541
233356
256351
254940
270878
249101
254074
236931
252769
249959
255853
233412
252343
268883
253917
271680
253058
253927
257954
239053
262204
261601
256829
257264
258218
237510
253622
252168
253972
250941
254516
238607
255823
247219
254765
258951
256784
238166
259062
232950
251581
257985
239654
253166
256513
256772
252525
239331
276692
237224
235154
266953
254746
254510
256556
255832
257364
271275
252262
254421
276789
248222
269413
252689
249240
242431
255302
256635
256630
252796
280675
253047
252661
253585
257703
253257
234982
252961
256043
253302
237935
257205
252281
233111
252639
253838
264948
253749
252260
254666
272187
250515
241438
241362
249929
250976
255076
251201
252234
234136
243720
236649
254910
241482
249800
238772
250716
253344
252740
270207
239276
253472
252692
249301
255914
248960
253760
251962
254715
235678
263561
237252
252924
272872
253251
252005
255423
254875
255374
256401
237359
244488
239323
240439
252193
269546
256726
237160
266150
255369
241071
272713
248589
252418
258848
261181
256029
243459
269068
248964
253254
252944
248650
249033
254534
240122
241269
256215
260502
269412
236828
276737
252116
255615
262287
253707
268377
253130
256187
240231
249564
249817
244354
256671
236989
269147
251656
254440
252868
252546
248931
253004
236813
253069
237340
278039
235604
255240
264926
261634
256290
250832
273215
256113
253135
273660
262452
250807
274288
254197
255800
269764
262089
258830
252840
248995
264419
251405
254572
273577
248761
257592
252143
269870
250402
255894
268609
252391
253569
252931
273170
238378
255138
248505
258820
270875
256565
249937
262557
275632
251963
240939
237016
252912
252438
253613
275508
253484
250386
255293
247886
250573
274294
235906
252229
254700
262897
252825
261478
252808
254194
257376
256352
261049
238629
269431
258389
251955
255866
255094
250840
254655
255084
237933
255589
238020
255913
258764
258977
256471
256889
248730
282944
256899
281777
254947
252553
257754
255791
263702
248675
249688
272594
241727
248582
260300
252990
253502
257865
251442
252428
248734
270694
256618
250550
259688
234053
255525
256768
253747
233037
269242
252359
248883
256874
253529
270230
250374
272078
256014
258832
256602
256762
251321
252427
271013
250475
237854
237882
259700
268749
257854
240208
256210
254663
259264
262360
265272
255152
252855
254282
279343
250106
250478
248740
273151
237756
233902
251321
276084
252036
255148
250728
252964
233336
248242
248516
256390
234510
264133
237957
252032
271538
257459
259073
236935
251305
257089
255747
238962
255330
233593
232524
269464
250995
261517
253504
249119
253148
249355
239901
253007
233532
251787
252540
260489
253075
246309
255874
274929
271153
237900
271252
252627
240666
250248
241309
272159
252369
254585
252931
254974
232293
254666
251200
252616
278158
254018
270554
257014
252660
252256
254471
267662
252685
252741
253147
270530
254868
252945
258494
252914
250746
248741
248616
252848
255036
255125
256866
249285
256239
237717
251341
258006
261191
272576
237942
273674
250782
274848
269819
250152
250238
252630
253084
256593
279062
237708
240684
250697
257404
269046
277152
248768
268911
248287
252679
253091
253028
238189
254552
237909
243430
275257
272414
251194
251893
241961
251372
253617
249997
251661
256066
252805
260556
253047
239361
250695
248049
269258
254980
240803
240734
237107
250235
253338
254916
248459
273729
254099
250992
253349
260254
248555
269668
257270
252131
252111
269476
237584
258694
253586
255297
254050
270642
252869
261004
256590
233429
248180
237263
250040
256703
242278
252928
254480
271509
252054
261342
254515
272023
252566
255409
250606
254739
259080
235380
238082
254926
257060
268672
236868
234981
256334
270869
252935
252798
268917
238321
253191
254016
271028
255921
248754
260851
251544
257919
255097
258508
237967
256132
254628
250637
248967
258238
252098
252346
253001
241348
250678
259856
259769
273167
253032
250183
256857
275273
248360
238546
279226
252847
267522
253589
260103
238400
251150
258391
259412
271668
259016
270699
272892
252337
252908
253190
242110
253179
255013
270474
248655
269743
258804
252217
256960
249716
273335
237741
268105
252496
253825
251710
254662
255911
253395
255445
254679
254926
252252
253884
252720
282164
260931
250565
257548
249273
260179
264762
253120
248267
257005
272863
252360
252815
269279
252189
253322
252621
257114
253240
252570
254508
255688
257090
243578
259616
251093
252717
249096
257729
252587
255576
257201
257440
259587
232898
261412
233331
260188
252119
239336
254118
249231
254447
248192
253740
256071
251933
254901
280760
257084
250938
254972
254646
260828
249819
268628
252547
256928
252706
249519
268132
260032
264430
254399
273152
253080
248927
252779
250976
257085
238807
253673
243302
257913
250264
234506
243597
255666
254238
249271
254345
238828
259586
239837
277055
260539
263563
233937
249879
251101
256405
257059
256567
269375
260375
240972
254636
251167
272648
257971
266909
255505
250629
259568
256230
255518
268459
239086
249661
269828
273118
256785
254074
256314
239041
249417
250720
251139
238064
261047
243212
253151
233186
237405
255751
