338004
347828
370051
365526
388398
385186
412436
397275
443380
475961
339293
375563
333618
371395
377443
356222
345090
397904
390763
392109
322032
331729
354840
327754
343211
342626
368115
372010
411166
376301
329512
302298
338616
360407
350972
412396
299519
392955
347355
329727
366989
418423
323352
339276
337478
319363
368574
353024
344249
320096
304632
334942
339932
344797
398654
405894
359750
338992
388487
309337
370864
346193
346982
366203
331398
327441
340940
379175
381954
326095
379136
370127
334015
374097
336700
351659
362268
380391
373612
362683
351636
347873
341717
366901
391186
349512
344010
374677
363531
317587
317067
360356
351287
340466
345234
357726
330864
366018
355310
350828
425847
351321
328440
345515
371856
364599
337105
343457
329888
323280
356456
375962
343483
338081
341774
336928
383631
389414
372168
346210
332587
348181
388012
361107
328119
348558
334434
357660
349971
327891
350704
343764
332300
335208
348469
357365
365090
337552
318978
334358
387515
369229
340808
393895
345549
327699
354376
396169
342631
342207
373762
319975
359146
332975
339216
329802
346103
337148
335125
322621
432957
373283
420327
330965
363395
339779
361744
355786
337374
375059
341489
326755
346073
353311
338470
341295
340617
332066
397140
401398
330802
320885
352348
371859
417906
369138
340874
379514
377777
401500
334925
352886
317489
316959
338805
400354
349887
387007
336179
369868
336266
327279
350150
375921
352985
361049
384395
387590
345841
349675
354031
337030
340567
362980
343752
349721
388223
355755
314932
345077
329388
377711
360412
337481
351044
373711
368387
336554
341212
340197
339105
335151
355842
383752
380365
329597
331974
383567
385942
368898
354169
328952
358514
332519
334909
371937
327397
312240
353692
316864
363538
332929
325272
389593
359013
346639
362718
340076
353643
347705
360448
391194
379128
343052
337335
370901
344156
333277
364267
364371
368790
369124
375527
330346
380209
332890
354118
322905
399372
337674
368003
308832
333966
348284
330678
314176
337868
413918
331577
393994
399876
382026
342419
362133
324726
352000
366336
402698
329985
363482
336817
350034
352137
346492
356816
344115
353525
317030
333532
353987
332511
341081
385787
433738
372534
336236
340481
349464
377908
347533
380730
385008
321589
346278
342794
351450
383520
354646
362990
334083
374037
355590
364297
348983
343774
377539
316260
371832
331939
350654
376655
352460
363054
335991
395773
346000
361334
360969
347679
353599
412097
368781
375467
373164
342837
352507
316238
381201
323126
357653
341383
359440
343111
344541
324131
376678
393931
350347
347208
352713
379100
392354
375422
364761
359789
356006
348931
392101
318339
392886
377424
336861
321594
359752
347498
345417
356127
334458
391380
375256
337858
329685
326160
399391
371723
398981
340059
364907
376146
316492
392268
344969
374017
345127
353666
375204
336705
343314
361103
369122
342336
412133
349229
389198
384075
328339
352415
376227
320869
364379
374294
317499
332807
362787
366214
349590
332944
366084
340801
369999
367374
369014
345657
421313
372389
343220
344105
355629
378235
362537
356489
378057
345005
353284
364105
366686
382311
356075
386737
341074
367545
373482
337588
343568
329558
315807
363929
370467
402192
413146
372020
337707
351016
428416
361006
357119
342496
375509
332856
357873
337868
347315
353691
329676
365439
351447
360212
355326
431605
334273
344477
338699
367012
347777
375683
416177
377594
337205
356382
402430
359006
356041
364008
324442
365259
369056
412934
351526
353702
317741
305288
367432
405501
393705
298908
337765
435867
335855
398796
351197
388329
317628
377259
359920
368485
344166
333279
372759
391234
375914
327073
360896
342377
361885
328794
322671
390504
321923
363814
352366
380499
360062
362511
392972
328965
386732
337301
346034
354501
389388
354214
347583
367835
361064
350312
352185
326886
397933
386169
346360
328125
344600
360636
328936
355395
343604
389860
431390
378692
343621
400386
309143
334951
359977
332857
363545
356310
373354
355891
349261
360702
378528
345078
367788
374819
332626
328943
355707
369209
343040
382899
357602
384662
395258
340482
378052
330186
343674
401389
352252
333314
365725
347623
336048
451011
373995
375937
355031
331985
369920
381840
347622
317648
364412
356102
393139
348779
339316
366324
342012
344470
360866
349410
312186
364710
364717
385714
353691
342779
370059
358309
354143
353405
349061
338790
391759
370997
381377
392303
354955
376301
314098
365783
373781
371728
354651
401591
341315
376590
411704
343763
341437
355752
380521
362002
348855
347917
333161
365644
318351
331033
369548
403135
386910
347318
369723
357115
345226
363318
353550
379742
362974
354540
374405
352779
344752
331670
392205
389342
327256
373900
368473
369298
358578
318679
346758
335201
347097
366811
350925
359835
360525
375911
372979
399267
331856
360462
365628
323264
350302
352965
325573
376172
378641
364332
380180
355228
384223
372157
343414
357781
365962
333910
360394
373987
376288
318296
377657
398088
310100
355474
355315
405936
352439
384022
332941
333025
322760
365265
420165
372489
366133
375090
326508
387832
377732
418186
420800
323193
315850
346266
352388
369472
355843
326292
332182
359025
387970
361840
357521
340365
353951
335945
376027
346654
394306
352763
355097
355532
358039
384349
373854
362127
374683
334590
357931
352625
362411
382242
363633
359320
384106
396749
347791
377880
364042
327778
329049
388049
366778
380227
376288
323573
336409
342966
319978
371008
341387
369450
361126
366351
381525
344543
391732
351456
374957
325236
371108
374329
386369
345345
418074
378872
388479
366406
341868
331429
353375
342762
387618
351884
346037
363569
364530
391580
335889
413234
387768
395904
342997
320094
358986
364697
359871
367321
405011
364266
392143
370546
344092
334686
317937
384065
352569
401627
376390
431279
374367
362627
328486
342817
336282
369219
342074
357718
381740
322019
334288
342676
348196
376124
313523
364639
380242
348810
348379
359942
366359
361556
348075
341243
373737
352199
357503
410981
338951
355571
402513
353378
371794
369515
383782
344064
345083
395405
331288
308418
337929
360229
344511
379394
383416
323995
382286
373077
379639
348977
392531
381409
393168
338092
355421
347983
333921
360696
363903
335019
390853
349429
360816
384011
382926
364071
385672
325809
368328
328015
395145
354660
359593
360380
353757
341482
351149
401112
337936
382109
417536
337001
340773
334434
399988
351890
337848
354446
372186
400506
346719
316960
372556
397596
362330
382989
340965
355095
369438
333891
350661
387593
387039
364102
372408
378875
374261
331916
342601
380457
311971
406497
364403
335391
351191
366008
384250
353242
384243
367056
381645
338119
367324
360275
408910
356694
417365
361116
423239
363236
385331
386275
377488
325521
320401
363935
351760
398760
345213
336604
340741
377822
374609
367959
336009
338576
359796
324038
343797
324202
374294
373184
347023
391605
359923
369110
375611
411923
386365
338097
371039
320869
412221
377136
348437
322845
347688
318150
340326
335669
293130
297684
307826
