174812
205650
206996
208866
201332
198312
237971
253645
255461
256919
200561
164527
175583
182336
219693
212616
187901
184264
223310
224029
185542
194445
183677
207243
183571
207698
205483
200293
212550
236302
169851
195729
199572
196397
182417
199505
202335
223757
200000
187349
173916
205850
186257
187217
204099
206607
231679
200078
178976
209550
206463
180481
188147
231583
229846
177282
179783
177416
200285
216880
190470
220280
210270
243948
184495
202061
191841
187276
196256
192115
196519
210819
202319
213219
191973
184543
221290
208362
207361
210784
191758
180802
203462
187021
213483
212047
183960
189802
195764
188995
203534
194419
188260
192228
183064
177631
169998
195968
221220
202538
183700
198708
219358
185996
209958
212462
192259
193273
203472
205142
218566
174750
187903
190169
201784
220223
188149
180225
181799
189764
200921
210977
203846
186160
209064
232686
181202
222365
182048
188273
168598
214762
199126
219748
193514
196397
216580
187769
189303
194874
192074
226192
259667
179180
224399
176818
201137
194197
195475
205614
219073
222267
168264
184212
172739
198370
181196
248425
259425
201590
210958
195398
194579
205278
185807
172981
199535
197129
175574
230989
186641
172070
186610
190114
199802
234311
225131
199867
193576
219281
220564
218029
211189
199300
210395
227490
200589
174939
195330
174404
176842
217821
213249
226446
204539
211628
184575
214625
184490
172893
208578
186657
215909
191700
206754
192610
189197
236789
210743
205025
215949
181128
198799
189641
192098
192890
180786
184152
183622
183777
190764
214647
199078
195717
225503
208651
221711
195808
218002
187436
182903
199822
181143
199793
200576
201722
203165
238824
215993
204213
195312
201195
196647
220913
202179
199956
190721
194341
192755
205753
224505
210259
232205
232977
184881
187880
207865
171207
190155
188463
210948
234393
191638
186175
203611
211904
197211
197823
189754
190112
165318
201093
232162
189254
178805
195213
179250
206890
207297
206467
225368
210736
212106
187207
212641
208319
217270
193297
179969
183670
228636
197955
183921
198427
187166
209320
187191
205114
229248
198661
218412
186156
178209
192981
174553
233115
212425
178426
170864
198919
186300
197871
196137
222336
213633
201616
193247
217759
220490
187616
204385
183626
208854
200265
190942
188991
208079
229845
180655
192252
200022
183285
197557
214930
180372
182401
203823
205086
199638
219392
173543
179899
185232
214810
215035
177209
248093
195146
211002
195096
208673
209029
191275
205725
176757
194108
215194
179256
186544
193879
204096
237073
198086
191420
196927
188124
211423
210939
194982
224609
192585
224249
198954
202839
188551
186158
183186
184783
196379
201032
207158
202240
183415
201493
188353
211757
216424
229294
185324
202463
198189
200795
193278
183652
193135
185315
198547
194016
189693
192050
200718
230655
182850
189745
219624
235505
190558
174581
203789
199857
194206
205145
223225
218154
187021
186476
221519
196388
204448
217467
213813
183752
199901
218344
212215
221411
177594
204255
206792
211814
204451
204402
172654
193380
188861
185591
185659
188977
206913
189526
201311
213268
186282
198189
181104
194145
216102
205576
208453
186152
190312
208685
217795
206702
181863
212468
227034
229660
193170
179786
223455
193079
205993
187470
201617
215210
176480
231632
212950
196865
201723
222960
185107
219400
199792
196071
200122
190848
202680
207885
221137
184654
185300
202627
251645
231602
175235
206939
200457
194592
174332
208808
191020
180595
176958
225641
215587
195537
192263
177875
195573
195388
207275
171619
231941
204588
200229
194956
217508
184833
234210
186176
184639
228937
195680
185588
203171
195618
227779
207470
185904
203171
197543
214628
201671
179093
188466
212382
215487
226439
209520
216858
182892
210696
198807
209230
252311
170606
189336
211683
194804
180032
193093
209197
203319
196308
192644
209402
180199
220720
214396
208709
213002
224832
227897
187258
214823
199727
195168
179289
199278
180938
207811
180994
205659
200190
192264
212578
193235
206097
187175
225561
187794
204031
225283
204261
205899
189195
182127
210876
197071
181477
182055
197453
215234
174945
209240
210496
192770
246065
194828
207593
198361
192569
184442
198663
168236
192494
222568
205071
224047
190630
205945
207072
188256
176582
199891
213552
193135
209548
201808
193980
180476
200574
203424
193015
212948
189357
196899
193311
203890
206685
188263
195976
197012
217235
202818
209491
195293
206918
185341
194692
206100
237500
177741
199617
227439
185133
176359
198864
227689
234033
175957
175927
198928
190419
219947
227411
199479
211517
187713
214837
223014
180101
196321
185410
211502
201413
219096
179935
189802
202197
202811
196304
180141
185213
199026
194971
213090
186863
214135
212059
207928
213408
233385
226540
215396
186262
198557
201243
208476
184620
207247
195752
216086
182457
191445
198401
220688
182385
189775
200350
208229
186725
214222
208700
222043
178028
188716
186668
199485
179641
180308
203767
215029
223112
220461
207735
212211
194267
208452
204224
186641
176700
223390
236475
196925
191779
210618
189312
220435
186074
205762
194959
200193
200645
202291
208589
186318
193340
224447
226354
188005
203570
211354
203611
213901
185201
206829
197684
195362
201806
189061
252637
207387
179450
184504
195226
221530
195314
190360
179985
194246
198166
215465
227812
209902
204992
209781
187403
205449
211414
189597
184011
221226
180439
196553
201584
216001
207463
209092
208286
180962
198216
194570
208171
197615
198723
206528
196166
204506
198308
202152
174547
179754
210475
201765
190465
192809
196809
201056
182403
194940
205822
227531
195558
186031
198837
180790
190504
211999
233532
198956
214116
185200
221635
191025
202237
192760
216542
192687
219794
197041
211653
171915
187107
237881
228915
188743
208131
210285
167954
189884
201066
202809
211064
206436
240398
179904
182776
237486
190352
212714
172809
207432
210679
174044
179747
213536
196763
216480
204766
240453
205934
204471
189105
197051
213749
215096
224081
186732
218404
195442
193695
183806
188452
187014
208291
208922
205029
212199
191924
192914
193508
227265
220971
194074
179287
176849
185539
179526
206760
203608
225836
186796
192095
233288
206398
196842
196703
175597
216139
205745
187703
200281
199051
227759
210955
210968
203941
208674
201622
183504
184591
183477
201107
202479
202099
207836
199565
206113
213652
212529
200619
192831
206705
177534
203044
202531
179341
183172
197437
195697
199236
206338
208051
230144
221894
170363
217576
212977
231902
231941
188643
172283
189437
203011
170837
179322
219143
218125
184906
205494
165040
212449
221676
186125
224380
246559
199148
198747
203574
176274
193481
210199
200172
214074
213948
182200
174857
209441
196895
184712
190286
197505
229213
189222
198457
201795
201954
197516
176244
206296
236019
204638
178026
205976
215002
174480
179076
192673
227508
239998
199989
174682
190919
198560
189805
178544
231164
220093
200612
179556
191203
183586
195921
193455
225517
191064
190918
169310
191032
184884
191053
162258
180317
173996
174038
168864
161613
