215135 113
222428 107
233576 117
234121 111
228851 115
237281 118
236141 110
239084 123
245943 110
243672 114
199010 109
192604 103
196412 106
204147 110
204764 112
213392 131
212539 107
222258 107
217327 106
236154 131
180345 105
183350 104
203506 111
196914 107
206790 110
214794 110
203999 108
199257 107
209175 107
214606 106
188830 108
202086 111
204014 111
203877 108
209645 108
189516 109
205193 108
218446 109
194091 107
203453 108
189571 108
191752 114
206728 109
197676 109
203474 107
205323 107
218058 109
211700 105
202661 108
210769 109
206694 115
217559 126
187627 109
177623 108
193963 107
195417 108
199398 106
207588 116
193128 109
197852 108
182836 102
192168 111
191820 105
204761 109
208409 105
216589 110
207318 106
194741 103
201533 107
225664 107
204310 118
195219 108
192343 108
195130 108
205558 107
197526 109
205006 108
200725 107
206503 105
204960 110
197219 110
190796 111
200751 110
194158 108
194479 109
201671 108
207994 112
212405 107
217007 108
193730 109
191827 112
193258 109
196142 108
217030 129
182323 109
204944 107
204227 109
186923 115
213481 114
227796 108
199900 108
193080 108
214560 112
182459 107
195706 108
192118 108
193417 110
196701 108
194021 105
201125 107
183546 102
188215 104
198769 111
207098 110
188561 110
181348 110
201780 115
224759 111
207074 112
203598 99
193381 109
196378 108
183661 105
186809 108
192468 107
201228 111
184354 106
194955 109
193538 111
180776 107
198845 107
194265 115
191164 109
192151 109
182176 107
208695 107
212591 109
210473 109
196056 107
191566 111
194379 108
188093 107
192772 110
200832 108
192129 109
205435 105
187498 110
207383 110
185312 108
194342 102
201254 109
207268 113
183934 108
198167 114
197030 107
216921 116
200414 107
234981 107
233034 107
210484 108
221809 116
190585 106
193119 104
196308 107
189462 111
178879 108
195033 109
189971 108
207795 110
217469 110
195923 110
186031 107
187811 107
215088 116
192607 108
194551 108
181245 108
200924 106
204732 110
194397 114
206444 107
207694 106
199793 108
199543 103
203087 108
194724 110
197866 107
201787 107
184880 108
197511 106
212136 110
186771 108
193399 108
206398 108
192328 109
209159 113
198375 109
198589 108
204314 117
199600 107
203455 109
203718 109
198222 110
198335 110
190908 109
203758 119
195774 109
196630 109
187241 108
202932 110
196122 108
205956 104
209299 109
194557 108
181920 109
211685 118
209712 110
201175 107
196450 112
193028 108
185745 108
191993 105
196569 119
205525 109
194219 109
233543 110
235842 105
199054 110
213794 111
203638 109
187546 107
211714 109
186153 106
178225 108
183956 104
179247 105
202008 119
219140 109
194516 102
208176 107
219797 111
221235 111
196927 107
207241 111
179698 108
197414 111
186911 108
194557 108
206379 109
198848 110
181740 109
195824 106
189736 106
210533 107
197139 109
186927 110
211065 134
187129 107
206517 111
206593 114
199942 109
188872 108
194790 109
191256 106
229337 114
196133 108
186059 107
189394 109
190679 111
195714 107
211594 110
197174 107
191415 106
196438 108
187693 104
187061 109
198922 111
182555 109
207045 112
198048 106
217476 128
215967 109
210260 109
204071 107
209320 110
201485 111
186960 110
186644 109
200259 110
196240 108
187111 108
204224 109
190649 106
190735 108
206127 107
182713 105
193352 108
190956 105
184599 106
193377 108
210978 117
206514 109
194465 108
202078 108
201814 107
190375 108
185101 108
197808 104
192118 109
191577 109
194573 108
197573 109
197952 107
210694 109
197570 109
199727 109
187484 107
201856 110
194614 108
201388 112
210244 111
198365 107
200914 107
199781 107
202054 107
195552 111
204701 106
193029 109
207521 116
209996 110
207327 108
208125 108
199749 109
202148 105
194989 104
191853 109
187495 111
210339 115
195639 110
191930 109
189319 109
208559 108
209292 108
206503 108
218749 107
191025 107
190522 113
197911 106
195073 112
199965 109
188696 109
184809 107
196433 105
206954 109
184918 107
200771 107
193264 109
196739 110
195006 118
193032 115
196433 107
192435 110
186237 111
187715 106
196345 108
198909 110
213685 112
184077 105
186006 111
186001 109
184017 107
182149 108
200348 109
196257 109
186991 108
203493 106
219024 108
197518 109
198412 112
196627 109
190394 107
200461 108
195578 107
203057 108
192609 109
183364 106
196867 108
202280 110
184358 109
207144 114
191775 110
187909 108
201743 110
201779 111
207295 110
203773 125
212412 105
193324 107
196393 108
186996 104
194318 111
197235 108
188363 110
191929 106
205112 109
204263 110
207971 108
202652 104
187085 110
207957 115
208214 113
202140 111
191171 109
190051 109
188713 110
196220 108
187942 109
194395 110
197401 111
200636 107
188256 110
196116 108
196003 108
179114 108
203132 108
221192 110
210073 108
185343 103
213524 110
211903 109
197894 110
190245 110
190025 108
206851 109
203401 110
191116 108
202070 118
207439 116
192773 108
201364 109
189559 108
196855 108
217609 111
202074 110
199595 107
199171 108
194757 107
193085 110
191881 110
193555 111
197623 106
189070 109
196153 108
202821 108
194960 109
211837 119
221826 111
202408 111
192892 108
191928 104
201641 110
203152 114
187797 108
194412 106
188728 110
205174 108
190072 108
201155 109
189416 109
196927 107
183161 107
200052 110
194047 108
200550 110
196781 105
205216 110
184275 108
197554 107
195309 109
202172 114
187445 116
207817 119
202745 111
195752 111
184477 102
178781 102
195750 105
199555 106
196626 108
187509 108
195130 111
190259 105
192130 108
198624 108
182830 108
188150 110
189915 109
191740 109
190024 102
218588 117
201212 107
184572 109
189853 108
195220 108
197568 109
202155 110
188527 107
212056 124
189851 108
190336 107
195543 110
198961 107
201956 120
182751 108
184654 109
188615 105
189438 109
210359 110
207955 109
196968 107
187956 108
190048 107
192126 108
191419 108
210467 116
188313 105
199233 108
185251 110
190962 107
192238 110
191274 116
186990 109
170619 109
187650 107
188863 108
214451 117
174507 109
190153 108
188940 108
187317 108
218862 116
202010 107
200951 109
190734 109
182900 108
182120 107
224827 130
195864 107
189340 119
196529 108
195845 108
204399 105
196430 109
200019 110
204995 109
193677 110
203654 109
211191 110
185441 108
190236 107
190701 109
206274 108
192424 109
183616 107
187029 106
190821 101
191878 108
206066 104
191990 107
185163 109
202767 110
184153 111
192264 108
196862 109
184353 105
189774 107
189673 106
186672 109
186654 110
192623 110
187397 111
196959 113
198523 108
187285 109
187723 108
211495 108
197488 104
191548 109
199233 109
182467 107
192637 108
194230 108
202208 109
198472 110
201377 109
194248 107
194844 108
201339 105
185803 108
172640 98
203674 108
194811 110
199270 108
184450 109
178554 102
202816 110
195929 109
207735 109
194588 109
201990 111
194723 108
198927 106
190386 110
203148 111
197313 107
187131 107
183974 108
190925 108
202152 108
198876 112
198483 111
192980 108
198718 107
191623 110
187664 107
195440 109
200976 111
186504 111
203612 110
205884 129
198955 109
197151 107
188829 108
197042 109
207713 110
204975 111
185624 106
224041 145
186018 108
187147 106
193207 111
194589 107
196301 111
205303 116
194188 109
199247 108
189531 112
183547 111
189996 111
183945 106
200386 107
206709 109
186949 108
217506 114
212817 110
201123 108
211096 107
195772 110
188026 106
184490 107
192794 110
193271 110
192460 108
198434 108
188801 108
190564 108
207643 115
209587 110
204849 107
213722 108
189002 103
207515 116
202762 115
184480 108
188495 108
188079 109
193800 109
188835 107
189807 109
190585 107
191229 107
196692 109
192326 107
194529 113
199181 107
190005 106
186764 110
203142 110
195577 113
205360 107
186345 104
192983 108
199244 118
195564 107
188575 108
211654 110
186621 111
196431 110
199915 108
181893 108
210167 109
183291 107
196871 106
198554 109
200104 108
213683 108
197573 115
197119 108
188715 107
197952 105
207995 108
179532 108
206653 109
191936 106
196718 107
191371 108
202570 107
191546 109
183117 105
192690 108
195468 109
199134 109
189917 109
190761 108
200566 111
202572 111
209198 108
186293 108
199737 109
187396 109
195970 107
208256 133
216335 137
194798 104
205871 117
209700 109
219024 121
194292 110
197095 107
205924 110
206957 108
197934 106
197284 108
202481 111
192284 110
196955 110
189756 107
183072 108
203447 110
201465 108
192968 111
192748 111
188557 109
193028 109
194731 109
196043 107
192601 103
202291 112
176349 106
187207 101
214005 108
205795 114
210535 108
185687 108
179572 104
198488 109
195492 104
192085 107
193952 109
184396 109
194794 108
189324 105
195737 117
196578 109
193770 108
190301 110
209202 110
193367 107
206014 116
201265 107
188958 107
195291 104
186700 109
202445 111
224432 139
202314 123
189376 110
197215 110
191483 110
196603 109
197019 107
200252 111
222684 109
195731 111
203926 112
197224 106
197669 108
202947 114
200671 115
200260 107
187201 105
189639 107
188668 110
198940 110
195429 108
186290 109
205943 105
197586 107
204879 110
195340 106
205793 111
194184 109
183809 104
197556 107
199384 108
194058 108
194590 108
206139 110
185341 110
183939 109
187542 108
187308 108
190456 107
190070 109
187623 108
206438 106
188118 107
205944 107
187317 107
202179 110
183375 107
188632 107
186036 106
190434 106
186323 107
206501 109
212271 108
212942 108
199538 107
212432 110
207915 109
193018 108
211181 109
195699 109
199206 109
187227 108
192346 105
198785 108
186265 113
202282 106
214164 111
198245 103
218302 105
198314 108
193334 108
199197 109
204965 109
195176 111
195407 108
200228 110
188789 109
225687 108
195611 107
220331 119
180047 105
207096 111
189324 106
192072 109
216188 108
197281 106
200674 108
197725 111
198203 104
209851 110
198465 109
171124 104
187728 108
197760 109
189110 110
197795 108
195326 108
194152 108
184341 105
185920 107
196133 107
195725 111
184603 108
191744 108
196767 111
183919 107
195252 109
187299 109
196438 107
187292 109
196910 107
186610 108
205804 108
197443 109
188291 110
186421 109
205296 110
201440 107
196479 117
197053 114
189226 109
191942 109
185706 107
187885 109
186887 109
187451 109
195759 111
201590 110
196323 108
192901 115
209878 110
197160 106
196582 110
215922 108
198766 107
191738 110
209419 108
184233 106
194075 108
196104 107
202552 120
205226 107
187436 111
198935 107
211339 109
175487 106
187279 107
192429 110
188473 106
191263 113
190122 109
209241 106
192815 110
185454 107
199188 119
204401 108
217545 118
202096 119
197620 107
205616 108
185547 108
179660 110
195401 111
181539 107
191430 109
187421 110
190549 115
200627 107
189036 110
194734 107
189422 109
190714 109
193303 108
208643 115
201338 111
183925 109
190822 108
204134 108
193924 103
210372 106
197270 112
196977 108
201903 109
194029 108
194893 107
205508 109
197860 109
194243 107
190796 108
196545 108
183530 105
187139 108
192435 110
196634 109
204741 108
200719 109
206566 105
198851 109
195247 108
182802 100
194755 108
191500 111
192989 110
201563 109
197372 107
200488 107
188340 104
196655 104
193702 111
187064 111
200443 108
201712 109
180097 107
194765 110
187915 111
198955 108
