214241 117
232381 117
233250 117
222982 107
232404 117
234491 117
237843 117
242318 132
205186 106
247515 129
231298 114
242598 117
231643 110
237605 128
239495 117
214631 107
237617 113
257355 131
259768 134
247196 117
240022 107
232413 108
256875 132
255919 141
232413 119
266261 128
243435 115
247382 111
244037 113
281085 136
236429 117
245608 119
275301 130
259571 137
247682 109
257551 113
256025 112
256391 109
250385 115
277196 135
264230 122
269261 133
279318 129
283464 132
254091 123
275118 122
260013 109
260915 116
288093 141
278661 117
203769 115
237973 127
208140 109
235614 113
246890 117
241397 127
253744 115
225042 118
243821 116
234483 111
240683 127
219199 110
244964 114
247063 128
242908 109
257071 127
223495 109
248325 125
226861 108
233369 110
251833 130
225497 125
228435 116
244296 122
250351 111
227398 115
266462 128
264491 121
221304 108
258963 108
267259 130
266310 122
225229 123
232936 124
251203 124
268940 144
269302 126
258095 117
243763 113
248105 113
280475 124
257574 123
252201 114
250270 121
253207 122
279950 143
265957 154
269107 127
277052 123
251544 116
198758 119
216811 134
222995 127
207510 114
215840 105
228038 126
220002 104
231570 128
220136 116
249413 130
235331 112
228365 117
260596 130
230338 125
222003 127
243907 126
250526 124
257057 125
249614 107
269025 125
261855 122
254788 119
278149 139
267487 121
261096 121
221390 120
223594 110
288927 132
271303 121
279530 128
265967 117
243880 109
236190 106
245696 117
276000 127
279961 124
272581 113
281010 127
239166 110
287284 132
264076 117
285944 115
240157 104
255279 129
299207 147
245702 109
245634 112
258870 117
253090 111
179989 119
197645 127
191296 126
211762 131
193953 117
201935 124
214557 120
212558 109
238981 127
234169 127
233792 123
213755 108
237363 121
216036 109
217530 123
228609 123
234344 127
240011 122
224680 120
225031 107
261756 142
231761 114
219599 112
260939 129
244672 114
231418 117
247750 123
225845 110
244684 131
251669 112
230856 124
234463 111
277120 129
252138 111
264587 129
257483 120
258710 120
257462 133
243260 128
283032 134
260356 124
257119 122
291388 171
254797 117
253871 113
287100 145
275350 126
257525 127
286225 174
269221 129
211454 114
224584 110
227117 124
214434 118
254486 152
228939 134
210017 122
204250 118
215195 124
248626 116
235708 114
228916 116
228222 119
256643 121
239917 135
236572 115
241673 115
238856 113
240415 130
215828 114
269321 134
225513 113
260376 130
217202 107
235768 109
235273 124
245094 116
253946 129
262508 126
208096 110
229341 127
266826 130
265752 130
233807 112
257218 130
225849 111
236636 108
279197 144
235890 110
213050 121
233870 126
238387 121
234424 116
226565 118
235797 119
215978 119
236285 129
244395 110
191827 108
241409 130
248983 127
247570 130
249420 127
194502 117
204031 117
197836 115
198439 120
191332 110
207106 125
223930 118
225596 131
247181 118
242831 125
213421 108
255657 118
236396 111
251676 142
229015 109
227064 109
229415 110
232857 115
223423 115
221194 108
218775 109
231898 108
222202 114
225101 109
237539 112
229812 111
237735 118
230637 110
241105 113
247223 118
233106 110
258740 125
264997 126
240090 110
274569 131
242783 110
258397 133
253110 124
263345 126
259119 126
256706 119
242532 112
263805 123
268658 132
257383 134
205057 107
265892 120
260594 108
307461 158
269669 123
216360 115
205523 104
215391 108
284108 136
213352 113
199618 112
199372 124
210336 119
226607 113
239561 121
233128 120
217946 111
237888 119
245816 121
251754 132
239782 131
233911 108
247086 112
238838 109
214130 104
264972 154
256356 130
254860 119
250763 131
259525 127
250408 121
253835 132
287394 148
253979 118
265335 131
242328 115
244599 117
254110 125
246165 127
252618 115
254775 126
244772 111
237292 109
226117 108
254497 122
254548 123
256863 130
242061 110
253883 126
240773 117
245714 112
250109 125
241625 108
217819 109
244805 108
250850 123
237181 116
259131 125
258475 122
246223 143
214908 104
185749 112
226500 123
216269 120
267959 136
226382 119
243200 109
261796 134
230781 108
237046 109
235813 108
249915 112
249356 113
274500 125
281204 144
215017 108
222621 115
260485 113
231950 124
235634 110
208838 107
230392 108
219377 118
241965 124
255381 121
265856 126
269840 128
224111 111
226835 109
249885 124
248240 117
248831 128
231289 135
218419 108
234662 118
232368 121
237108 122
229434 126
244307 131
220548 106
218749 115
227144 120
242395 133
233870 118
233209 121
246351 118
236999 111
249936 120
244367 123
236326 126
204873 107
279040 160
209421 131
191222 125
227397 110
226921 112
233547 115
234376 120
231697 130
212501 104
220772 108
237066 133
225855 111
232070 109
243676 133
236001 105
266421 134
231618 110
250599 117
248960 127
257338 140
245965 109
242654 110
251599 119
247020 123
229967 107
269858 132
261570 127
231160 118
254651 116
252178 112
272713 124
286781 136
261979 114
277583 126
262484 135
247566 126
264774 114
246782 121
274378 143
277363 129
288143 134
267565 119
276211 126
234050 114
264921 126
243236 109
266711 109
287514 134
250469 121
222581 111
193995 111
200162 116
228576 121
226142 112
235288 116
247646 123
235675 115
239249 131
229877 113
209465 107
264880 136
235573 129
243604 125
231413 114
247761 125
222089 113
273544 148
227918 106
244912 127
244782 126
230727 118
256540 129
245257 112
236653 112
253102 119
230393 103
270174 136
229675 114
240849 117
253030 124
233026 114
246893 113
240028 114
238942 114
237504 107
239797 119
250478 124
236196 123
255183 122
246165 123
241088 112
255046 125
202910 103
243333 108
250131 108
255521 164
269950 128
280730 145
200617 108
255173 136
266277 121
253867 130
208295 122
231073 123
220090 111
221269 108
233607 126
232306 119
240758 115
229873 106
246242 119
224484 126
235945 117
236228 133
255264 122
242952 131
236980 120
239417 119
242684 113
222800 110
245086 112
227245 107
241042 114
242448 112
232392 115
221490 107
250868 114
259187 114
221637 109
214150 102
244374 112
230092 108
238835 111
239461 116
224002 110
230282 112
262584 134
239581 122
245480 124
236286 108
265471 148
246409 123
251717 113
247007 116
249590 114
247558 129
245446 113
253076 114
240451 107
270551 132
244869 122
267242 121
192099 116
190859 119
239356 123
245306 122
256309 136
208603 109
256570 125
223627 109
246901 116
247975 130
268407 133
224020 119
227851 106
232568 120
229260 116
242845 125
233421 126
239273 110
247470 127
232276 105
226032 117
229078 123
242898 125
214134 107
244139 127
235600 112
241978 125
235722 131
229816 110
239543 118
219328 105
223746 112
243811 126
249219 130
241877 117
268118 129
239673 129
227272 107
237407 117
230801 115
247043 122
233223 119
232273 111
234338 123
236725 111
238851 111
240279 120
249479 121
246977 116
289448 152
194344 108
205663 125
192486 121
199260 109
220655 117
223448 120
224617 111
231331 108
250702 117
245302 112
242610 122
235175 110
244564 126
256946 129
246098 122
254611 129
269516 127
252385 114
257958 134
220794 108
242442 128
250556 125
234547 107
261999 135
263771 137
240736 111
247052 126
265545 129
247734 109
235685 127
249965 121
227667 106
247535 131
252895 125
253949 123
252188 130
231852 106
256840 125
259319 124
295400 160
277798 167
266961 128
239964 113
241550 128
242620 127
268520 130
248492 110
245897 116
232647 110
242421 116
251399 121
204567 108
218375 134
202286 123
251197 174
201174 116
224548 121
227002 109
229753 115
226357 111
257996 130
242208 129
239073 119
242872 115
232428 123
254081 126
212286 126
249278 130
223590 108
247625 117
260627 129
247485 120
234812 112
254147 127
261492 126
247572 117
258830 130
261767 132
244652 111
264227 148
269773 129
237313 109
270427 132
232609 111
235010 112
259552 123
243979 127
239130 114
256041 118
249398 108
253444 106
259945 112
257394 120
260047 114
253813 109
278061 125
264266 125
260157 110
259091 121
264688 130
270015 138
227296 111
194527 115
196420 122
207646 119
195337 120
210817 126
194226 118
207369 108
236873 130
209249 108
242091 124
249086 122
215183 113
225285 107
243737 125
252289 127
216431 108
237182 113
227484 110
226088 106
224586 110
257319 132
256051 134
194680 112
221398 107
259727 137
258028 135
262968 147
249101 119
255625 121
236387 110
245175 124
256749 120
245981 122
228701 105
260427 126
285582 145
243074 118
263320 117
242351 118
249092 118
282482 128
250105 111
275382 127
256847 109
251811 116
248561 116
254937 112
280413 127
265710 120
268645 125
198896 104
210348 107
214413 128
236592 112
204499 125
213436 130
238052 127
224793 113
240335 118
237488 126
250206 127
220989 106
223587 110
245442 118
246905 117
256867 125
278026 146
242011 114
241357 113
254890 117
260018 124
246475 108
256351 117
242905 122
252187 112
255569 116
223066 105
261846 127
266379 126
273173 132
218229 108
284113 148
244858 112
226638 124
225238 110
228576 103
281113 125
273192 131
232774 107
243023 118
269656 129
268055 128
240353 110
244053 116
241949 118
246354 109
244504 108
236084 108
264086 130
226541 104
264562 125
271148 133
263716 120
264548 121
214533 108
248077 130
206185 121
230754 119
236940 115
240868 127
217040 114
238709 124
240552 126
213956 107
257499 130
229930 111
236791 120
235714 116
238703 115
252629 124
265565 125
237466 112
227085 124
238117 110
244192 120
241548 112
234288 116
229458 124
267022 135
243615 108
243722 110
224740 126
267629 128
252916 112
249819 106
258200 117
270833 125
248358 127
269272 128
219936 117
268177 120
235423 104
255653 130
262128 128
244595 110
223540 110
245671 113
231015 112
203991 109
265583 128
234186 114
255341 131
204228 114
267368 130
227104 115
261706 133
205767 130
212653 133
221315 139
224171 127
226767 128
248515 135
219336 116
248421 131
252338 126
243961 120
253401 121
244670 136
233892 105
243252 114
253350 129
221034 110
261558 128
253483 131
229654 108
249994 131
257838 126
220637 107
261029 141
232344 109
226560 114
234895 108
224336 127
231855 117
234795 120
223284 118
233703 113
229239 117
253914 126
236972 118
235263 108
239687 113
237341 117
262714 122
240032 126
240981 110
250772 125
260803 107
273727 111
257611 109
280755 126
283049 129
272114 110
317778 164
267610 107
271088 114
209032 110
201169 129
200084 122
204786 134
203360 121
243233 122
225616 116
242893 127
234071 107
234993 107
231242 121
226878 112
239026 115
238056 117
240520 111
268568 130
236377 108
240560 131
243477 113
266702 133
224115 107
253217 129
234124 123
234601 121
235871 114
244293 111
254804 114
255539 128
239074 121
209969 107
251631 128
270721 132
258335 130
238036 127
259808 133
246359 125
261119 108
253422 128
257964 128
232117 130
229193 121
240117 133
249240 123
267371 132
284249 162
244776 127
255640 117
257158 123
277849 130
260751 115
245609 121
213327 106
206530 102
197826 104
209990 128
209293 125
206233 109
232448 126
194397 103
220674 110
194451 108
220799 104
196749 105
204976 105
211762 107
212541 103
225867 125
203977 106
206769 129
221961 123
209811 115
212596 118
227728 126
214530 123
221108 111
218837 111
231365 124
229600 130
218213 107
243730 125
