211599
218943
215935
225285
232639
230543
238476
236789
241464
255529
204416
207577
201111
212715
211409
208133
207893
228274
259507
248406
215351
207785
211309
212865
199683
212489
200125
204722
208020
213098
208834
215523
203350
208812
212226
202603
211694
227435
208569
207558
205983
208046
211006
208010
217268
217237
211884
212146
207351
220733
207716
204152
210448
219486
208983
214509
208613
248234
245072
231823
195826
210191
212428
203932
215464
256099
200529
239378
200333
217019
211810
211631
201598
208204
207101
211740
204152
219799
211924
207812
204061
211608
212963
223956
207465
231886
221301
216462
216416
212624
212001
211187
215879
208506
206875
211936
220229
208136
263249
251833
211314
207467
203364
206901
207939
211835
207860
255926
212426
209395
212505
218935
212419
204906
204937
206788
220713
211790
204280
216292
204981
211625
207395
207938
209352
217161
211942
211870
211503
220771
208530
208294
208441
220179
207459
212056
208210
208303
209160
208336
216221
214340
224078
213149
220293
200503
217353
209205
211987
212714
212396
215296
212457
210534
212008
207580
215880
212741
204381
211411
216940
207849
219316
214672
216494
217008
207739
216282
214813
212279
203447
216075
224149
224022
205393
208511
216280
212288
212432
208326
213508
212399
205524
209713
215940
208480
211692
208899
207718
216422
216120
212005
206607
202807
217293
207421
207913
207617
208853
216523
212243
221041
207395
200628
208421
208511
208220
209470
217386
195141
203260
207055
209255
208967
212362
211726
195290
224759
211282
212381
212942
204069
203738
204453
216629
215782
227874
263995
208066
208082
212365
213873
217486
217142
211650
209628
211291
204499
207994
216507
206941
216962
202615
211446
208742
200687
210888
220544
227671
203812
220467
208921
207924
207233
213155
213635
212596
205003
226861
227795
203751
203140
212295
220471
211949
211713
207790
212475
227791
231950
209877
212981
211990
207828
212343
216913
220363
204801
207220
214177
217903
215190
208298
211069
204299
204460
211737
208167
208381
212737
207753
213098
212409
211009
212067
212397
212292
215841
211484
211061
219494
217129
217026
206969
209055
223387
211999
212382
204815
216229
212510
208432
209215
219572
205112
211532
213149
205110
207459
212101
215650
204511
215668
211682
208532
222024
212622
207195
212587
212366
212237
212135
212606
207396
215595
215299
211697
211987
208361
208055
207961
211774
212643
213040
212068
212178
206475
208438
211696
217327
216093
207981
209452
207654
212488
221919
212563
232533
218179
212366
216448
204439
208670
223047
203680
213053
210700
212187
214633
212694
215860
211367
202572
218772
212011
205143
211004
208657
215635
220369
208907
217125
209006
208302
212549
215651
200814
208207
200812
212499
212501
208761
227551
209233
212158
209042
212266
202569
220256
211792
208188
215397
208188
204622
211720
209187
204866
212461
217207
209367
211682
208325
212420
209397
216046
209853
216257
212536
212005
219306
209065
216110
211470
204759
204412
210266
209985
215805
213851
215070
212504
205623
208307
223964
224999
212380
210403
208258
215248
219962
214105
228321
219097
219504
223766
215139
212529
217808
201428
204508
204966
212731
209117
211509
209767
223225
210664
210273
203919
212427
212060
212067
219257
209382
207544
212731
207969
216903
208277
207818
211536
207623
212268
212853
224797
204685
212141
212479
208028
207864
215345
211459
212851
212576
203353
222462
195644
208555
208591
208208
210234
216284
215498
211512
200437
211273
241066
230006
208096
212231
205736
212712
210985
215819
216416
209377
211310
207966
211722
212466
215728
207858
217006
210588
209063
212785
209031
212367
207227
215749
208877
207994
204159
202708
219910
211027
203654
215491
212332
212992
208757
201614
211832
207335
192139
212650
208238
199820
216482
208028
208747
212390
215993
200652
208890
207710
212844
205615
208331
212388
204898
212431
198172
200380
204762
216306
216786
225240
212404
215569
204567
207708
199847
216112
208590
213000
216461
207517
216189
214151
213590
213792
208430
208628
204628
208526
212459
215932
224671
208577
216567
212789
223552
204047
213554
204130
200260
223858
211403
212342
200248
204415
196054
219209
211750
212438
213310
209416
208491
204907
216203
217654
200901
212126
205151
212925
204635
212228
207869
208484
212144
201162
212548
204066
208711
212372
204349
208160
220147
220298
212319
212747
212033
209047
207590
208403
210073
211945
212241
204173
208381
208769
207518
223563
206512
211877
204143
208428
207801
208202
208243
213451
203873
196430
208294
211927
209091
213030
216288
208686
204982
208381
212051
211735
209099
208994
210469
215939
208314
200421
216692
208495
220847
215682
184170
208389
216202
209155
220645
211647
207679
200448
216143
212646
208303
204942
205693
204419
200029
204343
218074
204046
211707
207711
205721
209196
208802
208402
215456
208624
211932
208311
204901
209379
211848
211780
208945
208421
208270
200051
207980
236495
205834
208277
204368
216482
199979
208026
208615
212478
211320
204984
208279
211691
212117
208159
212245
199559
224706
224250
209017
208591
213802
208300
208115
204275
211552
217025
209094
216386
215910
208422
216425
212396
203881
208287
204778
203915
212342
217121
212474
212726
204169
207368
224000
216291
201667
212430
208149
207785
208101
211733
216247
211697
229145
208282
212410
203999
204714
202217
207521
216550
215671
208486
208357
196524
216710
208169
208247
208462
212308
216261
207962
212392
208815
210680
199837
211745
208349
213028
207587
208310
209061
205077
204522
220354
212407
216402
216256
212926
204495
204121
208503
211485
216015
211970
208675
211693
208629
215168
212155
208162
207792
208482
224259
200764
208597
209062
224376
209150
208013
217032
211911
214526
209594
212319
209458
204233
203841
213687
212239
212160
209011
213004
207263
216304
215637
212022
204150
207751
207823
207296
208437
207871
224413
217181
208730
212334
212087
217079
208611
204465
213282
207953
212652
208303
203969
208771
204107
199946
216303
216824
207935
231230
228098
204583
207686
216112
215971
207890
208192
211595
204228
195630
228293
214361
208721
213610
217777
213721
203408
216648
211858
215321
208109
215747
220574
208275
207931
208272
214082
208225
209326
216521
228322
216377
215715
208859
203422
216148
209012
212108
208234
207792
210590
216353
212556
208304
216576
212429
216871
212301
200526
214703
212366
200940
228495
259605
213044
204890
209353
212185
211606
216151
212402
212160
207922
208416
212393
207971
206198
208363
204216
208184
220089
206916
212248
212325
204158
204857
208701
204318
204570
208409
212059
208573
204383
208677
216220
204752
212393
216568
200587
212470
212747
213120
227649
216627
212966
216018
207654
216419
212448
215930
203393
207881
211425
216120
211515
209889
208622
212571
208541
200863
209121
259797
208100
216588
204588
240613
236673
216314
200467
204421
213286
218851
208143
216292
216596
215007
224413
212072
213382
212706
209442
224467
212131
212016
215930
216763
208348
211911
207396
212130
209292
195969
208117
232713
208889
224278
