138063
136209
137661
136255
136258
136554
134459
136872
137934
137249
137732
138646
139650
126272
126262
130706
126875
125821
126906
136867
135116
138262
137726
138414
136830
137029
137065
127637
126688
137384
140222
138691
137224
137341
136762
136344
131762
130282
131568
134112
135411
135911
137663
137615
138069
137928
136648
139789
138867
138343
137830
135537
137800
137957
138770
138783
137493
132496
137175
135980
138860
137966
132794
135987
136934
136545
137918
136486
136860
140933
136625
137526
138316
135893
137767
134773
137365
134477
137456
126523
136332
138533
138961
137045
139361
139101
137701
138472
137886
138459
138447
137915
137950
138645
137249
132360
138209
137918
136677
137642
134511
137992
136805
134036
136591
138376
140063
136839
145250
135418
135092
139343
137560
138231
137620
138289
124532
138715
134838
135974
139416
138746
139110
137145
137618
139064
138826
139098
139105
137105
134222
137543
124929
130097
135764
134331
136739
138624
138265
137860
135866
125573
129866
126230
136496
137715
135620
138144
139228
139659
137231
138258
133838
135588
138400
134241
134743
139170
136843
139622
140477
138016
139987
133982
136736
140436
132638
135642
137447
138005
139823
138844
139217
136816
137499
136695
138743
144126
134973
138451
135923
134700
137193
139449
138924
139348
138487
138658
135000
137752
136691
136638
136856
139128
133342
132365
125260
132723
137782
136732
