205648
199593
208139
211120
225650
227789
228918
232974
235533
231000
245254
223880
235031
245117
241883
236005
237632
239863
225277
274029
267796
238602
251706
258502
274865
233586
278915
259791
250152
251002
267908
290182
291170
294140
279212
255763
260663
283654
266939
301759
274642
274625
282299
295673
274989
271088
296655
291890
274532
296379
208436
210108
209809
204801
223470
223487
209745
213229
228219
213531
229872
226449
234829
243517
206325
244046
230057
218728
233887
233305
268066
235289
208164
250117
246786
239634
237104
265743
233737
302618
261425
222687
234588
229991
267715
236541
254635
237071
251911
278239
254543
273207
241841
269779
258025
243342
273306
268454
258557
257572
209943
206503
222122
208993
201482
217033
211217
222713
233619
213712
221428
206173
262864
244503
217452
220389
203805
211993
219149
217293
234096
212780
209357
220921
219034
230925
260328
254087
267311
233794
265240
220257
237413
252772
232891
244905
229777
238260
252738
267370
269228
245356
234462
268980
245464
261247
253185
249071
278788
263581
233126
219205
216261
225511
205963
230495
226769
213974
232552
235592
236991
219164
237955
215988
237353
269748
233705
268825
252166
221303
274119
227500
241795
213360
257273
223289
215552
230047
229145
271714
250057
260612
214753
248454
231062
225868
237397
239691
223390
246986
229428
250463
258092
288035
212753
229268
200075
229591
269727
270138
227591
271815
273886
229978
214175
265953
225172
215762
242923
225563
217858
247115
207862
224860
201145
209634
220161
217971
245645
226937
200877
234316
246143
218212
231283
241770
213970
246285
208376
237269
227351
269749
238477
206959
214338
208488
242387
262819
254898
251295
247083
242322
256694
219057
220394
261381
285183
273752
270148
225190
250560
239820
281142
278776
266442
207379
229529
220376
229532
214409
307179
243357
227148
233055
224745
221233
210682
221916
231656
226179
218345
263846
233968
214848
244199
280226
231212
229461
226426
263060
239744
244772
241871
264948
230062
209509
234661
230768
244067
272067
223248
242839
261206
231882
236917
238963
210620
241321
227905
231285
246975
251605
245228
222637
216966
232670
245146
251277
255051
270210
270898
239747
288940
268903
243261
273621
222961
240615
219249
255163
197053
260504
261868
221937
245461
236664
275872
245715
200727
230250
233275
268143
227848
233140
240999
227929
240728
278981
221628
216465
270450
224533
258551
242339
232154
234159
256156
221352
259445
265735
220588
215855
246693
259361
229530
230961
210802
272751
256774
250095
216612
218466
270570
253360
250339
274159
273010
224605
270422
226206
227227
213672
237836
261664
239114
218475
257216
230664
216950
234629
229708
226488
248604
260703
263897
248355
225374
260638
229829
264576
245879
226691
256923
225432
221973
249752
222227
249433
248237
241067
235934
240632
225244
232184
242759
204978
252828
241640
262787
249857
248742
244303
227530
232778
213150
232354
242205
248138
244830
244189
256787
230991
262168
248232
275862
218847
212401
230593
254236
217413
252915
233462
235297
221322
248868
237195
243616
264166
233162
222026
231032
232674
241890
240067
229999
244681
249866
257673
236916
253382
211717
251916
244888
218114
263100
234419
221409
225968
227254
237841
220675
232644
241323
263734
258181
281130
261134
252197
241069
234588
255877
231770
256164
217612
248196
248468
220874
216939
237940
272634
215866
234720
243384
209356
259730
243791
265911
224808
251679
218498
215962
229502
241363
237710
247012
224451
245240
238818
264956
274797
231448
232710
276901
265367
230580
216069
254405
243815
212413
262330
252186
228192
229406
209161
223771
231146
229843
212964
226899
237450
206193
222956
261608
231424
220818
284191
252801
210187
238645
235677
216915
280517
214634
233800
217459
216426
266238
210142
211120
244905
245761
244389
233472
232078
252984
212630
212700
254052
230389
228431
253078
204239
215399
229155
251838
261035
215379
241122
210624
251393
216481
264649
241253
258378
294195
216156
237027
245154
231610
227482
232073
241947
231258
240415
236062
224264
238507
243035
243416
222061
244033
251360
256667
261973
256588
238067
250524
241695
238560
221121
227910
242379
239274
226170
240002
226393
253005
227202
216798
269081
250692
229255
233026
223671
227329
235041
245109
210451
248258
249053
250683
244840
239901
284969
226873
234029
259390
238271
237791
250813
236803
253893
242869
237290
228431
236924
244291
267766
251738
243813
263120
244984
242196
238578
239722
261314
284519
278095
258376
232139
312008
224945
250448
274801
238754
232813
229831
233268
215153
247486
257770
253400
234251
231961
279902
246824
252477
265809
268803
242720
229202
231255
241438
305601
233144
271853
246577
250557
252670
256728
260531
254334
247296
250949
258950
257828
235883
223203
236555
235624
246146
242785
236995
265673
245403
214783
202025
248845
234371
259644
283808
215916
246428
250834
247571
243170
217213
208659
223760
244621
221933
232853
252346
273647
233837
222673
222586
205105
235103
223821
214101
230505
234214
221016
239411
224468
237928
251806
214051
253670
238475
250386
217084
236566
217868
222090
219822
245542
248265
220413
220275
219810
218211
262276
217868
265949
222104
279991
238693
236678
232794
252552
244866
297323
259550
276057
253122
252484
233088
232456
208769
208363
238589
206509
225054
241727
216341
229897
257934
208335
208063
257088
231933
217602
226774
247547
274128
229267
222003
223545
210865
229076
213150
280108
235577
219828
241239
232456
236131
198940
246523
219146
237233
224362
230321
231671
234568
218173
270622
208225
232531
218094
224826
233337
232928
238432
246411
253837
249732
236967
210180
231134
231558
222574
241325
217946
258379
209855
249572
247824
199539
225727
245099
217241
234003
221005
228404
239897
242978
233651
227794
224674
222360
240326
226575
213159
208839
233184
230080
224514
252850
230184
214857
253945
221579
222700
203746
245721
245179
228101
211788
263429
250543
227636
235836
229527
277147
230632
267545
256648
234888
250822
222449
237871
271490
248620
278241
222523
197417
218001
248076
244489
271746
243524
222182
214504
238658
266357
244517
273040
228218
245571
217683
208820
230015
219281
237145
242772
225170
229868
235370
246572
229253
209679
226750
248492
219379
198634
219573
221997
225619
209881
244668
225549
231232
224043
207700
234184
237274
281270
218500
240225
263800
244707
210650
277419
247614
236985
244778
261117
225252
218124
278611
230893
201286
253759
204902
211783
227577
242464
241119
227294
245644
240089
226162
220617
232930
249569
221600
250317
229313
284462
218127
252675
227442
239995
297434
237855
219143
288339
260297
218405
232709
222885
284395
226172
231349
215663
192178
221848
221903
216316
206019
218558
233776
236439
238055
225987
241224
255499
253604
213074
228299
214495
236460
240916
226453
236629
226080
221201
227639
214317
227039
227475
234498
223833
207998
205882
246072
228836
223875
227484
206583
229886
229887
221246
265105
233356
205476
242653
256818
249012
237487
235551
230912
210640
248959
225333
224139
270291
