200163 114
194643 112
191698 112
195107 111
183924 111
186520 112
187873 110
195262 113
190432 112
190599 116
203668 112
189608 113
196496 111
195719 112
201968 121
181343 106
177472 105
190880 113
190852 112
188511 111
198854 113
199115 113
190486 112
199550 113
189815 112
194035 114
198102 111
200495 114
186454 111
190244 107
188272 113
199634 112
197214 114
201072 112
200824 115
194715 113
188909 111
200846 112
185156 111
178950 107
194263 113
193935 113
190592 111
189154 111
195640 112
190056 113
193674 111
191879 112
194750 113
199420 113
202293 113
189698 111
191342 112
196711 111
189075 114
205864 113
182876 112
186293 107
186475 107
195864 113
190006 111
191801 107
181950 107
177758 107
201695 111
185565 111
203835 113
204652 111
184054 112
186944 112
193955 111
182894 112
187259 111
189447 114
206509 110
195155 115
189374 114
189132 111
191614 110
199675 114
190438 112
198542 113
196162 114
200564 113
205643 112
199706 113
193412 110
198152 113
198949 113
183958 112
187232 111
199791 112
211517 113
201000 113
203007 113
204434 112
195463 111
195554 112
209129 112
203798 114
192691 112
187199 111
204433 112
186258 112
189841 108
195763 113
190328 113
204427 110
195112 110
198756 114
205509 111
198194 114
198288 110
203522 112
203096 114
189667 112
197517 111
189413 110
188700 111
196990 114
190597 115
199570 110
203659 113
198391 112
209580 112
205306 111
189501 112
197994 114
203902 111
195178 110
198881 110
192019 110
204783 114
188024 111
201352 111
206329 111
200555 112
195221 115
191388 113
190677 111
201886 111
189859 110
198260 113
202476 113
200167 113
192994 114
199658 113
191382 111
192209 111
194876 114
193132 109
203788 111
189230 114
195897 113
205960 112
194813 111
186998 111
187169 110
199762 111
194548 111
197294 114
194011 115
197959 110
193615 113
195809 113
189452 111
205647 113
188850 113
183120 111
203410 112
196190 112
193747 111
194949 113
200545 113
186168 107
193557 106
199600 112
185035 112
184991 107
186916 114
188561 114
194222 111
192445 114
198890 110
185690 111
192317 114
196771 113
198818 113
189654 112
191813 112
191965 110
200010 114
188055 110
197895 111
200454 114
180600 111
190579 112
196662 111
190922 114
191139 110
