227434
250081
253628
251318
261342
251272
253488
260564
238243
259126
274514
253914
271511
266230
269632
260832
253337
247890
259580
274136
260280
259588
284988
266573
275682
248679
247435
257002
273966
286881
235245
280116
255471
240126
246361
245707
266630
250904
282955
241528
267927
251825
259407
247226
271892
258078
252958
236746
272030
272826
264473
232325
279738
256745
263972
286927
298974
279841
260288
260362
251891
253442
252759
274821
295224
236805
260168
273775
263601
284825
258646
258900
249322
268246
240125
260260
256369
266824
282072
272349
257027
260652
258403
249378
252475
258876
260613
253809
270361
245165
259295
242619
239883
211147
246442
236547
253048
232510
249487
226243
323278
223475
225969
234563
225505
231184
228530
223340
219099
221187
243781
237311
273129
237622
248936
257681
246725
248057
256153
257394
253137
255747
245742
265868
259908
283934
244907
312861
268767
286850
231482
279149
278443
269369
250807
276057
267082
266113
271111
244875
273694
283074
294810
265238
265771
311284
267227
315085
268872
260662
263200
272684
268263
265780
264435
246553
255441
269272
263939
255192
285444
267534
276291
275384
278210
268668
226491
271278
249096
256555
269674
264791
255487
276931
290181
248724
237674
267358
243243
266117
265939
267911
247146
251117
249867
272507
251523
271830
284000
244944
265521
294541
231663
241633
219626
242134
227029
221783
256707
260735
238798
265536
240013
226016
272242
252818
227231
245521
291709
251397
257834
253454
228759
236225
239960
260442
236712
252117
256929
259180
242892
264949
253668
255975
263524
250895
267908
250391
247025
241332
245210
231572
251749
246331
244618
247056
240986
254739
265916
255258
264814
245826
245107
273494
266568
273043
251745
258971
241953
263287
257376
242573
264052
270730
229238
313318
256179
254171
252505
251073
237275
259979
277672
259562
260614
284114
253997
270155
251670
287187
278258
253323
280835
274107
259477
294586
232272
272705
251969
288495
278259
258343
255261
280745
259021
238906
264683
268752
271235
268681
256141
263962
250923
286715
247882
246316
256061
236302
251930
261304
272107
233140
268475
259969
238245
289857
328125
252294
241669
249550
273212
261092
256348
241976
245766
237303
255332
263906
238783
303112
258323
273028
262115
295249
255274
259366
250827
242762
255046
255932
285126
228869
267519
250825
226990
248231
313318
261984
231550
269727
262075
261248
239412
246504
255026
231993
257473
276912
268361
271488
233852
232356
240446
265456
247220
244972
252253
259336
260467
274067
235904
248355
273922
264538
271064
263760
252337
250750
241699
290310
261463
250106
238974
225895
249358
236942
254475
254185
227037
273077
268459
245875
261938
237776
278399
251705
257262
265857
239460
264668
269296
235402
310247
257618
266195
252482
232504
271701
234378
260263
286385
247414
277728
302171
233139
225775
236800
257380
230977
243206
231249
233819
262372
235887
271703
236997
245233
265499
241772
269392
281532
264824
306038
261584
259666
241248
241029
252013
232846
268975
245163
250205
249722
227225
268380
265072
280979
228697
242899
249166
257210
258962
216587
254043
240894
253169
244995
274663
267750
256992
259000
236077
270657
279844
247284
251849
275471
270230
279134
280348
263496
284607
337645
318353
279707
252836
282222
268083
251669
259635
284955
264193
262789
272176
278599
276410
266921
259012
234043
263561
280133
273595
250591
277852
262193
247141
247847
280729
269421
248157
258811
279483
269592
261370
244944
235899
245677
260697
291388
241400
276131
294954
257517
241759
252470
263787
253137
229863
264190
264732
233149
248027
237473
269775
286881
252959
286637
284317
261480
256201
259470
315249
257372
264174
250234
248609
261489
289577
281907
246068
318581
275728
251582
270172
273177
257849
312561
293229
252113
260656
275053
307133
264219
260411
258021
277976
272015
270841
276626
269744
246039
271102
250213
281795
274151
286898
255486
252704
245393
261031
257911
270331
285224
267746
261502
242646
236775
255806
247147
277981
272788
271060
244266
259920
258479
298899
267589
235054
253414
289426
278187
266450
272528
262182
292118
262775
286374
273235
246012
272780
270459
253369
257456
269075
269304
258174
275975
271471
287786
272430
279034
269382
330946
258048
249155
234562
272936
264499
269954
282944
252165
243135
251313
245280
241542
278282
245726
250227
283559
228015
256370
234630
246439
325413
252004
268798
217459
239639
268187
253559
242561
245567
249218
292217
246772
238767
277463
271341
235382
247296
277430
248371
264632
281824
283237
259700
271522
280866
322730
278389
248155
271459
266958
274917
293314
291883
244513
254851
270599
284957
279640
275523
249848
268839
259197
277250
271769
272035
246405
273988
245572
277000
246054
265164
277769
279824
278734
261695
289908
283188
263066
281408
269374
267790
274307
280216
283576
301092
301313
261697
278103
290152
257782
287937
265441
289268
272947
276333
279355
275138
267891
281049
282337
268510
269909
263519
281789
274596
312873
295395
287662
285791
248889
260122
277393
256580
304032
321105
301552
276625
300878
284850
305708
277268
276296
271384
314810
281755
264646
309978
276876
292014
282920
295843
263874
284130
300508
287374
308911
314586
300337
265530
292420
308243
257941
276946
255017
260914
253708
257409
292820
266694
272354
291744
267487
276327
299330
235690
277033
247684
325624
270971
304397
241604
247071
279405
301268
262300
263415
264807
263831
261869
236561
277227
257346
300037
298645
308062
285648
288749
237434
300196
328759
317099
265932
261348
317804
335743
363963
271892
293553
254287
244516
244382
275088
264886
290435
286315
315620
255141
287737
295130
273503
255451
284084
247075
266308
238047
250515
259931
267030
266837
253064
276003
286168
274078
287113
287311
245562
273085
262451
262877
260431
260211
240606
264296
252132
254652
273296
248583
258179
273144
296474
290407
290984
282846
245961
253721
276944
288537
298784
269492
330118
285153
269134
303441
287880
305874
267188
322279
288627
263184
257702
261614
267977
256318
275321
271479
257496
263615
278182
327194
304026
288876
312444
279534
280589
304028
287350
269969
284686
255893
292469
298642
283893
334689
259009
276305
278220
252571
278907
283591
268354
247986
270655
271694
285987
272193
292377
265677
284850
277352
254997
291848
291525
291353
326219
297936
305891
299466
253089
276225
269541
310141
327857
294357
298208
242552
315828
271258
325890
284473
278945
249400
312829
249891
273348
354959
254960
303711
273626
301717
273471
304940
260572
264266
262594
320812
264486
271223
250732
245313
252743
257400
250730
275107
258364
276991
282767
269780
243920
284264
261312
265575
295880
280526
259179
264019
310583
301253
310265
307722
327528
295484
264570
269952
236642
280622
347921
341618
302713
273169
245945
315373
218912
219922
270589
301286
330581
231558
322202
237376
245554
264064
305709
292162
268690
287707
247569
239802
224992
225007
264262
330032
247397
260973
261131
246155
273767
252765
234774
242244
229499
248951
245378
260027
249437
252568
300673
243453
