253674 140
261505 142
264284 127
262955 127
261367 132
286020 146
293240 145
297290 144
260333 124
260930 130
292485 145
300256 140
302104 137
298721 148
280108 140
291198 140
246903 125
267858 139
300671 142
285503 139
285941 148
268615 130
307926 145
290213 142
251909 121
278184 133
304873 143
275554 123
313908 145
298901 140
271008 136
250585 117
311116 141
299008 134
307789 149
277775 129
287401 129
319019 135
324033 154
314296 136
312169 136
306680 135
296856 135
304749 136
306015 136
302069 140
342043 182
315496 144
309441 133
321874 130
296915 136
326820 142
337805 136
339808 136
308914 131
313413 130
270140 119
273555 117
329877 140
341122 145
276151 128
307208 126
332206 133
326550 133
339493 138
312270 122
338466 135
298308 125
322578 135
334155 140
315222 162
333159 128
311935 137
320339 161
323602 139
337197 133
301728 126
306193 137
291671 121
334242 131
301317 128
336593 135
375573 181
269330 135
307229 140
311497 134
333650 129
281086 127
262400 119
281130 115
264511 121
295026 117
300548 115
306836 137
281974 162
301959 135
273665 115
287494 128
345944 174
268241 117
248512 155
238675 142
222325 129
218960 125
229222 140
253751 140
249106 135
261140 145
263422 143
307858 167
304313 146
300086 143
298081 145
307495 157
302823 159
308529 159
313019 159
307023 150
305658 154
291929 135
312884 151
250182 131
298355 148
304970 139
297009 146
290680 148
278029 142
275381 129
281276 134
272936 123
314989 154
301225 131
286499 137
305375 153
250000 116
268989 124
290736 125
326676 156
307124 143
245073 117
273105 134
297381 130
331935 144
291625 130
312367 132
298989 125
318331 147
314877 139
270050 126
276641 133
300683 139
274194 133
250463 126
290725 147
264550 139
273956 137
295841 136
324080 160
278956 126
308691 141
299599 134
296401 133
300756 132
265432 128
288537 136
302869 116
289423 143
303517 129
270578 132
293256 122
377892 182
327185 136
314178 122
326678 122
264720 118
312946 129
300860 117
328447 126
268323 123
299303 133
314786 137
284964 124
312678 133
295221 128
335443 120
295800 134
341433 137
336541 136
310142 131
321512 140
291144 135
336663 140
334995 132
307534 125
284686 124
281583 125
293302 124
317162 136
293753 130
260330 124
242699 152
329253 139
254779 143
256300 129
278980 135
270251 130
265257 125
311319 165
233151 133
288743 156
261125 149
258012 125
259912 167
257421 141
295999 139
296582 142
297477 137
279750 145
292561 139
284126 139
258888 137
291248 144
300857 143
312380 155
306160 155
276909 134
289643 136
305532 161
267692 143
295305 143
304276 149
288834 142
275393 138
300099 147
302183 143
283685 130
307848 148
272256 136
304945 161
297356 132
252233 124
291918 151
317896 144
288507 140
298975 143
275802 129
280883 152
281513 126
297086 137
287133 128
328289 161
300635 145
272014 128
247524 131
259966 130
264451 128
272904 132
282529 141
309930 157
294214 138
266788 136
298538 143
298742 132
266543 113
311056 146
319141 140
274908 135
276735 131
310242 140
307050 153
278738 133
318817 138
264835 136
275626 137
287018 133
286987 143
255002 127
300555 145
281182 123
278410 133
281236 128
304687 131
314608 150
288437 155
288021 136
288319 135
301858 133
299139 170
279705 127
295221 122
279041 136
237198 124
323628 150
279965 124
358082 179
270193 122
307528 133
304512 135
317356 154
311152 151
282042 122
304674 123
317290 149
303213 123
278049 138
265568 137
294581 136
267562 130
253082 116
251340 119
298200 137
279753 127
231989 127
290575 135
275445 131
230775 138
239837 145
237513 121
257447 130
255296 141
281991 153
278835 144
283132 142
274096 139
281301 134
284126 142
277348 133
288527 150
282190 143
289168 140
289411 140
279814 148
249767 146
286893 157
280487 135
249560 124
281088 136
250908 139
274389 139
262289 155
268409 144
252819 147
294989 155
319590 174
334043 185
289826 156
286554 138
287791 129
309161 147
308540 142
282118 146
269500 131
318404 158
296481 144
314071 162
298512 162
285399 149
338867 189
249042 125
293915 143
284002 137
272002 142
275809 142
293633 156
298403 145
281880 128
315467 140
296788 139
305451 139
324008 164
322544 146
313637 141
285444 140
290614 135
290809 133
300801 154
292970 139
298668 137
259915 135
316150 150
329297 162
304794 152
306928 171
291270 138
301622 131
294089 141
289499 141
316658 153
296795 132
292099 155
284362 132
275037 137
292820 137
294678 145
311835 155
311855 146
290506 146
299173 128
332505 163
269072 138
314010 148
258692 140
273534 132
318114 132
309286 127
317984 132
278597 144
301644 138
300848 136
296561 126
292496 157
327330 134
327194 156
293650 128
294427 127
274121 142
338154 142
262830 125
355797 163
305546 127
289945 149
288088 133
247869 124
263027 142
314899 136
303508 147
270118 133
309324 142
346838 168
261974 127
276694 126
303677 135
289835 131
306074 168
303381 132
307834 143
264954 127
270246 126
240787 131
239127 134
283636 165
249813 125
241809 128
289844 165
233964 134
281391 150
254012 140
254563 133
283136 135
255650 135
297173 146
269201 134
278815 139
301118 159
284832 139
291230 139
262444 143
276860 146
267711 131
276417 137
282029 147
309673 149
292365 136
283505 149
318144 150
311890 147
323589 153
332824 173
289523 130
337637 173
321187 169
304263 147
307473 133
326568 165
303014 136
298041 141
306294 141
290679 145
306248 137
276852 135
328154 154
288636 134
273825 143
285231 127
294904 128
272239 126
282816 139
289823 144
296451 135
306003 145
287214 133
293731 133
296345 150
281812 129
302312 133
276675 124
313484 130
278286 126
296481 133
336200 163
281363 134
346908 180
335838 173
267847 129
241980 117
271176 131
279614 135
300737 135
324395 136
258467 118
301415 135
310394 144
288130 159
277354 131
287248 132
334677 145
289862 137
352170 166
282426 132
294465 134
303983 159
245698 125
313655 151
272289 134
272341 165
272591 125
276725 147
282663 131
278988 124
285846 132
268384 123
263529 165
314406 141
281556 133
296083 166
286284 142
288704 131
310671 133
302358 157
313958 138
299180 174
309848 132
254887 140
300497 140
318673 135
302229 130
303269 136
311271 136
242963 135
259915 140
241046 129
234100 145
284960 142
284290 138
269890 144
266503 140
330643 172
269528 147
280040 144
292377 131
269563 135
304756 187
236055 135
234672 140
244501 141
248119 141
299287 180
237390 123
255902 138
277906 145
265216 140
285340 149
280076 137
282800 131
288284 158
296663 178
275835 145
290084 143
303656 147
295865 172
297185 142
293776 143
284009 146
294137 128
282580 155
289664 138
272027 131
289419 145
296282 142
292210 130
299112 147
267894 138
284790 137
264426 132
256857 128
275523 138
250842 120
291747 142
267734 155
334667 182
274522 141
265612 136
242742 121
288638 149
304595 135
281015 140
280358 145
302187 161
264542 123
273791 122
334176 185
294051 138
277745 161
310478 140
309387 140
282450 134
281550 127
311356 138
276282 133
292992 136
292482 168
292436 139
254485 139
263419 140
276214 134
283542 124
279817 152
252481 137
280610 122
279500 137
288498 144
251404 125
275282 132
280840 136
308275 159
293481 138
286836 139
293341 140
299922 147
277275 142
277315 144
282197 143
280231 140
272585 125
290551 138
260174 131
275303 129
246992 136
296850 147
272095 139
314400 183
259431 125
303424 180
275901 130
277710 133
296734 153
299615 145
297668 139
303805 138
282471 145
238760 131
293258 144
227023 130
334203 199
288699 145
327153 185
292263 136
260394 144
266595 133
271030 137
272458 141
308955 157
272738 152
276989 131
322799 156
282195 157
285525 132
288361 164
282867 125
322086 188
299168 135
276420 137
327778 155
285163 130
280661 139
286980 148
291244 139
316737 153
297495 154
285594 141
281882 145
243790 135
285557 149
273063 132
288215 147
258245 135
267274 134
266824 132
297235 141
285987 144
271189 134
319095 182
274968 130
279693 124
257291 142
288649 150
286534 158
266079 123
284580 140
283260 122
259347 127
248258 132
279126 121
299710 138
275750 139
250632 126
266842 144
273920 137
276663 127
289270 141
289471 152
279761 128
286598 135
271543 131
312287 153
269841 131
301588 147
291625 139
268824 138
280164 136
279974 131
284723 134
336935 154
305965 135
336105 151
321000 156
281615 129
305686 139
312405 135
324016 155
305143 138
292212 139
312322 131
280110 161
293044 127
261406 134
314076 137
290921 149
327677 140
276646 137
304694 159
331986 142
254262 129
282079 150
276448 154
286433 142
285110 149
268080 134
302351 147
271942 142
251847 128
267221 132
291458 133
258553 123
284879 155
262198 120
247525 129
248906 126
265237 131
262102 130
297457 145
252240 154
255264 135
260672 128
276060 138
286414 153
284744 147
300250 158
275477 149
263062 122
273582 128
287885 139
276200 136
333703 188
274773 139
270315 140
323428 170
301398 172
299253 149
282448 143
303422 142
281944 143
277246 131
250989 126
295816 138
328110 180
279973 160
286982 135
294213 158
301589 142
297374 151
327480 173
279329 139
276393 124
291211 131
289620 135
277764 131
274532 122
270711 129
302093 148
272596 125
303982 141
293328 145
272454 133
252648 122
236269 122
290783 135
292889 128
301401 142
305772 141
310158 141
295371 136
309277 140
314397 153
314524 136
313831 141
262954 129
266478 129
314149 144
253323 121
282928 144
270314 135
283973 131
274012 154
276438 141
330485 154
281509 126
277736 137
252902 122
277735 131
281814 136
291728 133
296244 143
296733 157
305689 141
293856 134
320155 148
325997 145
293500 144
280995 131
346000 150
303932 139
337535 144
325140 144
293482 132
291258 135
330146 146
343311 166
280740 154
276755 143
344306 158
298758 151
284689 155
265509 130
234599 151
294939 163
294765 165
248995 131
282825 139
258795 135
269477 137
276540 145
227699 132
306387 138
307538 146
284943 121
233066 123
293346 139
296769 129
292364 164
285836 163
273157 136
249520 140
323440 187
287172 138
265325 137
284597 137
272166 129
327801 190
298845 157
293531 144
283846 181
269172 129
351294 185
281556 126
307307 146
305495 158
313788 155
316837 168
278147 141
280634 158
285028 140
278833 150
290640 145
284745 147
289856 134
243790 131
282982 137
288904 139
297066 140
288437 147
289349 131
305582 149
273980 135
263118 129
260381 125
279784 131
286684 143
287619 136
278015 143
287991 143
291083 142
262345 132
291512 150
280542 140
305411 150
296549 148
293685 139
293481 143
302538 132
302049 146
282407 139
301116 130
278739 139
298374 124
287700 145
326554 149
287781 141
307767 122
263385 140
311418 134
281651 129
294972 163
268228 131
288822 155
260243 126
329970 147
261688 136
252213 130
305851 150
248859 124
278290 138
273414 143
264323 136
272241 148
273008 144
270176 129
269036 140
271770 132
273983 124
266744 122
274856 134
250576 124
295633 139
262567 128
295811 154
292108 156
287052 135
298734 153
310724 133
303656 150
344054 190
267722 133
284781 132
265554 142
270939 127
239655 122
283546 138
265858 146
285101 139
272550 124
281583 130
263814 126
265726 149
241316 119
281664 133
267992 129
235870 119
292847 169
256677 146
241547 144
270426 139
245376 130
236934 126
254564 128
281231 147
253024 127
264468 133
