152130
152013
153658
153778
154054
150835
153998
154915
152804
153712
153434
151871
149680
149061
151581
154389
154509
153263
155091
153630
153891
151856
154322
152036
153306
154423
153617
153128
153452
150060
152461
152762
153208
153344
153395
154466
152931
151013
153875
155541
155721
154343
153239
154129
153687
150360
151329
153688
154548
150231
152406
157839
163160
147713
156063
154502
152464
151772
150809
151551
156290
153914
156085
153295
152300
152171
153714
155125
151754
153842
153699
154647
150666
153819
155399
155703
151920
154181
154052
154101
154397
154875
154151
152301
154764
153096
151489
153888
153951
152277
152472
157659
155479
154106
153876
152709
154157
153572
154916
153065
151729
149529
150577
149880
153488
152918
153307
154203
153929
152947
154934
153422
149779
153262
152825
155478
153773
154649
149227
154809
153355
151414
154340
155739
148474
155837
153218
152884
155188
154677
154269
156148
151654
151766
155124
155171
152515
153164
152918
147956
147564
153693
154949
155532
150619
155174
156425
154336
152466
151301
152200
153152
152741
153127
155176
153014
152817
151491
150320
153110
153477
153156
153640
152973
154556
153667
153369
151437
146177
153846
152404
149667
152195
154064
154251
153859
154661
150906
153447
155664
153078
150762
152237
154708
153244
152917
151854
155107
155875
153285
151131
151497
152470
152411
154726
155602
154957
151609
152644
151763
