200201
209941
211188
213844
210962
211218
211101
214250
215308
208473
210787
210905
219065
209563
215100
212827
209104
209033
213363
218148
201874
215099
215861
212111
214402
214976
215678
212007
215832
217502
214296
212482
215489
215422
218073
214768
210932
214825
214882
219304
214970
211320
210857
210975
214810
204084
210116
214097
210561
210415
218862
220586
214344
215118
210876
208755
211722
218919
210187
219421
217629
211600
214864
207913
211271
218176
215335
217595
212043
220192
211113
215079
213173
213307
216371
211366
211030
212953
220309
210483
219213
218881
212101
215388
216726
215999
223545
216830
217941
210389
214891
223238
207608
217687
214312
210607
218737
214471
210781
210682
216342
214282
214759
217536
214778
211766
214090
211954
211690
207727
216474
217390
213964
216235
216103
211655
216218
218342
211682
216591
211188
214070
213299
209579
223788
217475
222506
225725
218048
215058
219113
216268
218064
213378
211943
218927
215908
217585
217916
213858
216329
218486
214886
222612
215024
218658
211832
213875
214886
213985
217402
224145
214672
220775
218106
219236
216315
215071
214408
215706
213531
216322
215028
212923
215534
213277
215610
217403
214312
212615
216610
213931
208685
211926
215134
215814
218255
216649
216075
218284
213644
216384
215329
218243
215899
218907
217806
215824
218123
211538
214232
211496
210383
219286
210964
213521
208749
217484
210305
209906
213065
213810
212538
197459
209386
204793
210864
209178
208301
207928
208479
205099
211073
215480
211485
207318
209300
216545
214137
210723
207503
215135
214310
218205
212437
212931
214670
212877
209248
211135
211904
208871
218397
211858
211619
213294
206039
205492
200969
218979
211939
212778
210625
211975
209480
215085
217693
210694
216618
215211
215182
216242
210902
214536
208034
217844
213750
218200
215662
215089
219507
214039
202011
210299
207613
208452
218735
211810
218874
210128
216130
213763
212772
213968
207461
212123
217444
217555
218222
214955
209004
210423
213392
216359
218291
219339
218769
214824
211042
216163
210002
221925
214911
213834
208185
194999
215008
217916
215552
211054
211798
217041
214802
215231
218690
216251
214477
200939
216012
213469
213258
222937
213798
208521
216548
215765
221434
219333
214458
227062
217948
215414
214946
215626
218397
209563
218951
215073
219246
211117
214566
208418
217717
208544
219406
214172
209469
216871
216253
201050
216068
209556
215142
215288
219267
214084
207997
212040
223056
207355
212902
209814
216746
218893
220587
217479
215209
222493
214693
215338
217952
222222
215054
211903
214071
201233
209276
207438
219283
219613
214837
209012
218892
218917
214849
214421
216301
215700
210152
214589
211463
213250
218004
203283
215923
213706
215779
214503
218841
217835
217444
217420
214859
214040
211044
205119
210010
217196
219125
218626
209356
219216
215565
219079
214290
214312
215470
217294
220571
218569
220552
210356
223798
199033
222375
214278
215728
215178
220562
214122
216785
219643
216387
215780
219496
212764
220156
213737
210556
213889
210852
215957
209428
209637
202360
215708
208688
218329
211137
212306
220011
212305
215687
204539
205112
206057
210775
209728
211902
215934
223652
202363
210833
205952
211343
208516
217395
215378
210381
214449
212560
210614
211231
207939
213789
214324
208714
213617
215602
207751
217592
212129
210763
215241
197032
220107
209472
209980
215808
214921
214931
208227
210488
215294
215457
209888
218135
210527
216160
207938
217728
214311
218615
211014
216362
212399
214864
217743
212989
217505
