101090
104180
105902
111361
118810
119500
126726
128246
121932
125363
95080
93215
101420
99189
108198
105468
114256
111282
112878
117072
91593
98782
94814
102678
98028
111711
113189
112989
109956
123193
99131
102963
110577
121291
97652
114933
121249
113471
121635
128802
86784
96628
93191
98610
96385
95668
99863
99679
116144
113508
120762
104963
99298
101164
109102
100289
101266
98002
86466
100259
97592
100887
97951
103744
103960
93902
98707
99398
93637
100632
98993
101081
98042
101222
101152
95561
95343
94724
104112
96288
95734
97257
96757
98273
98383
89310
97530
93614
100186
105515
97622
94212
96621
97730
95021
96717
84140
96403
94318
100220
96609
106766
99559
100188
102163
95658
96255
105930
95686
90129
95321
104446
97768
95289
104839
97669
97861
102305
101007
97661
97076
99653
97909
113190
108866
100220
102216
108698
98131
96424
96828
96949
99137
94684
91775
99818
97297
96110
96655
102135
106522
101554
95307
93397
104338
96765
91005
93105
94625
86107
96778
111264
99296
95685
110506
109366
92860
101098
103793
82986
96514
102590
92626
96690
100905
95613
118734
120746
92572
97422
96333
99106
94984
101299
105584
91432
97093
101946
94773
106915
97418
95601
96971
96408
91586
94714
95379
98847
95460
99382
95385
95877
100839
94591
87603
108651
98576
96750
95962
100934
112882
100517
97889
96614
96996
89332
109005
97986
99888
98051
96892
97736
92421
95792
96215
105830
98426
87775
103305
96220
91055
97373
104792
98755
98707
95908
99050
94616
96523
96915
96339
91385
97417
94260
95812
95497
97810
102737
97415
93367
95655
94867
95913
96534
95790
94736
96224
95703
110056
98075
102284
95474
100623
91722
87316
95594
95779
96497
102658
95731
117604
124406
88956
95032
96792
103583
101639
97826
90797
98170
95809
97436
104944
99518
96700
99569
87932
100036
98711
92041
103425
88566
97483
98731
101341
100843
95236
93424
88760
97355
96826
94342
100233
89963
96072
95079
97731
120446
116071
92307
99309
95757
101254
95613
96584
93317
94523
97273
102708
107156
97037
96115
98676
98088
93336
101971
98047
101707
102183
95860
105196
97175
100045
99295
103633
102214
100784
92008
101787
93091
97597
102348
98618
95729
97731
87772
102997
97667
96112
95248
90534
96784
96239
100019
99849
104268
100236
82378
95705
100138
100377
95206
101543
96431
95443
98080
108533
96079
97046
97411
101081
90897
100237
97295
97163
97456
100750
110713
99423
99550
100767
105435
99895
96963
100058
94476
98876
95365
99794
96589
95023
95188
96552
95981
94761
96042
91221
89824
97897
103845
97883
94098
97749
99005
99054
94098
96880
111439
96608
112422
116579
95068
95978
96694
99547
98397
96606
104685
112299
105676
121277
117948
115426
101365
97528
107042
94726
96175
96479
107651
110177
109188
106056
114188
95498
98246
103539
100124
94936
87560
97697
97019
98378
95530
106192
95992
94322
94677
103719
99124
113565
110230
121286
118241
103127
112694
139806
88496
97897
105462
100707
94855
102297
97279
95190
100211
98826
97114
95172
95808
90824
97220
96368
97462
90898
104511
94601
99948
97901
93940
90277
94733
110428
119174
110715
115044
121227
98046
96235
96721
95485
96046
94271
97904
90038
102924
100304
98443
101730
103561
104771
97588
95370
97223
103792
96267
103414
97598
96033
103596
95933
105808
103113
100097
93598
97303
103183
94060
96664
99725
97449
97710
96663
98502
97328
98126
96100
105515
98081
95609
97902
98400
92338
97336
106151
98594
91733
94796
99573
96977
109345
96701
95692
96813
99039
102849
102367
102738
95980
98028
97283
85130
103396
96123
96207
97478
104051
105820
98896
101766
96401
96979
105606
92119
104023
95591
104732
99797
105401
99254
99774
91607
99515
100963
85750
99048
103865
111185
94119
97607
98030
104594
104187
95962
94135
91326
97679
102739
100480
100211
88669
102347
119330
105735
103102
103482
101232
101878
96445
96253
98624
101376
92655
97844
99559
99029
92460
99307
103665
94577
98464
96916
98755
98677
95081
98250
97812
100564
97887
94084
93117
107979
92533
98613
96651
91767
108614
98778
103414
99135
96909
97197
104527
97364
96540
93988
96590
97367
103624
105382
95739
93998
99127
93851
99931
96811
99046
103342
104188
104024
97117
111120
103231
95873
103966
106508
97378
98669
106373
98318
93469
95766
86299
96155
97879
98645
96921
99877
96994
93690
103441
92420
98750
98638
96980
97128
102493
89507
95496
108464
94677
116409
110345
103519
101900
96451
98691
96464
93733
99264
97043
97941
99186
111876
95100
97577
97750
95702
93151
96041
93800
97553
99051
103399
95236
104188
92798
101488
95215
100630
104438
101450
95099
95000
104250
100365
97162
91970
97568
99216
95867
96737
98081
95344
100851
98166
105764
99282
97578
97109
104574
102622
103966
101335
97785
97506
106575
105288
93617
100038
98374
99239
97342
97577
103456
90198
105386
115667
112239
96604
96338
96060
100315
85865
104266
95663
108282
97594
104486
105712
100563
96744
95312
99912
96738
98778
96519
94649
88352
96830
96648
97739
98472
97721
94073
100635
95302
104144
109316
84742
103001
95812
94854
96411
92039
111260
97256
95624
94850
94868
91542
95194
97104
93769
95138
100630
97073
96905
91675
102215
106057
98501
89513
97686
100657
100787
96222
98572
100739
101931
87644
99598
98311
98108
97048
93688
99146
88449
102736
99027
108274
100543
102139
97657
95016
99563
97838
98497
94940
86514
97474
102192
99780
96688
94226
101431
94302
99590
110881
96081
113417
110780
99467
92015
93766
98968
109909
97129
96018
94505
92218
110236
112045
97279
106110
101069
101750
95143
97017
101845
99332
97263
90042
99175
104195
89749
97001
96612
96261
96826
96455
105190
98454
92001
95035
96949
96732
96301
95488
97478
94754
105356
97585
106406
122852
104125
101039
95869
98397
95842
97569
95135
97448
104398
98824
101982
97262
90096
96221
94071
100171
97167
95799
97388
101668
98128
94039
102698
100266
94908
94405
102870
95759
99009
94793
100411
97283
105521
97693
97578
99430
93379
109397
96502
96072
102465
107704
101440
101884
98537
99644
101633
98825
95103
99028
95757
96456
92818
92153
95334
93402
96763
94147
100394
96973
99077
93889
94955
104482
97036
99833
101200
100820
104568
98005
97445
92909
95036
88661
98608
98531
101194
103382
97049
96102
92751
93838
96507
94501
103315
99400
96826
98108
100132
98024
115723
107419
94416
99016
94215
96118
99769
97917
103322
96300
99018
96734
103949
97033
97255
97992
104135
103004
98211
103657
98491
100006
103246
102812
95994
97209
90982
105397
105490
97392
97087
104974
99986
97783
96676
