248979
246946
246291
250530
246343
255592
256732
246623
246385
251443
254628
246529
250611
246589
254648
250435
250680
247094
250923
251109
255477
250415
246520
246869
250563
244051
250450
252475
248429
250190
230245
242252
247858
247186
246693
247301
234429
246580
244803
249048
249129
246975
236170
248097
248716
248500
248880
246940
250538
247841
244368
247299
246634
243337
245900
242574
243954
246849
251553
246463
254341
247975
247402
246789
242551
248997
248671
248941
251610
247053
254085
255496
247222
246900
247043
245126
248904
246303
248091
246956
250378
246799
246535
251023
246157
246719
250505
250615
248547
247022
246043
254655
246634
255488
251368
254605
246994
250602
243370
242084
254927
243768
250950
246726
245345
248637
247688
255213
246511
246801
258850
246383
247155
242758
248588
244681
247264
246314
251106
246580
246576
248860
247885
248605
248818
250882
256345
250241
249072
246886
247847
251516
246671
250779
244986
247855
247284
246644
252388
248786
250605
248437
246459
290547
250547
250507
250538
247780
234268
246266
259267
244379
246735
246919
247534
246464
254721
258505
246633
250443
239251
246717
250891
246612
252589
247064
251169
246547
250918
242555
254374
251667
248214
245414
250341
239527
246482
247892
250900
248147
246912
246518
247045
245443
246506
246516
247109
246626
251005
247585
251712
250578
246300
246654
254625
254258
255543
246701
248554
246668
