103309
104486
104880
100382
105966
102960
106454
101911
106074
104980
103228
104764
106574
102935
104019
103404
106024
102656
103586
105492
104033
103086
105661
103969
107040
93024
106143
103328
102224
105956
104523
104293
106687
103129
104785
96554
102222
105721
104751
105138
106394
105392
105890
104336
102167
105350
103773
105853
105337
105188
107070
112737
104615
104926
104101
102823
106765
105576
103566
105698
108040
104841
103180
106772
106067
103623
106774
104201
105950
105300
105201
103035
104577
102944
106776
105040
104410
105150
105010
104798
105390
105345
106792
104043
89575
105785
101592
95626
100410
104191
103835
102968
101031
101433
104664
105323
104749
102576
103331
106802
105039
105165
104790
104949
104024
104047
104107
103054
107701
104309
106669
102414
99327
102995
102277
105422
104701
104313
102024
98482
103347
106549
106176
103616
105847
105986
101408
104136
103760
104354
102295
102256
105192
103086
99973
106615
103470
107030
103261
105716
106263
104741
105509
102940
106171
114980
103106
99228
101725
100294
105850
107509
105884
103383
106248
103287
105499
108184
103475
101996
103475
105469
104739
106055
104783
106502
102416
107112
103382
104538
104985
105409
105416
104839
104162
104079
92725
103334
104229
103893
104326
103649
101685
101566
105226
105608
106095
104537
106369
104792
106660
102520
99682
104126
103822
104412
104228
102382
102542
101236
103986
105530
104675
103966
104766
105130
104728
105378
104534
102177
104665
106151
102586
103181
104483
112589
101878
107169
105527
103248
110225
96620
99322
97389
103424
104434
110963
104710
102275
101787
104830
108226
104253
102680
103599
107852
104768
97913
104780
104710
103951
102169
105239
96585
103905
98723
103017
99240
110175
104441
105283
105568
104572
104824
103446
104566
104524
103181
105732
106073
105068
106744
105835
103758
105415
106699
106324
103695
105677
99297
98925
97311
102217
106125
97389
105209
97679
103390
105690
104650
102093
104340
102169
104463
104033
101973
104222
102231
102379
104483
104713
102142
104680
102605
102753
105465
106058
100927
105058
94989
105787
105726
102936
102411
99038
106744
100880
104130
105712
112527
102615
102084
103824
100732
103608
100613
104519
104092
106367
104263
102440
102575
112582
104097
103249
104222
105018
104619
102297
111575
102279
102394
107343
106734
106991
104084
100181
100911
102274
103351
103637
106370
106825
107088
104249
101532
106374
104302
103228
104897
103223
102720
98458
100252
106270
105491
101963
112409
103012
103840
106198
104809
103005
102523
106002
106327
98499
107075
103432
103230
106980
103166
104682
98903
101815
105290
104115
102709
105969
103937
103727
103528
104627
95858
102533
105687
103855
105213
103237
98741
103683
100337
114218
103265
101870
105496
103986
104997
106935
103257
102828
104678
103186
102316
107107
106542
104815
103156
103720
103921
104528
98314
97554
105276
102490
103557
101601
102194
104997
107478
104894
105558
104363
106227
104867
100673
97296
98461
105100
105546
107901
103389
107317
105169
104629
104740
100972
100680
104262
104768
102256
103526
104989
101560
106084
102954
106288
106263
105326
102599
101367
104959
102413
104452
104647
103104
104663
104302
101304
105764
103227
104510
103974
104525
102980
104308
106728
106257
104331
104806
105298
103677
107445
106482
105805
105623
106154
101421
103873
105970
103112
107535
106680
103199
103518
102006
103107
102663
102073
107345
105466
105784
104698
104603
104096
104799
106500
106035
99499
99826
