102581
132999
139741
139392
152838
152211
155225
141452
158784
152765
157123
168674
162484
158635
158740
126220
144754
143607
163484
156991
171216
160653
166563
167711
153936
175837
159293
130568
94360
182309
163541
140027
141975
164960
178234
152433
175014
159008
179522
158431
143604
167770
175418
147545
177782
91457
173150
108489
154248
191248
142936
186504
145935
159893
178461
157620
176581
162395
186035
141461
155461
141049
148383
143915
174041
148426
153691
167696
165598
155213
169125
182369
171107
166591
163468
178997
128304
135909
145780
130051
157235
138059
121894
144648
140139
125484
125352
152855
111408
164707
149562
128589
107844
142807
126203
157524
173438
110473
133038
113964
118401
107459
118192
141643
153072
131045
151892
151311
134054
113342
120127
138311
119042
143513
139434
139956
158914
142547
148720
139289
138247
142737
145407
146996
149841
152291
148197
151338
147925
138274
141295
140120
135458
138643
132720
132975
131080
134033
132040
143033
134206
142668
146341
138638
141986
159971
136724
142293
168285
140892
159832
147993
153238
145532
143689
127645
153578
139909
152366
146335
125529
156023
141999
144530
154287
158864
135205
148913
142015
164169
151333
154913
161903
136378
164412
147495
161091
146952
135966
152366
130897
149700
154804
144836
153049
162063
153963
147342
138217
134143
121441
169638
136114
122512
127680
130992
141627
140136
141488
143368
137184
134385
143039
140974
141173
142331
136018
129509
120222
143004
111571
144970
146812
141768
138616
138771
152759
146670
149737
143839
136597
159090
149845
148108
140307
155518
145980
149447
148630
151349
146793
149877
153134
155605
152594
154373
157098
151014
159089
153534
166724
150883
167165
162198
142559
167750
144744
150179
136878
150696
153184
150134
169888
154669
158161
159770
159228
146076
153346
156858
161325
169767
167163
155495
165434
163273
157454
153082
138259
156395
141324
140682
133177
130071
143113
139637
150064
168367
139302
176466
153722
142567
147311
150993
151864
134904
132251
143041
138255
153484
142739
139157
147925
134802
154858
141012
146086
162099
144049
158188
152995
122719
149466
134686
131692
150543
145161
144700
149034
170279
146337
143783
154833
134922
138300
146587
165869
146237
151683
168997
126281
148063
142575
166256
157607
153357
153152
165227
156937
152657
155139
149996
145417
141851
146692
153564
145722
159361
156722
154288
158389
163938
154396
158579
163831
155864
147239
153546
138813
154859
168859
149858
149922
152541
141622
145110
152200
156413
131841
165614
164683
166370
174454
133805
146529
128117
160440
154268
154143
151960
139342
165081
151546
161454
159017
172601
147264
152508
159455
145490
144969
148852
140627
136157
143411
146889
140765
178743
159110
156015
154473
162107
161491
169638
163485
154314
159308
162355
140891
140963
172177
162252
146398
146563
146458
165538
164091
170897
174224
143052
144428
144031
113681
147707
143540
148504
126685
166484
121832
127286
149339
150816
146088
150169
155727
152180
147631
153693
154127
148471
152983
153688
134308
162380
146219
156758
171004
161592
122971
167208
145617
134016
142121
142972
145268
135898
157224
153669
150944
144604
165433
158798
144583
147719
131261
127799
138812
136243
141250
145078
138394
150838
134242
138201
134404
156399
152729
144073
149094
149036
157694
142586
147201
145588
141666
154579
156978
149835
152909
144572
149379
143553
174670
138903
153763
128779
143026
179748
153799
166515
144018
135868
153982
143611
140368
140793
135261
138814
136663
150684
121872
126824
135584
122704
139689
127313
149353
164709
133532
143398
140089
141810
136902
142126
139231
143985
143311
159423
161428
150356
130292
135053
131105
137960
137489
136211
139463
146467
151388
136143
150283
128319
156131
155646
125776
138250
145207
146760
138666
157590
141181
160460
155237
157471
154273
154628
152683
138039
158402
159616
139949
159930
144899
150353
163101
145256
152717
147420
151658
142014
144942
159169
138632
157919
137220
161347
154814
154631
147593
161703
162429
161164
158170
163377
137027
156280
144635
164862
140935
169778
160084
160930
158103
154623
176372
158947
155209
150409
153418
159497
161668
164973
148605
155721
158492
158156
159569
163691
142436
155636
162196
153568
156402
141166
168429
155426
138180
129436
136713
147421
151911
144950
143715
138365
154605
150892
143633
134066
136817
148620
116137
94611
137704
121825
142252
159422
156539
124772
106224
137081
140393
152500
156160
142900
146008
162998
125627
119694
115100
134998
139816
138737
143591
160440
152892
155392
151990
155551
152610
162151
148592
157478
165187
165865
160913
153501
119290
159868
167361
163918
162540
143609
153162
125565
130172
150204
173300
149947
133579
169263
163621
170256
139506
162639
133513
156514
135446
157731
145961
161539
137988
155230
129351
151909
137035
155338
127790
161484
131827
110514
147234
136181
133507
143940
139472
131572
144313
115869
148525
163229
170416
167610
144308
172080
139929
156672
148184
146131
126385
142818
168713
127598
143615
147046
144025
171549
141495
144992
150611
179843
172966
172575
145324
143853
142037
123070
134748
143653
122415
157362
156453
144414
149263
157361
137412
151405
121169
159436
164247
149416
149682
152318
125344
131468
131914
137694
143380
138514
140353
136913
149855
109996
144984
139810
152093
163260
149590
148925
167619
153660
173250
146182
172319
164583
151905
159389
154216
166670
164298
158923
152273
166196
152724
152841
162615
160875
168594
150750
166911
173380
146708
118892
149633
150457
153501
171760
152075
162076
147500
170190
165711
174499
164365
167852
173001
186816
191245
177580
177823
155979
158234
169796
141205
161254
160825
180045
140128
151689
164652
157618
157087
163945
150059
160161
149836
167410
162834
167306
163592
135518
176186
119391
144622
128076
165432
158401
167454
126679
165160
166518
136482
154399
141653
146948
161843
125303
168842
134931
122913
131473
120986
125962
157384
183350
162560
128791
129541
132186
139627
133983
147518
144687
143598
141914
163922
152141
156635
155144
156559
158496
157160
175565
176283
154418
154103
159630
158914
148630
184330
156860
157092
144012
121246
156049
145092
155104
142683
146889
162956
117228
148407
137418
127050
122001
119188
155383
127924
145563
129330
146846
129601
162797
156420
146522
163906
155374
161548
164172
163195
167984
160951
170256
157731
125827
164753
164671
127760
164001
146434
156905
136369
138963
156685
146133
161781
186810
144184
190753
143776
157269
151042
141662
162306
156919
146188
151961
143182
124676
125735
142758
126515
135361
144537
154147
134567
154221
132406
143507
142448
117032
149434
128714
157288
136201
160243
138974
140304
154985
104733
155355
151190
142392
124122
108431
127343
147013
130745
147239
139241
140857
154144
159135
167536
145512
152265
141930
149209
152131
144602
153567
149683
135478
151725
143738
142489
157925
137942
164372
144000
152770
132593
148191
155915
151182
143350
126870
133949
132983
127245
120588
132638
134109
133867
134534
144261
130278
137143
132288
138999
158127
