103670
115469
118474
121019
119357
133192
144060
147499
150040
140728
153269
150792
136041
134718
155089
145659
139980
139547
134092
154536
122896
144863
157566
156661
159943
164552
142673
132165
137596
134893
144742
149294
134612
157172
140202
150190
135947
133791
161946
170323
150129
146616
152422
159443
146980
153412
148853
154973
143297
145408
102778
120263
125874
84849
97092
118180
145223
145140
153099
139639
152771
143495
116658
144469
131630
135273
128662
130919
147529
145144
131199
127254
128263
124642
125995
149765
151847
127447
147583
152583
140822
143405
138576
138616
144886
135338
161057
160384
161658
165323
120652
167460
163881
161888
161181
158768
160407
158836
148023
155673
171543
98111
101820
98086
101191
118490
158696
120049
120755
156617
147130
142394
140692
132691
137931
148795
144898
146836
144036
132479
135436
142473
135418
131040
171190
147485
141891
148334
137691
125963
136513
119651
109380
140022
157413
153731
115247
161561
149540
136902
141175
142336
144466
138774
141819
157885
121659
144039
143028
145464
116467
147799
143320
157665
143861
103672
90289
89984
114542
102056
95686
100827
95380
117323
112627
110716
113027
107125
102748
138149
123073
135951
130238
138295
144883
153370
129408
105922
115429
137275
119656
121235
137259
147086
145571
148663
151486
141332
136729
140881
140203
128971
132070
161400
153315
160314
145177
137444
152097
148694
157811
154003
158717
161897
156725
100308
132224
92421
107319
117884
119419
113390
122442
110840
122564
118598
128781
131676
123321
99606
100868
117739
144288
125412
149015
154725
139069
160508
150471
151417
139986
138873
133765
139988
148103
128342
157349
157001
141107
153581
156090
118031
138281
99543
141584
141052
139264
131091
119334
123765
120373
155824
158143
135067
149542
156879
124279
120525
121501
98724
97802
115276
120038
126384
134689
101529
109450
107094
114544
130204
111905
101180
101094
99091
125319
124054
125822
124097
123142
134267
147752
143983
146664
136430
143581
118070
155244
152427
154639
141220
148943
152581
132909
171758
155119
146791
158961
139090
137441
127723
159947
163784
144704
136762
162998
145394
164080
144941
134783
129803
146816
144802
168189
168708
119571
120145
124162
145543
153926
151676
153800
107852
153219
105197
112956
114795
125668
117985
133923
110377
133161
144824
144618
127475
145144
146880
157953
153383
109334
125352
137087
123275
125075
125562
129255
148408
140500
139697
126418
135166
115490
128101
133269
144977
147784
136404
130277
152356
134919
123233
159237
131293
136497
132116
134862
113413
113450
140425
167318
120286
141205
141364
135165
116917
100380
101525
97982
107501
107803
118572
83868
92528
90912
96215
111768
132407
138461
139766
128079
115436
141858
143568
160371
160792
141473
153064
145951
164817
158848
129092
149381
139823
149572
139086
144606
137223
137230
153522
141044
154897
133729
130200
139572
129144
149012
131722
152723
157479
157626
141994
143282
130554
125502
111993
137230
99870
144509
100926
103106
96683
112173
102442
95991
108917
108236
98102
91194
125199
133093
150457
127920
153968
146383
154131
155919
156499
120040
122979
130198
130312
134410
130827
90682
130887
133121
147153
128350
129248
134870
97230
128581
138859
141944
146950
130161
134572
150769
146342
147594
151825
140777
139374
150034
141656
150323
162727
159026
138757
114108
147573
136480
163897
147073
167834
142420
104946
97206
115708
90721
100376
101063
99685
118986
104910
115114
140040
132776
113593
121068
119883
113556
123646
126545
134170
132097
122186
124637
124589
136178
133680
146512
134929
134511
160368
135804
129389
121156
128788
133301
118979
125639
118167
113630
161871
169461
153623
151098
128236
160811
159414
142073
157013
160405
166523
126901
107321
130193
89163
109337
89970
103725
111469
117796
102075
89913
120600
92658
148885
145108
148732
122271
129973
124190
133619
137279
130982
127871
129412
156596
145407
147208
139931
134820
131982
152662
118938
159158
137512
140849
136646
152663
163283
158230
122801
150472
141389
165126
137821
178310
167806
162042
134231
167113
156545
155185
162415
172853
165165
162594
151568
110164
129660
93176
108599
114252
107815
111666
95744
95381
106658
98402
116226
114063
118774
117020
97200
127354
98529
126241
126368
125470
120670
137432
129712
117612
138131
120769
139640
125025
151509
142429
145162
131862
152349
139823
152994
158935
137027
145964
146895
160994
149414
148240
149839
104691
114212
162909
135969
146770
151132
132148
116307
140911
152155
143957
153660
128410
108601
108347
107388
100352
108162
105244
100163
125320
107485
122635
103934
98990
100554
106031
118938
113572
130835
146406
138732
132778
127902
118573
127001
134094
127429
151664
136793
147529
134137
132919
149148
139322
137790
137071
159961
129067
135901
109605
135872
145512
133396
131806
141797
113254
144735
142089
105839
142833
148423
153475
142881
150030
152036
121424
139402
116024
111713
113139
124366
111883
121791
106851
100413
95749
100829
100044
109628
113604
111643
117946
108367
114320
120132
115762
131309
116241
127372
140620
141420
142632
138521
118298
134996
143044
124756
144335
147207
124535
147265
124593
141893
145512
113454
148031
149519
122420
114969
126855
148792
157044
130189
131551
131208
130754
146245
125768
113720
117251
146202
133886
141455
153453
149545
136495
147627
93359
91137
95423
100566
117259
110422
110654
117339
98611
94058
118224
143289
152812
151286
139473
144799
150215
130025
147914
140820
143157
129772
138505
129210
119006
121935
151710
139703
133408
163393
142494
148437
132500
139854
116745
138680
148246
124324
141116
148056
149263
152151
147835
143290
128544
134353
142777
135769
124003
128463
141199
129972
134340
102303
114217
88473
93072
102289
95431
107483
92844
113753
104599
88851
126777
99866
102580
108790
114439
112557
120971
130275
140545
137801
130996
126168
119422
122659
114855
140173
138366
122046
119432
135581
130489
122555
163455
150372
147316
153151
138184
151500
150099
147818
132063
137700
151667
150289
162504
156930
167049
168640
142633
147138
167334
158622
155771
151243
145123
87151
114799
130529
101671
108252
108512
107306
110788
102755
93950
130727
122452
116334
134260
128437
136726
141342
128671
138510
136320
115223
141724
138669
147210
145866
147257
152329
151373
120403
143570
125287
158235
153187
122012
153092
146135
153896
151719
129874
117460
132558
134526
135058
136547
122496
141406
155321
130432
106591
136532
144919
148163
132419
156323
117764
146930
151401
88157
117874
130256
103741
104462
106867
107369
119021
124375
140735
133561
123624
146640
131106
125652
135453
151470
151139
135929
152971
138781
129912
132613
151662
146107
136996
134512
149265
130543
112897
113705
141484
141647
135858
121348
131053
116466
136773
119264
146372
155876
134397
134292
149659
134679
166966
147143
175779
146561
151314
146782
150360
158089
131255
120800
117113
122706
113194
93470
105109
104751
101990
103401
103837
110114
110389
106508
112484
109819
115239
117226
122395
