241668
243201
245555
246862
239614
242950
244260
245358
250835
242369
243021
246855
248273
242757
242198
245586
244933
246018
239385
245402
250592
246809
243177
249736
241303
240508
241592
247028
251469
246302
245847
244750
249942
247021
247492
249755
250461
247503
243853
245711
251183
246961
248152
242745
229523
248467
242125
259000
244662
246863
252465
247350
250127
254396
241228
243683
243300
242752
245124
249805
244379
243893
245661
251845
242314
237322
239190
246119
246959
247295
246795
246949
252272
243398
247271
246164
251128
247986
246452
251425
245538
242169
249222
246293
243580
245609
248050
249550
252803
243518
245500
243534
253064
250036
249129
245480
252600
241945
242931
243415
243346
251174
241962
245638
239448
246101
247021
243999
241902
246611
252841
246283
248106
245697
243746
251184
251848
243135
243554
245987
247655
249568
240762
248747
245770
246375
243426
245145
245533
242290
250520
249749
248289
246716
248235
246927
248209
247320
243303
246484
245580
245664
242222
246371
246129
243434
249549
243958
250928
244665
242263
242440
240367
239248
243791
241493
249389
244742
247652
243134
250274
246680
244277
243963
263203
251749
247484
242571
257762
248484
246135
246147
246863
243375
247575
246475
246526
245478
244003
243525
251074
244592
243277
241553
243373
248516
246336
253129
248212
250022
251043
244303
249465
248531
252064
245279
245443
253726
247702
242284
243100
248248
243316
246970
246214
246910
244759
247047
247185
246161
239635
250576
245796
255327
246769
246479
245312
245523
250217
246890
245740
243615
248814
246649
251327
250090
243796
249720
246750
246426
239692
241649
251183
245988
242834
235677
249157
244775
245691
243656
243434
250067
245728
242677
244851
250811
247417
250980
242453
247811
241927
255239
247680
244673
254047
239740
248331
249764
246192
248062
262103
243874
253105
246074
246277
246546
244784
243059
246488
244329
242876
247250
250693
250271
237182
246407
247355
245519
243009
241591
246658
245669
246333
241591
242896
243941
255408
246874
243167
251214
245630
244037
245747
248772
241500
251015
251515
242971
246915
243783
254965
243766
256170
248009
249877
246215
251349
243384
244989
246628
245319
247124
247424
249278
243175
247368
248219
246120
243283
243466
245667
247283
245854
248745
248146
245741
243527
243576
253684
246938
248155
249893
243007
244082
250809
246364
248599
245980
246524
246815
243525
243846
256976
245494
246308
247023
245698
243508
245036
249513
245792
254594
251170
251343
242413
243602
244908
245739
246243
246277
242762
248064
250908
245655
244177
243373
244855
245121
249368
242421
244363
245675
255037
246470
246323
242278
245075
245788
248349
241135
245403
249714
255058
250305
251745
243708
257831
258523
244068
247249
251877
245714
243125
253605
240955
255238
248402
246739
257514
246910
251286
246837
233385
246282
250322
247927
242418
243565
243187
243807
247479
246460
248465
241676
241680
241880
247472
263027
258874
248937
241732
243612
237165
242083
246463
250060
250831
243245
247232
245330
247877
250131
247561
245920
251110
244282
254006
249659
249720
242938
258287
242176
247092
244177
242385
248223
243324
251740
248474
242967
247566
249608
243859
248602
249740
246405
243721
243964
246066
249273
245703
245981
246279
247088
248226
250171
247316
249595
247573
245848
246493
251493
242352
251090
243429
242713
230688
244594
244814
244406
244236
241935
246503
247501
243984
243992
249284
250389
243067
244021
247107
246693
243562
243727
241497
253732
249554
244292
247005
250946
