230228
233550
230731
231921
232079
231426
229600
229847
215578
229259
233030
232084
227839
230246
235899
234158
232443
229558
226508
236119
227767
241517
231584
232779
232711
231942
235936
231527
234517
233901
229813
230329
216353
231534
229704
215216
232065
230801
213313
215813
241121
227610
233462
230869
228120
231846
215811
229076
236033
231086
213914
243412
231557
231608
233250
230720
232357
232263
227833
228555
235453
212187
224621
232269
239994
228397
235694
232111
232225
214646
228434
233989
231930
227644
230418
235679
230538
233606
229483
232430
232020
235451
216470
235307
234444
231580
228405
236072
216279
232097
236820
212073
231532
215192
231626
234055
236089
231420
240064
231379
228201
229149
235736
232125
236037
231833
235973
231922
232481
229040
234518
231478
231523
232783
235509
224703
229346
229661
230716
230310
231416
230027
230660
231746
232571
233386
227891
229791
228545
216947
231123
228524
231730
228011
231776
227998
231970
232803
233248
230574
232725
208040
231731
234196
217547
233980
233838
232996
236150
227050
232030
236733
232218
235348
232042
230044
234117
231528
234447
225692
236297
236134
232236
233435
234692
231726
231136
226845
230888
236966
234036
229619
230182
224038
232134
228000
228149
232009
228154
214960
233262
229295
232737
212909
229562
240077
227665
227671
228681
231803
231259
228920
232354
231053
232565
231778
231560
224477
232858
232003
232127
235505
235760
230400
230013
232383
235406
216175
228005
215786
233227
231452
230184
229152
232374
236568
236250
240023
227732
231559
227999
233830
222619
228290
229466
239925
230503
231900
229675
233776
224868
230482
228445
231473
232562
224616
231094
233237
235722
232162
236061
232155
231955
231926
233765
233447
227599
232892
232738
230670
228791
231052
215467
229409
232924
227042
229181
223893
223850
212790
236969
214860
232117
237445
229222
231555
230728
229302
233897
229552
231736
216336
234861
209587
235601
242053
239605
233910
230405
235643
232259
239233
229813
231007
230902
229056
231925
232855
231107
232022
228362
232066
233842
217409
213473
230397
235186
217168
232912
228852
227806
233971
234481
227418
228741
228099
231330
216335
232264
231788
231772
212905
232194
232499
235558
216431
232749
238431
236971
232413
227503
232173
232307
228103
231988
235951
240019
236286
233701
230480
227681
232575
233658
238072
227855
235538
232030
228736
231941
236311
228377
228120
216452
230485
228919
232004
227620
242219
230521
218337
215352
234192
231500
231359
228478
229097
227777
228520
227522
233841
230345
232254
232362
236329
227121
224321
231633
228373
232415
227582
232647
231627
228328
228189
231897
227851
231693
234737
216999
233669
232145
211940
232226
231739
232211
232027
232268
216095
228600
213931
226411
231960
223754
232236
236128
224183
231733
238015
225705
232317
231225
228784
228089
228240
233855
217319
241659
230830
229146
232428
231177
228787
231837
230892
208543
229506
233353
228298
230500
231781
232447
227868
235295
214985
234804
215772
229385
227998
232129
227913
232246
215128
225674
233208
227148
239804
224914
235422
228460
229085
226869
229876
228076
229392
228724
232296
232291
232491
231090
238988
231049
230445
232238
231875
228403
236346
231086
231902
236771
232225
229665
229124
236352
228927
231958
229776
234041
231912
228883
231910
240297
215143
228891
232926
232012
228579
232023
239220
232944
233754
226443
233294
229951
231751
238743
233238
217609
231130
231534
234175
229864
230153
214563
228655
232240
228260
215340
232172
215432
234484
227684
234071
230169
231146
232770
231253
233566
235889
235993
231454
232928
235120
235111
229140
236225
230969
233170
235863
231984
228681
234147
229149
228402
231095
211436
229927
224020
228280
232724
230987
225794
234215
232299
235536
229353
236594
231976
234486
230759
232622
231720
228290
232702
231525
232132
228519
231416
236288
231738
232490
227812
232004
225946
227202
230909
232367
235874
212448
230827
228523
228065
216216
233175
231894
228085
227260
236870
231304
232850
227380
232310
225318
230033
228231
225753
213318
236694
232428
231988
231811
240155
232033
231636
243579
228517
209131
238753
236729
229545
234599
227745
233546
234496
232329
231596
228579
231373
232181
226134
229391
236725
228089
228107
229925
221618
235217
226327
232131
227281
231309
225154
232347
214945
229146
236894
227341
236797
227501
227997
212214
232380
228450
232064
232289
231525
216882
231972
235054
232715
228213
235930
231404
233029
231981
227530
231947
232402
215253
229285
232664
235301
232325
227400
233507
235448
234697
216115
229733
232656
231453
224104
223691
232567
235942
232015
216514
227959
232504
228178
215250
232829
231706
232201
233231
230691
231651
227814
227999
232108
235777
232050
232469
227780
227714
228490
232107
231850
232367
231701
239790
236572
227707
233675
230095
232687
231811
235660
228430
214778
229052
234408
229437
229070
227772
234160
227946
233610
234489
214534
234054
230374
232105
231100
232943
238121
233851
233737
229546
224502
232464
228770
235020
231804
213034
231279
231582
232572
231752
231420
232225
219177
237941
231695
233764
229782
233059
231648
232594
231760
231627
232786
231621
236313
232179
229181
231880
233323
216635
228322
211673
235216
235211
228375
229945
236546
228144
235631
236295
236260
236230
227338
217371
227288
231750
232572
231763
231672
227694
232086
224691
231489
232420
233480
231729
237850
231376
232272
216231
225137
232101
232481
232246
230954
236787
228059
216870
230390
236426
228146
215107
229098
224299
227545
228932
231349
232836
215643
236918
229876
230393
228221
231802
232265
231945
241632
225339
228302
233949
230819
231594
231909
231521
238293
239790
236068
230145
232148
231762
232228
211707
229203
215892
233180
235947
228631
232410
235634
231672
216356
213097
230234
229281
214571
233022
231260
234723
235991
233090
228763
213971
229744
228132
227799
236401
227973
215065
236161
230403
227850
232450
232195
233250
226660
231786
229896
232407
232170
229055
232523
231542
223976
224791
228115
231891
227835
239561
233048
231958
215215
233616
215981
232612
228628
224251
231852
229798
230325
231723
231566
230152
234009
231051
229022
214076
216792
230411
231283
236587
219242
225651
233798
237285
216601
228048
232990
227633
232869
231146
229271
227329
227793
228905
227036
231607
229076
235852
232559
227532
227759
232436
233504
233954
225903
213210
233155
231994
231770
233135
213555
229826
232256
229579
213958
228779
235366
233200
227152
232825
231694
235031
229331
231511
228026
231671
232052
230780
241906
231890
232100
232052
227931
231630
232778
228322
235503
232086
232667
231687
231173
232462
227367
232098
233199
214769
224929
232437
232348
231816
232438
232619
231212
227746
232311
233294
229457
232854
231584
231860
232646
232265
228172
225905
234290
215419
232765
217304
226651
232011
231497
233660
229928
228886
215670
225101
231762
232104
231870
228174
231786
232774
232600
230293
228558
232687
234035
230094
228557
233312
229523
228225
228385
235673
231621
232670
232311
227596
228878
227521
232179
233525
