229868 0.000000
229868 0.001000
230894 0.002000
231737 0.003000
232969 0.004000
233038 0.005000
233281 0.006000
233488 0.007000
233535 0.008000
233548 0.009000
233677 0.010000
233927 0.011000
234224 0.012000
234593 0.013000
234697 0.014000
234966 0.015000
234983 0.016000
235057 0.017000
235356 0.018000
235380 0.019000
235501 0.020000
235576 0.021000
235693 0.022000
235715 0.023000
235726 0.024000
235757 0.025000
235761 0.026000
235790 0.027000
235817 0.028000
235865 0.029000
235909 0.030000
235919 0.031000
236082 0.032000
236117 0.033000
236362 0.034000
236411 0.035000
236686 0.036000
236793 0.037000
236809 0.038000
236820 0.039000
236831 0.040000
236965 0.041000
236988 0.042000
237080 0.043000
237181 0.044000
237234 0.045000
237325 0.046000
237473 0.047000
238002 0.048000
238030 0.049000
238076 0.050000
238604 0.051000
239429 0.052000
239576 0.053000
239663 0.054000
239849 0.055000
241792 0.056000
242150 0.057000
243197 0.058000
243570 0.059000
243811 0.060000
243835 0.061000
244532 0.062000
244983 0.063000
245040 0.064000
245041 0.065000
245197 0.066000
245221 0.067000
245448 0.068000
245478 0.069000
245601 0.070000
245667 0.071000
245677 0.072000
245930 0.073000
245997 0.074000
246158 0.075000
246168 0.076000
246270 0.077000
246305 0.078000
246377 0.079000
246409 0.080000
246410 0.081000
246413 0.082000
246417 0.083000
246494 0.084000
246512 0.085000
246622 0.086000
246680 0.087000
246696 0.088000
246764 0.089000
246784 0.090000
246802 0.091000
246832 0.092000
246863 0.093000
246924 0.095000
246928 0.096000
246954 0.097000
247037 0.098000
247064 0.099000
247113 0.100000
247148 0.101000
247150 0.102000
247187 0.103000
247218 0.104000
247229 0.105000
247249 0.106000
247267 0.107000
247277 0.108000
247296 0.109000
247335 0.110000
247358 0.111000
247379 0.112000
247397 0.113000
247399 0.114000
247412 0.115000
247428 0.116000
247469 0.117000
247477 0.118000
247486 0.119000
247493 0.120000
247494 0.121000
247509 0.122000
247520 0.123000
247524 0.124000
247530 0.125000
247564 0.127000
247567 0.128000
247572 0.129000
247589 0.130000
247600 0.131000
247610 0.132000
247658 0.133000
247686 0.134000
247695 0.135000
247700 0.136000
247708 0.137000
247728 0.138000
247734 0.139000
247752 0.140000
247756 0.141000
247762 0.142000
247771 0.143000
247772 0.144000
247795 0.145000
247796 0.146000
247799 0.147000
247821 0.148000
247841 0.149000
247855 0.150000
247857 0.152000
247861 0.153000
247869 0.154000
247871 0.155000
247900 0.156000
247911 0.157000
247915 0.158000
247924 0.159000
247937 0.160000
247938 0.161000
247940 0.162000
247955 0.163000
247957 0.164000
247969 0.165000
247979 0.166000
247983 0.167000
247997 0.168000
248019 0.169000
248020 0.170000
248056 0.171000
248061 0.172000
248067 0.173000
248071 0.174000
248081 0.176000
248082 0.177000
248084 0.178000
248104 0.179000
248132 0.180000
248134 0.181000
248137 0.182000
248175 0.183000
248191 0.184000
248194 0.186000
248195 0.187000
248240 0.188000
248242 0.189000
248250 0.190000
248300 0.191000
248313 0.192000
248314 0.193000
248316 0.194000
248327 0.195000
248328 0.196000
248329 0.197000
248331 0.198000
248333 0.199000
248346 0.200000
248358 0.201000
248359 0.202000
248360 0.203000
248363 0.204000
248368 0.205000
248375 0.206000
248376 0.207000
248383 0.208000
248394 0.209000
248395 0.210000
248398 0.211000
248400 0.212000
248411 0.213000
248414 0.214000
248433 0.215000
248443 0.216000
248464 0.217000
248467 0.218000
248471 0.219000
248528 0.220000
248530 0.221000
248564 0.222000
248567 0.223000
248571 0.224000
248572 0.225000
248580 0.226000
248612 0.227000
248616 0.228000
248644 0.229000
248673 0.230000
248695 0.231000
248708 0.232000
248723 0.233000
248733 0.234000
248735 0.235000
248760 0.236000
248769 0.237000
248816 0.238000
248872 0.239000
248875 0.241000
248878 0.242000
248896 0.243000
248915 0.244000
248917 0.245000
248946 0.246000
249036 0.247000
249052 0.248000
249083 0.249000
249087 0.250000
249133 0.251000
249164 0.252000
249171 0.253000
249227 0.254000
249239 0.255000
249255 0.256000
249352 0.257000
249374 0.258000
249376 0.259000
249381 0.260000
249405 0.261000
249432 0.262000
249441 0.263000
249442 0.264000
249447 0.265000
249466 0.266000
249528 0.268000
249531 0.269000
249558 0.270000
249604 0.271000
249609 0.272000
249615 0.273000
249632 0.274000
249666 0.275000
249671 0.276000
249677 0.277000
249682 0.278000
249693 0.279000
249694 0.280000
249707 0.282000
249723 0.283000
249731 0.284000
249782 0.286000
249785 0.287000
249810 0.288000
249869 0.289000
249895 0.290000
249896 0.291000
249928 0.292000
249933 0.293000
249936 0.294000
249968 0.295000
249974 0.296000
249976 0.298000
249981 0.299000
250018 0.300000
250032 0.301000
250048 0.302000
250058 0.303000
250062 0.304000
250064 0.305000
250068 0.306000
250072 0.307000
250092 0.308000
250113 0.309000
250162 0.310000
250195 0.311000
250221 0.312000
250228 0.314000
250251 0.315000
250262 0.316000
250293 0.317000
250322 0.318000
250337 0.319000
250341 0.320000
250362 0.321000
250363 0.322000
250409 0.323000
250410 0.324000
250413 0.325000
250420 0.326000
250438 0.327000
250441 0.328000
250452 0.329000
250466 0.330000
250531 0.331000
250535 0.332000
250544 0.333000
250546 0.334000
250564 0.335000
250606 0.336000
250622 0.337000
250623 0.338000
250638 0.339000
250682 0.340000
250690 0.341000
250691 0.342000
250698 0.343000
250705 0.344000
250707 0.345000
250740 0.346000
250747 0.347000
250755 0.348000
250773 0.349000
250791 0.350000
250829 0.351000
250860 0.352000
250870 0.353000
250915 0.354000
251008 0.355000
251036 0.356000
251041 0.357000
251061 0.358000
251066 0.359000
251069 0.360000
251080 0.361000
251082 0.362000
251113 0.363000
251118 0.364000
251133 0.365000
251145 0.366000
251152 0.367000
251155 0.368000
251160 0.369000
251172 0.370000
251175 0.371000
251196 0.372000
251199 0.373000
251224 0.374000
251231 0.375000
251233 0.376000
251234 0.377000
251245 0.378000
251254 0.379000
251283 0.380000
251285 0.382000
251307 0.383000
251339 0.384000
251346 0.385000
251348 0.386000
251354 0.387000
251357 0.388000
251359 0.389000
251360 0.390000
251363 0.391000
251364 0.392000
251379 0.393000
251386 0.394000
251394 0.395000
251401 0.397000
251427 0.398000
251429 0.399000
251436 0.400000
251438 0.402000
251439 0.403000
251464 0.404000
251465 0.405000
251469 0.406000
251478 0.407000
251479 0.409000
251487 0.410000
251489 0.411000
251493 0.412000
251495 0.413000
251499 0.414000
251509 0.415000
251514 0.416000
251521 0.417000
251523 0.418000
251534 0.419000
251542 0.420000
251543 0.421000
251572 0.422000
251574 0.423000
251582 0.424000
251583 0.425000
251602 0.426000
251604 0.427000
251608 0.428000
251610 0.429000
251616 0.431000
251622 0.432000
251623 0.434000
251624 0.435000
251631 0.437000
251636 0.438000
251637 0.439000
251653 0.440000
251654 0.441000
251679 0.442000
251680 0.443000
251687 0.444000
251690 0.445000
251692 0.446000
251693 0.447000
251698 0.448000
251705 0.449000
251715 0.450000
251720 0.451000
251721 0.452000
251723 0.453000
251726 0.454000
251727 0.455000
251729 0.456000
251733 0.457000
251742 0.458000
251745 0.459000
251752 0.461000
251754 0.462000
251760 0.463000
251764 0.464000
251769 0.465000
251770 0.466000
251780 0.467000
251783 0.468000
251789 0.469000
251791 0.470000
251798 0.471000
251802 0.472000
251806 0.473000
251811 0.474000
251813 0.475000
251815 0.476000
251818 0.477000
251820 0.478000
251826 0.479000
251831 0.480000
251835 0.481000
251840 0.482000
251842 0.483000
251847 0.484000
251848 0.485000
251852 0.486000
251853 0.487000
251864 0.488000
251868 0.489000
251879 0.490000
251882 0.491000
251889 0.492000
251905 0.493000
251907 0.494000
251908 0.495000
251912 0.496000
251917 0.497000
251920 0.500000
251922 0.501000
251933 0.502000
251936 0.503000
251945 0.504000
251953 0.505000
251961 0.506000
251964 0.507000
251978 0.508000
251980 0.509000
251987 0.510000
251990 0.511000
251993 0.512000
252016 0.513000
252018 0.514000
252021 0.515000
252032 0.516000
252035 0.517000
252039 0.518000
252040 0.519000
252053 0.520000
252054 0.521000
252059 0.522000
252070 0.523000
252072 0.524000
252079 0.525000
252081 0.526000
252091 0.527000
252101 0.529000
252111 0.530000
252121 0.532000
252131 0.533000
252141 0.536000
252153 0.537000
252173 0.538000
252176 0.540000
252186 0.541000
252195 0.542000
252204 0.543000
252205 0.546000
252209 0.547000
252210 0.548000
252213 0.549000
252215 0.550000
252227 0.551000
252231 0.552000
252235 0.553000
252238 0.554000
252244 0.555000
252245 0.556000
252259 0.557000
252262 0.558000
252269 0.559000
252270 0.560000
252295 0.561000
252300 0.562000
252316 0.563000
252322 0.564000
252329 0.565000
252340 0.566000
252360 0.567000
252368 0.568000
252388 0.569000
252394 0.570000
252405 0.571000
252413 0.572000
252435 0.573000
252436 0.574000
252441 0.575000
252448 0.576000
252478 0.577000
252512 0.578000
252514 0.579000
252527 0.580000
252530 0.581000
252534 0.582000
252537 0.583000
252542 0.584000
252544 0.585000
252550 0.586000
252553 0.587000
252573 0.588000
252596 0.589000
252609 0.590000
252619 0.591000
252661 0.592000
252681 0.593000
252690 0.594000
252704 0.595000
252708 0.596000
252714 0.597000
252720 0.598000
252722 0.599000
252724 0.600000
252725 0.601000
252741 0.602000
252742 0.603000
252747 0.604000
252748 0.605000
252755 0.606000
252764 0.607000
252772 0.608000
252775 0.609000
252776 0.610000
252782 0.611000
252789 0.612000
252793 0.613000
252802 0.614000
252824 0.615000
252851 0.616000
252854 0.617000
252863 0.618000
252882 0.619000
252886 0.620000
252896 0.621000
252903 0.622000
252949 0.623000
252977 0.624000
252981 0.625000
252984 0.626000
252986 0.627000
252996 0.628000
253010 0.629000
253013 0.630000
253027 0.631000
253028 0.632000
253044 0.633000
253045 0.634000
253062 0.635000
253072 0.636000
253092 0.637000
253123 0.638000
253141 0.639000
253192 0.640000
253225 0.641000
253255 0.642000
253264 0.643000
253279 0.644000
253289 0.645000
253291 0.646000
253297 0.647000
253306 0.648000
253307 0.650000
253315 0.651000
253318 0.652000
253330 0.653000
253352 0.654000
253374 0.655000
253383 0.656000
253410 0.657000
253427 0.658000
253447 0.659000
253455 0.660000
253463 0.661000
253481 0.662000
253557 0.663000
253558 0.664000
253585 0.665000
253618 0.666000
253626 0.667000
253661 0.668000
253663 0.669000
253688 0.670000
253694 0.671000
253704 0.672000
253709 0.673000
253723 0.674000
253743 0.675000
253744 0.676000
253750 0.677000
253756 0.678000
253771 0.679000
253796 0.680000
253802 0.681000
253806 0.683000
253824 0.684000
253829 0.685000
253835 0.686000
253842 0.687000
253854 0.688000
253864 0.689000
253871 0.690000
253874 0.691000
253882 0.692000
253894 0.693000
253918 0.694000
253939 0.695000
253961 0.696000
253965 0.697000
253986 0.698000
253990 0.699000
253993 0.700000
254016 0.701000
254040 0.703000
254071 0.704000
254087 0.705000
254100 0.706000
254102 0.707000
254155 0.708000
254156 0.709000
254163 0.710000
254165 0.711000
254167 0.712000
254171 0.713000
254176 0.714000
254177 0.715000
254184 0.716000
254192 0.717000
254193 0.718000
254208 0.719000
254219 0.720000
254223 0.721000
254253 0.722000
254272 0.723000
254281 0.724000
254326 0.725000
254333 0.726000
254339 0.727000
254353 0.728000
254369 0.729000
254389 0.730000
254393 0.731000
254424 0.732000
254434 0.733000
254471 0.734000
254477 0.735000
254532 0.736000
254575 0.738000
254589 0.739000
254601 0.740000
254624 0.741000
254628 0.742000
254641 0.743000
254665 0.744000
254701 0.745000
254743 0.746000
254780 0.747000
254782 0.748000
254803 0.749000
254836 0.750000
254858 0.751000
254866 0.752000
255039 0.753000
255079 0.754000
255089 0.755000
255096 0.756000
255147 0.757000
255167 0.758000
255177 0.759000
255189 0.760000
255199 0.761000
255207 0.762000
255231 0.763000
255245 0.764000
255280 0.765000
255310 0.766000
255368 0.767000
255384 0.768000
255391 0.769000
255435 0.771000
255506 0.772000
255512 0.773000
255536 0.774000
255555 0.775000
255581 0.776000
255599 0.777000
255604 0.778000
255635 0.779000
255638 0.780000
255649 0.782000
255653 0.783000
255673 0.784000
255679 0.785000
255713 0.786000
255728 0.787000
255746 0.788000
255818 0.790000
255850 0.791000
255859 0.792000
255860 0.793000
255866 0.795000
255894 0.796000
255926 0.797000
256001 0.798000
256053 0.799000
256075 0.800000
256100 0.801000
256110 0.802000
256120 0.803000
256134 0.804000
256145 0.805000
256256 0.806000
256259 0.807000
256314 0.808000
256337 0.809000
256342 0.810000
256368 0.811000
256396 0.812000
256471 0.813000
256477 0.814000
256504 0.815000
256595 0.816000
256620 0.817000
256742 0.818000
256803 0.819000
256845 0.820000
256881 0.821000
256883 0.822000
256963 0.823000
256988 0.824000
257013 0.825000
257025 0.826000
257089 0.827000
257228 0.828000
257243 0.829000
257276 0.830000
257345 0.831000
257346 0.832000
257479 0.833000
257624 0.834000
257823 0.835000
257892 0.836000
258241 0.837000
258362 0.838000
258494 0.839000
258755 0.840000
258786 0.841000
258816 0.842000
258905 0.843000
259082 0.844000
259123 0.845000
259181 0.846000
259223 0.847000
259265 0.848000
259304 0.849000
259319 0.850000
259342 0.851000
259448 0.852000
259456 0.853000
259533 0.854000
259589 0.855000
259629 0.856000
259845 0.857000
259882 0.858000
259926 0.859000
259949 0.860000
259997 0.861000
260208 0.862000
260223 0.863000
260229 0.864000
260488 0.865000
260759 0.866000
261217 0.867000
261363 0.868000
261550 0.869000
261552 0.870000
261590 0.871000
261665 0.872000
261784 0.873000
262042 0.874000
262138 0.875000
262297 0.876000
262494 0.877000
262711 0.878000
263087 0.879000
263095 0.880000
263317 0.881000
263374 0.882000
263422 0.883000
263469 0.884000
263499 0.885000
263523 0.886000
263571 0.887000
263595 0.888000
263631 0.889000
263737 0.890000
263777 0.891000
263779 0.892000
263830 0.893000
264105 0.894000
264262 0.895000
264440 0.896000
264463 0.897000
264466 0.898000
264689 0.899000
264741 0.900000
264856 0.901000
264924 0.902000
264930 0.903000
265373 0.904000
265554 0.905000
265593 0.906000
265683 0.907000
265798 0.908000
265958 0.909000
266032 0.910000
266043 0.911000
266107 0.912000
266376 0.913000
266453 0.914000
266727 0.915000
266991 0.916000
266992 0.917000
267051 0.918000
267131 0.919000
267148 0.920000
267211 0.921000
267260 0.922000
267285 0.923000
267322 0.924000
267342 0.926000
267488 0.927000
267494 0.928000
267665 0.929000
267681 0.930000
267687 0.931000
267771 0.932000
267774 0.933000
267919 0.934000
267925 0.935000
267943 0.936000
267946 0.937000
267950 0.938000
267964 0.939000
267977 0.940000
268020 0.941000
268036 0.942000
268080 0.943000
268084 0.944000
268132 0.945000
268279 0.946000
268413 0.947000
268554 0.948000
268590 0.949000
268599 0.950000
268646 0.951000
268901 0.952000
268916 0.953000
268960 0.954000
269110 0.955000
269180 0.956000
269331 0.957000
269399 0.958000
269548 0.959000
269623 0.960000
269774 0.961000
269789 0.962000
269814 0.963000
269848 0.964000
269953 0.965000
269963 0.966000
270873 0.967000
271048 0.968000
271268 0.969000
271493 0.970000
271516 0.971000
271643 0.972000
271656 0.973000
271663 0.974000
271726 0.975000
271792 0.976000
272064 0.977000
272223 0.978000
272271 0.979000
272775 0.980000
273442 0.981000
273572 0.982000
274196 0.983000
275117 0.984000
276193 0.985000
295076 0.986000
295130 0.987000
295147 0.988000
295453 0.989000
295694 0.990000
296010 0.991000
298287 0.992000
298619 0.993000
300099 0.994000
300585 0.995000
301133 0.996000
301968 0.997000
303840 0.998000
304089 0.999000
305729 1.000000


