140040 0.000000
140040 0.001000
141276 0.002000
141516 0.003000
141667 0.004000
141760 0.005000
141799 0.006000
141831 0.007000
141893 0.008000
141896 0.009000
141902 0.010000
141926 0.011000
141949 0.012000
141995 0.013000
141998 0.014000
142030 0.015000
142062 0.016000
142063 0.017000
142104 0.018000
142151 0.019000
142179 0.020000
142193 0.021000
142271 0.023000
142298 0.024000
142327 0.025000
142346 0.026000
142348 0.027000
142364 0.028000
142375 0.029000
142392 0.030000
142405 0.031000
142422 0.032000
142440 0.033000
142449 0.034000
142464 0.035000
142494 0.036000
142499 0.037000
142501 0.039000
142508 0.040000
142538 0.041000
142552 0.042000
142562 0.043000
142564 0.044000
142573 0.045000
142603 0.046000
142633 0.047000
142640 0.048000
142647 0.049000
142673 0.050000
142711 0.051000
142715 0.052000
142722 0.053000
142737 0.054000
142743 0.055000
142749 0.056000
142771 0.057000
142773 0.058000
142796 0.059000
142805 0.060000
142813 0.061000
142820 0.062000
142842 0.063000
142857 0.064000
142863 0.065000
142884 0.066000
142905 0.067000
142951 0.068000
142952 0.069000
142964 0.070000
142983 0.071000
143009 0.072000
143011 0.073000
143037 0.074000
143099 0.075000
143105 0.076000
143119 0.077000
143122 0.078000
143125 0.079000
143146 0.080000
143182 0.081000
143209 0.082000
143220 0.083000
143222 0.085000
143234 0.086000
143272 0.087000
143281 0.088000
143302 0.089000
143344 0.090000
143360 0.091000
143379 0.092000
143399 0.093000
143463 0.094000
143501 0.095000
143517 0.096000
143566 0.097000
143587 0.098000
143611 0.099000
143637 0.100000
143638 0.102000
143825 0.103000
143831 0.104000
143905 0.105000
143940 0.106000
144022 0.107000
144043 0.108000
144047 0.109000
144060 0.110000
144244 0.111000
144272 0.112000
144339 0.113000
144343 0.114000
144459 0.115000
144925 0.116000
146149 0.117000
146198 0.118000
147044 0.119000
147325 0.120000
149074 0.121000
153236 0.122000
155536 0.123000
155976 0.124000
156047 0.125000
156092 0.126000
156319 0.127000
156725 0.128000
156766 0.129000
156837 0.130000
156977 0.131000
157053 0.132000
157055 0.133000
157099 0.134000
157135 0.135000
157224 0.136000
157237 0.137000
157263 0.138000
157313 0.139000
157340 0.140000
157408 0.141000
157410 0.142000
157438 0.143000
157458 0.144000
157489 0.145000
157528 0.146000
157530 0.147000
157553 0.148000
157587 0.149000
157591 0.150000
157604 0.151000
157608 0.152000
157618 0.153000
157627 0.154000
157632 0.155000
157647 0.156000
157656 0.157000
157663 0.158000
157666 0.159000
157690 0.160000
157700 0.161000
157702 0.162000
157705 0.163000
157719 0.164000
157729 0.165000
157738 0.166000
157741 0.167000
157756 0.168000
157765 0.169000
157773 0.170000
157774 0.172000
157778 0.174000
157785 0.175000
157804 0.176000
157832 0.177000
157834 0.178000
157838 0.179000
157842 0.180000
157855 0.181000
157886 0.182000
157892 0.183000
157893 0.184000
157898 0.185000
157905 0.187000
157917 0.188000
157922 0.189000
157945 0.190000
157951 0.191000
157974 0.192000
157978 0.193000
157984 0.194000
157992 0.195000
157996 0.196000
158005 0.197000
158012 0.198000
158026 0.199000
158052 0.200000
158063 0.201000
158065 0.202000
158083 0.203000
158084 0.204000
158089 0.205000
158098 0.206000
158100 0.207000
158128 0.208000
158136 0.209000
158143 0.210000
158146 0.211000
158150 0.212000
158158 0.213000
158170 0.214000
158173 0.215000
158181 0.216000
158183 0.217000
158191 0.219000
158194 0.220000
158198 0.221000
158234 0.222000
158241 0.224000
158250 0.225000
158280 0.226000
158296 0.227000
158319 0.228000
158336 0.229000
158346 0.230000
158362 0.232000
158374 0.233000
158377 0.234000
158380 0.235000
158389 0.236000
158400 0.237000
158405 0.239000
158407 0.240000
158410 0.241000
158414 0.242000
158420 0.243000
158430 0.244000
158438 0.245000
158441 0.246000
158445 0.247000
158464 0.248000
158480 0.249000
158511 0.250000
158524 0.251000
158527 0.252000
158528 0.253000
158547 0.254000
158556 0.255000
158564 0.256000
158588 0.257000
158593 0.258000
158612 0.259000
158622 0.260000
158628 0.261000
158640 0.262000
158647 0.263000
158660 0.264000
158665 0.265000
158673 0.266000
158677 0.267000
158688 0.268000
158699 0.269000
158715 0.270000
158736 0.271000
158738 0.272000
158744 0.273000
158748 0.274000
158753 0.275000
158767 0.276000
158772 0.277000
158773 0.278000
158774 0.279000
158778 0.280000
158786 0.281000
158797 0.282000
158802 0.283000
158804 0.284000
158806 0.285000
158822 0.286000
158848 0.287000
158852 0.288000
158866 0.289000
158871 0.290000
158879 0.291000
158887 0.292000
158909 0.293000
158913 0.294000
158915 0.295000
158920 0.296000
158939 0.297000
158941 0.298000
158960 0.299000
158969 0.300000
158977 0.301000
158980 0.302000
158986 0.303000
158995 0.304000
159016 0.305000
159017 0.307000
159028 0.308000
159029 0.309000
159034 0.310000
159038 0.311000
159051 0.312000
159058 0.313000
159066 0.314000
159069 0.315000
159090 0.316000
159094 0.317000
159095 0.318000
159098 0.319000
159107 0.320000
159108 0.321000
159112 0.322000
159122 0.323000
159125 0.324000
159127 0.325000
159132 0.326000
159145 0.327000
159148 0.328000
159156 0.329000
159160 0.330000
159166 0.331000
159180 0.332000
159185 0.333000
159196 0.334000
159205 0.335000
159219 0.336000
159221 0.337000
159223 0.338000
159226 0.339000
159233 0.340000
159247 0.341000
159254 0.342000
159256 0.343000
159259 0.344000
159262 0.345000
159269 0.346000
159271 0.347000
159273 0.348000
159274 0.349000
159276 0.350000
159277 0.351000
159279 0.352000
159291 0.353000
159295 0.354000
159301 0.355000
159306 0.356000
159317 0.357000
159328 0.358000
159336 0.359000
159342 0.360000
159349 0.361000
159367 0.362000
159370 0.363000
159378 0.364000
159379 0.366000
159381 0.367000
159383 0.368000
159392 0.369000
159401 0.371000
159403 0.372000
159406 0.373000
159407 0.374000
159409 0.375000
159447 0.376000
159458 0.377000
159461 0.378000
159466 0.379000
159477 0.380000
159479 0.381000
159484 0.382000
159491 0.383000
159493 0.384000
159496 0.385000
159510 0.386000
159522 0.387000
159538 0.388000
159540 0.389000
159572 0.390000
159580 0.391000
159597 0.392000
159602 0.393000
159603 0.394000
159605 0.395000
159615 0.396000
159630 0.397000
159637 0.398000
159646 0.399000
159670 0.400000
159673 0.401000
159686 0.402000
159689 0.403000
159693 0.404000
159697 0.406000
159704 0.407000
159706 0.408000
159707 0.409000
159721 0.410000
159729 0.411000
159737 0.412000
159742 0.413000
159760 0.414000
159766 0.415000
159767 0.416000
159770 0.417000
159775 0.418000
159782 0.419000
159785 0.420000
159789 0.421000
159796 0.422000
159802 0.423000
159818 0.424000
159821 0.425000
159827 0.426000
159831 0.427000
159844 0.428000
159854 0.429000
159855 0.430000
159867 0.431000
159868 0.432000
159870 0.433000
159873 0.434000
159874 0.435000
159881 0.437000
159889 0.438000
159893 0.439000
159894 0.440000
159895 0.441000
159897 0.442000
159903 0.443000
159918 0.444000
159919 0.445000
159929 0.446000
159936 0.447000
159938 0.448000
159949 0.449000
159953 0.450000
159957 0.451000
159959 0.452000
159962 0.453000
159968 0.454000
159979 0.455000
159982 0.456000
159987 0.457000
160001 0.458000
160008 0.459000
160022 0.460000
160038 0.461000
160039 0.462000
160045 0.463000
160047 0.464000
160059 0.465000
160061 0.466000
160073 0.467000
160084 0.468000
160087 0.469000
160101 0.470000
160104 0.471000
160111 0.472000
160113 0.473000
160120 0.474000
160122 0.475000
160125 0.476000
160127 0.477000
160150 0.478000
160167 0.479000
160178 0.480000
160184 0.481000
160189 0.482000
160191 0.483000
160204 0.484000
160216 0.485000
160222 0.486000
160226 0.487000
160235 0.488000
160241 0.489000
160251 0.490000
160252 0.491000
160266 0.492000
160267 0.493000
160284 0.494000
160285 0.495000
160288 0.497000
160292 0.499000
160294 0.500000
160302 0.501000
160315 0.502000
160327 0.503000
160336 0.505000
160351 0.506000
160362 0.507000
160365 0.508000
160368 0.509000
160375 0.510000
160376 0.511000
160395 0.512000
160402 0.513000
160405 0.514000
160420 0.515000
160433 0.516000
160439 0.517000
160451 0.518000
160458 0.519000
160466 0.520000
160469 0.521000
160472 0.522000
160478 0.523000
160503 0.524000
160511 0.525000
160517 0.526000
160526 0.528000
160531 0.529000
160568 0.530000
160577 0.531000
160594 0.532000
160601 0.533000
160621 0.535000
160627 0.536000
160633 0.537000
160635 0.538000
160647 0.539000
160650 0.540000
160660 0.541000
160693 0.542000
160694 0.543000
160698 0.544000
160701 0.545000
160707 0.546000
160709 0.547000
160710 0.548000
160741 0.551000
160751 0.552000
160762 0.554000
160785 0.555000
160794 0.556000
160812 0.557000
160814 0.558000
160816 0.559000
160821 0.560000
160824 0.561000
160837 0.562000
160838 0.563000
160854 0.564000
160865 0.565000
160867 0.566000
160901 0.567000
160908 0.568000
160913 0.569000
160923 0.570000
160935 0.571000
160938 0.572000
160951 0.573000
160963 0.574000
160965 0.575000
160967 0.576000
160968 0.577000
160975 0.578000
160985 0.579000
160988 0.580000
160999 0.581000
161001 0.582000
161011 0.583000
161024 0.584000
161027 0.585000
161042 0.586000
161044 0.587000
161050 0.588000
161051 0.589000
161057 0.590000
161076 0.591000
161083 0.592000
161088 0.593000
161107 0.594000
161124 0.595000
161125 0.596000
161128 0.597000
161132 0.598000
161138 0.599000
161167 0.601000
161171 0.602000
161182 0.603000
161192 0.604000
161223 0.605000
161230 0.606000
161233 0.607000
161238 0.608000
161248 0.610000
161259 0.611000
161266 0.612000
161297 0.613000
161301 0.614000
161322 0.615000
161331 0.616000
161332 0.617000
161343 0.618000
161362 0.619000
161365 0.620000
161367 0.621000
161368 0.622000
161371 0.623000
161372 0.624000
161373 0.625000
161374 0.626000
161390 0.627000
161392 0.628000
161413 0.629000
161414 0.630000
161422 0.632000
161426 0.633000
161447 0.634000
161455 0.635000
161460 0.636000
161461 0.637000
161472 0.638000
161488 0.639000
161502 0.640000
161524 0.641000
161533 0.642000
161549 0.643000
161563 0.644000
161570 0.645000
161576 0.646000
161588 0.647000
161590 0.648000
161599 0.649000
161601 0.651000
161619 0.653000
161622 0.654000
161632 0.655000
161644 0.656000
161648 0.657000
161655 0.658000
161659 0.659000
161673 0.660000
161675 0.661000
161677 0.662000
161684 0.663000
161690 0.664000
161702 0.665000
161732 0.666000
161747 0.667000
161753 0.668000
161763 0.669000
161764 0.670000
161767 0.671000
161772 0.672000
161803 0.673000
161808 0.674000
161818 0.676000
161835 0.677000
161848 0.678000
161849 0.679000
161852 0.680000
161860 0.681000
161862 0.682000
161866 0.683000
161869 0.684000
161873 0.685000
161874 0.686000
161880 0.687000
161886 0.688000
161902 0.689000
161916 0.690000
161926 0.691000
161940 0.692000
161965 0.693000
161967 0.694000
161980 0.695000
161984 0.696000
161993 0.697000
162024 0.699000
162062 0.700000
162078 0.701000
162079 0.702000
162089 0.703000
162094 0.704000
162095 0.705000
162112 0.706000
162117 0.707000
162128 0.708000
162132 0.709000
162166 0.710000
162169 0.711000
162185 0.712000
162192 0.713000
162207 0.714000
162216 0.715000
162237 0.716000
162238 0.717000
162277 0.718000
162287 0.719000
162299 0.720000
162332 0.721000
162333 0.723000
162335 0.724000
162338 0.725000
162342 0.726000
162351 0.727000
162357 0.729000
162360 0.730000
162366 0.731000
162374 0.732000
162380 0.733000
162383 0.734000
162397 0.735000
162398 0.736000
162402 0.737000
162404 0.738000
162420 0.739000
162423 0.740000
162429 0.741000
162432 0.742000
162440 0.743000
162478 0.744000
162495 0.745000
162499 0.746000
162508 0.747000
162513 0.748000
162517 0.749000
162520 0.750000
162522 0.751000
162541 0.752000
162544 0.753000
162550 0.754000
162552 0.755000
162553 0.756000
162554 0.757000
162557 0.758000
162559 0.759000
162565 0.761000
162570 0.762000
162573 0.763000
162630 0.764000
162634 0.765000
162691 0.766000
162692 0.767000
162705 0.768000
162754 0.769000
162756 0.770000
162769 0.771000
162785 0.772000
162798 0.773000
162805 0.774000
162816 0.775000
162822 0.776000
162825 0.777000
162831 0.778000
162863 0.779000
162885 0.780000
162898 0.781000
162917 0.782000
162931 0.783000
162933 0.784000
162946 0.786000
162952 0.787000
162967 0.788000
162974 0.789000
162978 0.790000
162982 0.791000
162997 0.792000
162998 0.793000
163013 0.794000
163027 0.795000
163028 0.796000
163032 0.798000
163038 0.799000
163039 0.800000
163046 0.801000
163056 0.802000
163096 0.803000
163099 0.805000
163100 0.806000
163101 0.807000
163113 0.808000
163114 0.809000
163127 0.810000
163135 0.811000
163146 0.812000
163175 0.813000
163180 0.814000
163185 0.815000
163202 0.816000
163204 0.817000
163205 0.818000
163206 0.819000
163217 0.820000
163221 0.821000
163231 0.823000
163235 0.824000
163248 0.826000
163250 0.827000
163252 0.828000
163267 0.829000
163289 0.830000
163314 0.831000
163321 0.832000
163341 0.833000
163345 0.834000
163436 0.835000
163437 0.836000
163452 0.837000
163461 0.838000
163472 0.839000
163480 0.840000
163499 0.841000
163513 0.842000
163517 0.843000
163552 0.844000
163558 0.845000
163566 0.846000
163569 0.847000
163578 0.848000
163583 0.849000
163598 0.850000
163602 0.851000
163603 0.852000
163616 0.853000
163656 0.854000
163664 0.855000
163666 0.856000
163676 0.858000
163685 0.859000
163696 0.860000
163809 0.861000
163815 0.862000
163828 0.863000
163847 0.864000
163849 0.865000
163857 0.866000
163887 0.867000
163888 0.868000
163895 0.869000
163942 0.870000
163944 0.871000
163947 0.872000
163948 0.873000
163971 0.874000
163989 0.875000
163991 0.876000
164008 0.877000
164046 0.878000
164077 0.879000
164110 0.880000
164118 0.881000
164157 0.882000
164193 0.883000
164197 0.884000
164217 0.885000
164236 0.886000
164259 0.887000
164269 0.888000
164302 0.889000
164364 0.890000
164367 0.891000
164374 0.892000
164375 0.893000
164379 0.894000
164382 0.895000
164383 0.896000
164444 0.897000
164481 0.898000
164511 0.899000
164532 0.900000
164537 0.901000
164578 0.902000
164593 0.903000
164614 0.904000
164617 0.905000
164708 0.906000
164756 0.907000
164763 0.908000
164765 0.909000
164784 0.910000
164824 0.911000
164841 0.912000
164853 0.913000
164891 0.914000
164901 0.915000
164950 0.916000
165045 0.917000
165053 0.918000
165054 0.919000
165060 0.920000
165118 0.921000
165122 0.922000
165216 0.923000
165369 0.924000
165492 0.925000
165661 0.926000
165738 0.927000
165798 0.928000
165800 0.929000
165852 0.930000
165869 0.931000
166012 0.932000
166098 0.933000
166155 0.934000
166222 0.935000
166334 0.936000
166376 0.937000
166479 0.938000
166511 0.939000
166525 0.940000
166676 0.941000
166691 0.942000
166761 0.943000
166785 0.944000
166840 0.945000
166852 0.946000
166863 0.947000
166986 0.948000
167058 0.949000
167084 0.950000
167120 0.951000
167154 0.952000
167322 0.953000
167470 0.954000
167474 0.955000
167486 0.956000
167550 0.957000
167559 0.958000
167634 0.959000
167637 0.960000
167775 0.961000
167822 0.962000
167841 0.963000
167930 0.964000
167942 0.965000
167999 0.966000
168122 0.967000
168148 0.968000
168191 0.969000
168202 0.970000
168206 0.971000
168209 0.972000
168251 0.973000
168260 0.974000
168421 0.975000
168462 0.976000
168477 0.977000
168498 0.978000
168638 0.979000
168673 0.980000
168741 0.981000
168873 0.982000
168874 0.983000
168961 0.984000
169080 0.985000
169147 0.986000
169189 0.987000
169191 0.988000
169356 0.989000
169384 0.990000
169523 0.991000
169611 0.992000
169689 0.993000
170190 0.994000
170594 0.995000
170625 0.996000
170878 0.997000
175307 0.998000
175704 0.999000
180494 1.000000


123 0.000000
123 0.004000
124 0.014000
125 0.145000
126 0.659000
127 0.877000
128 0.929000
129 0.967000
130 0.984000
131 0.991000
132 0.996000
133 0.997000
142 0.998000
143 0.999000
144 1.000000


