208804 0.000000
208804 0.001000
210009 0.002000
210809 0.003000
211106 0.004000
211130 0.005000
211262 0.006000
211460 0.007000
211502 0.008000
211522 0.009000
211529 0.010000
211642 0.011000
211810 0.012000
211914 0.013000
212027 0.014000
212042 0.015000
212158 0.016000
212353 0.017000
212467 0.018000
212819 0.019000
212861 0.020000
212874 0.021000
212886 0.022000
212950 0.023000
213013 0.024000
213425 0.025000
213457 0.026000
213507 0.027000
213783 0.028000
213843 0.029000
214204 0.030000
214205 0.031000
214232 0.032000
214516 0.033000
214556 0.034000
214593 0.035000
214636 0.036000
214714 0.037000
214730 0.038000
214815 0.039000
214852 0.040000
214971 0.041000
215019 0.042000
215037 0.043000
215048 0.044000
215106 0.045000
215201 0.046000
215221 0.047000
215232 0.048000
215282 0.049000
215294 0.050000
215319 0.051000
215356 0.052000
215373 0.053000
215383 0.054000
215385 0.055000
215444 0.056000
215538 0.057000
215542 0.058000
215571 0.059000
215608 0.060000
215657 0.061000
215676 0.062000
215696 0.063000
215715 0.064000
215816 0.065000
215842 0.066000
215863 0.067000
215913 0.068000
215942 0.069000
215984 0.070000
216014 0.071000
216057 0.072000
216074 0.073000
216116 0.074000
216149 0.075000
216156 0.076000
216204 0.077000
216252 0.078000
216311 0.079000
216343 0.080000
216416 0.081000
216438 0.082000
216692 0.083000
216806 0.084000
216808 0.085000
216859 0.086000
216867 0.087000
217050 0.088000
217795 0.089000
217829 0.090000
218045 0.091000
218258 0.092000
218270 0.093000
218974 0.094000
219727 0.095000
219746 0.096000
220239 0.097000
220372 0.098000
220602 0.099000
221592 0.100000
221958 0.101000
222344 0.102000
222810 0.103000
223086 0.104000
223463 0.105000
223906 0.106000
223947 0.107000
223951 0.108000
224172 0.109000
224189 0.110000
224218 0.111000
224233 0.112000
224271 0.113000
224357 0.114000
224391 0.115000
224518 0.116000
224896 0.117000
225020 0.118000
225022 0.119000
225152 0.120000
225217 0.121000
225265 0.122000
225278 0.123000
225316 0.124000
225399 0.125000
225551 0.126000
225566 0.127000
225726 0.128000
225853 0.129000
225944 0.130000
226160 0.131000
226182 0.132000
226186 0.133000
226228 0.134000
226230 0.135000
226254 0.136000
226307 0.137000
226614 0.138000
226719 0.139000
226772 0.140000
226830 0.141000
226859 0.142000
226985 0.143000
227006 0.144000
227066 0.145000
227151 0.146000
227159 0.147000
227196 0.148000
227206 0.149000
227243 0.150000
227250 0.151000
227268 0.152000
227296 0.153000
227311 0.154000
227325 0.155000
227333 0.156000
227340 0.157000
227380 0.158000
227400 0.159000
227409 0.161000
227430 0.162000
227432 0.163000
227439 0.164000
227444 0.165000
227455 0.166000
227465 0.168000
227485 0.169000
227511 0.170000
227515 0.171000
227527 0.172000
227545 0.173000
227574 0.174000
227575 0.175000
227596 0.176000
227625 0.177000
227630 0.179000
227643 0.180000
227655 0.181000
227662 0.182000
227693 0.183000
227706 0.184000
227732 0.185000
227734 0.186000
227742 0.187000
227745 0.188000
227752 0.189000
227753 0.190000
227767 0.191000
227794 0.192000
227816 0.193000
227828 0.194000
227842 0.195000
227874 0.196000
227893 0.197000
227895 0.198000
227898 0.199000
227930 0.200000
227934 0.201000
227939 0.202000
227943 0.203000
227945 0.205000
227970 0.206000
227979 0.207000
227988 0.208000
227996 0.209000
228006 0.210000
228007 0.211000
228010 0.212000
228023 0.213000
228024 0.214000
228027 0.215000
228029 0.216000
228037 0.217000
228043 0.218000
228089 0.219000
228110 0.220000
228127 0.221000
228128 0.222000
228142 0.223000
228148 0.224000
228149 0.225000
228152 0.226000
228166 0.227000
228169 0.228000
228172 0.229000
228183 0.230000
228197 0.231000
228202 0.233000
228204 0.234000
228208 0.235000
228216 0.236000
228233 0.237000
228244 0.238000
228253 0.239000
228260 0.240000
228289 0.241000
228303 0.242000
228307 0.243000
228312 0.244000
228334 0.245000
228348 0.246000
228351 0.247000
228353 0.248000
228364 0.249000
228369 0.250000
228370 0.251000
228376 0.252000
228380 0.253000
228401 0.254000
228410 0.255000
228420 0.256000
228429 0.257000
228434 0.258000
228436 0.259000
228442 0.260000
228463 0.261000
228487 0.262000
228530 0.264000
228532 0.265000
228539 0.266000
228540 0.268000
228547 0.269000
228552 0.270000
228580 0.271000
228590 0.272000
228603 0.273000
228605 0.274000
228616 0.275000
228632 0.276000
228636 0.277000
228703 0.278000
228712 0.279000
228782 0.280000
228793 0.281000
228815 0.282000
228827 0.283000
228847 0.284000
228867 0.285000
228877 0.286000
228926 0.287000
228928 0.288000
228937 0.289000
228943 0.290000
228967 0.291000
229029 0.292000
229058 0.293000
229074 0.294000
229114 0.295000
229115 0.296000
229117 0.297000
229180 0.298000
229214 0.299000
229227 0.300000
229271 0.301000
229288 0.302000
229295 0.303000
229370 0.304000
229414 0.305000
229447 0.306000
229490 0.307000
229526 0.308000
229539 0.309000
229551 0.310000
229596 0.311000
229638 0.312000
229645 0.313000
229658 0.314000
229661 0.315000
229663 0.316000
229674 0.317000
229682 0.318000
229687 0.319000
229703 0.320000
229710 0.321000
229713 0.322000
229735 0.323000
229737 0.324000
229740 0.325000
229749 0.326000
229761 0.327000
229782 0.328000
229822 0.329000
229824 0.330000
229825 0.331000
229833 0.332000
229845 0.333000
229847 0.334000
229915 0.335000
229943 0.336000
229967 0.337000
230003 0.338000
230014 0.339000
230017 0.340000
230018 0.341000
230019 0.342000
230023 0.343000
230026 0.344000
230031 0.345000
230052 0.346000
230053 0.347000
230064 0.348000
230074 0.349000
230089 0.350000
230094 0.351000
230097 0.352000
230128 0.353000
230178 0.354000
230200 0.355000
230225 0.356000
230227 0.357000
230244 0.358000
230289 0.359000
230296 0.360000
230317 0.361000
230346 0.362000
230350 0.363000
230359 0.364000
230390 0.365000
230391 0.366000
230413 0.367000
230446 0.368000
230455 0.369000
230462 0.370000
230491 0.371000
230549 0.372000
230552 0.373000
230593 0.374000
230598 0.375000
230605 0.376000
230629 0.377000
230674 0.378000
230692 0.379000
230715 0.380000
230757 0.381000
230769 0.382000
230820 0.383000
230848 0.384000
230850 0.386000
230866 0.387000
230882 0.388000
230884 0.390000
230896 0.391000
230901 0.392000
230902 0.393000
230904 0.394000
230921 0.395000
230962 0.396000
230964 0.397000
230970 0.398000
230976 0.399000
230977 0.400000
230987 0.401000
230989 0.402000
231016 0.403000
231055 0.404000
231074 0.405000
231077 0.406000
231084 0.407000
231099 0.408000
231104 0.409000
231107 0.410000
231111 0.411000
231113 0.412000
231119 0.413000
231141 0.414000
231144 0.415000
231152 0.416000
231160 0.417000
231171 0.418000
231186 0.419000
231192 0.420000
231224 0.421000
231225 0.422000
231227 0.423000
231230 0.424000
231239 0.425000
231250 0.426000
231253 0.427000
231257 0.428000
231271 0.429000
231276 0.430000
231277 0.431000
231283 0.432000
231286 0.433000
231291 0.434000
231294 0.435000
231314 0.436000
231315 0.437000
231321 0.438000
231327 0.439000
231330 0.440000
231348 0.441000
231349 0.442000
231351 0.443000
231355 0.444000
231361 0.445000
231367 0.446000
231371 0.447000
231379 0.448000
231386 0.449000
231390 0.451000
231391 0.452000
231398 0.453000
231407 0.454000
231439 0.455000
231447 0.456000
231452 0.457000
231482 0.458000
231487 0.459000
231489 0.460000
231498 0.461000
231508 0.462000
231517 0.463000
231520 0.465000
231524 0.466000
231530 0.467000
231536 0.468000
231537 0.470000
231543 0.471000
231544 0.473000
231551 0.474000
231565 0.475000
231567 0.476000
231568 0.477000
231569 0.478000
231570 0.480000
231577 0.481000
231578 0.482000
231583 0.483000
231584 0.484000
231585 0.485000
231589 0.486000
231591 0.487000
231597 0.488000
231600 0.489000
231605 0.490000
231609 0.491000
231617 0.492000
231631 0.493000
231638 0.494000
231639 0.495000
231643 0.497000
231660 0.498000
231663 0.499000
231667 0.501000
231668 0.502000
231674 0.503000
231679 0.504000
231682 0.505000
231683 0.506000
231690 0.507000
231705 0.508000
231707 0.509000
231708 0.510000
231710 0.512000
231721 0.513000
231729 0.514000
231730 0.516000
231735 0.517000
231740 0.518000
231742 0.519000
231750 0.520000
231759 0.521000
231761 0.522000
231765 0.523000
231774 0.524000
231775 0.525000
231777 0.526000
231778 0.527000
231779 0.528000
231780 0.529000
231782 0.530000
231783 0.531000
231785 0.532000
231788 0.533000
231790 0.534000
231791 0.535000
231822 0.536000
231826 0.537000
231828 0.539000
231835 0.540000
231837 0.541000
231838 0.542000
231842 0.543000
231848 0.544000
231853 0.545000
231855 0.547000
231857 0.548000
231860 0.549000
231863 0.550000
231869 0.551000
231873 0.553000
231875 0.555000
231886 0.556000
231888 0.557000
231892 0.558000
231903 0.559000
231918 0.560000
231920 0.561000
231926 0.562000
231928 0.563000
231929 0.564000
231930 0.565000
231932 0.566000
231933 0.567000
231941 0.568000
231946 0.569000
231952 0.570000
231955 0.572000
231961 0.573000
231963 0.575000
231964 0.576000
231972 0.577000
231980 0.578000
231987 0.579000
231989 0.580000
231993 0.581000
232002 0.582000
232003 0.583000
232011 0.584000
232012 0.585000
232027 0.586000
232028 0.587000
232031 0.588000
232033 0.589000
232035 0.590000
232036 0.592000
232042 0.593000
232046 0.594000
232047 0.595000
232049 0.596000
232058 0.597000
232059 0.599000
232072 0.600000
232077 0.601000
232078 0.602000
232081 0.603000
232083 0.604000
232084 0.605000
232086 0.606000
232088 0.607000
232090 0.608000
232101 0.609000
232102 0.610000
232112 0.611000
232117 0.612000
232118 0.614000
232122 0.615000
232125 0.616000
232135 0.617000
232137 0.618000
232141 0.619000
232152 0.620000
232153 0.621000
232155 0.622000
232156 0.623000
232159 0.624000
232161 0.625000
232172 0.626000
232176 0.627000
232180 0.628000
232186 0.629000
232187 0.630000
232189 0.631000
232194 0.632000
232201 0.633000
232212 0.634000
232215 0.636000
232220 0.638000
232221 0.639000
232234 0.640000
232238 0.641000
232255 0.642000
232271 0.643000
232273 0.644000
232280 0.645000
232286 0.646000
232294 0.647000
232298 0.648000
232302 0.649000
232303 0.650000
232310 0.651000
232311 0.652000
232318 0.653000
232323 0.654000
232331 0.655000
232334 0.656000
232337 0.657000
232344 0.658000
232348 0.660000
232350 0.661000
232365 0.662000
232385 0.663000
232396 0.664000
232398 0.666000
232414 0.667000
232416 0.668000
232421 0.669000
232426 0.670000
232428 0.671000
232439 0.672000
232451 0.673000
232453 0.676000
232460 0.678000
232465 0.679000
232472 0.680000
232476 0.682000
232481 0.683000
232486 0.684000
232489 0.685000
232493 0.687000
232496 0.688000
232500 0.689000
232503 0.690000
232507 0.691000
232516 0.692000
232526 0.693000
232542 0.694000
232548 0.696000
232554 0.697000
232572 0.698000
232576 0.699000
232581 0.701000
232584 0.702000
232590 0.703000
232599 0.704000
232607 0.705000
232612 0.706000
232614 0.707000
232616 0.708000
232625 0.709000
232627 0.710000
232628 0.711000
232638 0.712000
232648 0.713000
232649 0.714000
232651 0.715000
232668 0.716000
232676 0.717000
232694 0.718000
232698 0.720000
232711 0.722000
232717 0.723000
232722 0.724000
232735 0.725000
232745 0.726000
232749 0.727000
232766 0.728000
232769 0.729000
232773 0.730000
232774 0.731000
232779 0.732000
232788 0.733000
232807 0.734000
232808 0.735000
232829 0.736000
232842 0.737000
232845 0.738000
232867 0.739000
232868 0.740000
232876 0.741000
232903 0.742000
232909 0.743000
232911 0.744000
232914 0.745000
232928 0.746000
232940 0.747000
232942 0.748000
232943 0.749000
232954 0.750000
232955 0.751000
232957 0.752000
232967 0.753000
232969 0.754000
232986 0.755000
233004 0.756000
233006 0.757000
233009 0.758000
233027 0.760000
233033 0.761000
233044 0.762000
233047 0.763000
233054 0.764000
233071 0.765000
233077 0.766000
233110 0.767000
233141 0.768000
233156 0.769000
233172 0.770000
233182 0.772000
233202 0.773000
233209 0.774000
233225 0.775000
233235 0.776000
233276 0.777000
233307 0.778000
233315 0.779000
233320 0.780000
233352 0.781000
233369 0.782000
233386 0.783000
233396 0.784000
233405 0.785000
233430 0.786000
233434 0.787000
233473 0.788000
233512 0.789000
233529 0.790000
233549 0.791000
233569 0.792000
233571 0.793000
233574 0.794000
233590 0.795000
233603 0.796000
233613 0.797000
233618 0.798000
233623 0.799000
233639 0.800000
233645 0.801000
233664 0.802000
233666 0.803000
233681 0.804000
233684 0.805000
233686 0.806000
233705 0.807000
233711 0.808000
233730 0.809000
233733 0.810000
233734 0.811000
233761 0.812000
233776 0.814000
233826 0.815000
233829 0.816000
233839 0.817000
233844 0.818000
233846 0.819000
233850 0.820000
233854 0.821000
233859 0.822000
233874 0.823000
233876 0.824000
233878 0.825000
233901 0.826000
233909 0.827000
233920 0.828000
233928 0.829000
233940 0.830000
233949 0.831000
233960 0.832000
233974 0.833000
233981 0.834000
233997 0.835000
233998 0.836000
234000 0.837000
234002 0.838000
234030 0.839000
234055 0.840000
234058 0.841000
234065 0.842000
234092 0.843000
234095 0.844000
234103 0.845000
234134 0.846000
234139 0.847000
234155 0.848000
234159 0.849000
234186 0.850000
234194 0.851000
234213 0.852000
234217 0.853000
234223 0.854000
234224 0.855000
234227 0.856000
234268 0.857000
234278 0.858000
234280 0.859000
234291 0.860000
234299 0.861000
234305 0.862000
234327 0.863000
234338 0.864000
234385 0.865000
234422 0.866000
234525 0.867000
234526 0.868000
234598 0.869000
234621 0.870000
234630 0.871000
234631 0.873000
234687 0.874000
234701 0.875000
234740 0.876000
234772 0.877000
234872 0.878000
234878 0.879000
234894 0.880000
234933 0.881000
234947 0.882000
234992 0.883000
234998 0.884000
235003 0.885000
235052 0.886000
235062 0.887000
235088 0.888000
235090 0.889000
235093 0.890000
235119 0.891000
235137 0.892000
235207 0.894000
235247 0.895000
235250 0.896000
235277 0.897000
235304 0.898000
235305 0.899000
235361 0.900000
235366 0.901000
235402 0.902000
235404 0.903000
235436 0.904000
235448 0.905000
235469 0.906000
235486 0.907000
235517 0.908000
235541 0.909000
235563 0.910000
235622 0.911000
235665 0.912000
235680 0.913000
235717 0.914000
235727 0.915000
235754 0.916000
235776 0.917000
235802 0.918000
235816 0.919000
235824 0.920000
235871 0.921000
235874 0.922000
235964 0.923000
235972 0.924000
235998 0.925000
236006 0.926000
236007 0.928000
236015 0.929000
236022 0.930000
236045 0.931000
236049 0.932000
236076 0.933000
236168 0.934000
236177 0.935000
236187 0.936000
236196 0.937000
236209 0.938000
236210 0.939000
236292 0.940000
236340 0.941000
236346 0.942000
236351 0.943000
236401 0.944000
236421 0.945000
236480 0.946000
236484 0.947000
236500 0.948000
236538 0.949000
236557 0.950000
236593 0.951000
236672 0.952000
236775 0.953000
236883 0.954000
236944 0.955000
236994 0.956000
237136 0.957000
237223 0.958000
237269 0.959000
237453 0.960000
237538 0.961000
237559 0.962000
237571 0.963000
237592 0.964000
237836 0.965000
237837 0.966000
237992 0.967000
238010 0.968000
238113 0.969000
238433 0.970000
238542 0.971000
238585 0.972000
238617 0.973000
238881 0.974000
238903 0.975000
238908 0.976000
239018 0.977000
239052 0.978000
239082 0.979000
239187 0.980000
239258 0.981000
239463 0.982000
239502 0.983000
239561 0.984000
239609 0.985000
239783 0.986000
239801 0.987000
239834 0.988000
239900 0.989000
240115 0.990000
240144 0.991000
240205 0.992000
240366 0.993000
240395 0.994000
240402 0.995000
240578 0.996000
241084 0.997000
241362 0.998000
241400 0.999000
245013 1.000000


