163857 132
165118 127
158336 125
157922 125
157945 126
157340 126
163664 126
143222 126
159670 126
147044 128
161138 126
161343 126
159484 126
163206 130
159127 125
160698 126
142271 126
160824 126
160073 126
163250 129
159407 126
144043 127
160101 126
159721 126
158100 126
158241 125
158438 125
161024 126
168206 129
157587 125
158677 127
160111 126
168421 128
160433 126
164217 127
142603 126
160059 127
159938 125
157951 126
160084 125
168874 132
160517 127
167637 131
159987 126
162691 126
162513 125
163248 130
161259 126
143638 127
161803 126
162132 125
166676 126
167634 127
159897 126
159918 126
161848 127
161083 127
159058 126
163566 126
159953 126
170190 127
157702 126
158887 126
157313 126
142151 126
162550 127
158150 126
158191 126
162785 130
143638 127
163887 126
166761 125
157892 126
163989 127
162517 126
159233 127
161570 127
157778 125
142348 126
142813 126
165492 129
142951 126
163616 127
159273 126
164077 130
163204 126
163202 126
142737 126
160150 126
159066 127
159936 126
161767 126
161926 127
160816 126
160701 126
162982 126
142104 126
161128 126
158098 125
162478 127
141998 126
162351 126
161365 127
161426 126
159447 126
161422 126
165122 128
160376 126
159336 125
159493 126
159770 126
142552 126
163252 126
159962 128
157905 126
157996 125
162128 126
160913 126
159196 126
159782 128
157700 125
158852 126
162333 127
164532 126
160965 129
159760 125
159873 126
161916 129
158748 126
161835 127
142405 126
142884 126
161372 126
159697 126
158547 125
166098 127
159881 126
159262 125
166012 127
162573 127
164950 129
160635 126
159379 128
162495 127
165738 129
142647 126
161732 125
163221 127
141893 126
162397 127
141799 125
159148 126
157627 125
162541 125
157053 126
157528 126
162342 130
162420 127
160451 126
159317 126
161690 126
157974 125
158170 125
162756 127
158005 127
159785 126
158941 126
158913 126
142673 126
160741 126
162432 126
158241 126
142564 126
143105 126
163944 126
142952 127
161027 127
164269 126
143011 126
159409 126
159342 126
158822 125
168638 129
158797 125
160420 126
162692 126
161390 127
163114 128
156047 124
142063 126
164891 127
168477 126
163676 130
162998 126
160693 127
161460 126
159247 126
163696 126
168148 130
160226 126
160216 126
143222 126
166525 126
160821 126
161248 126
163032 127
163345 127
160999 128
162404 126
157842 126
158640 126
166155 126
161677 129
158362 126
158778 125
159767 126
161622 126
161563 126
168209 131
141516 125
164236 127
159295 127
162078 128
157893 125
157438 125
163099 126
158377 126
142062 126
159979 126
158622 127
158980 125
157553 126
158665 126
157992 125
158920 125
157604 127
162112 126
161171 126
162798 127
175704 143
159903 126
143344 127
158250 126
167930 126
160968 126
160633 125
163113 130
157719 125
159729 126
175307 142
163947 127
143587 127
164302 132
164824 125
161223 128
161001 127
162805 128
163971 126
142857 126
158786 126
142030 125
169189 129
162402 126
159602 126
159125 126
169191 129
164193 127
161866 127
159112 126
160963 126
161322 126
158699 126
163602 126
160315 127
158628 125
165798 126
157729 125
169080 127
159038 126
156725 124
162522 130
143501 127
160511 126
160336 125
165054 127
160938 127
165053 129
158346 125
158191 127
159968 125
160038 126
160975 127
162062 126
157632 126
163948 127
155976 124
159028 126
162565 127
163032 126
142773 127
159017 127
167559 126
160039 127
157785 126
159328 126
161447 126
159458 126
159269 127
160104 126
158158 126
159580 126
163127 129
158660 126
163056 127
161167 126
143099 126
160288 126
160402 126
143119 127
161125 126
160336 126
158026 126
158753 127
169611 131
158744 125
162332 126
160741 126
163676 127
158738 126
141926 126
144925 128
160785 126
160531 125
158736 125
157773 126
158593 126
160122 126
159510 126
142193 125
158806 126
157408 126
142346 126
140040 123
144339 128
163013 126
159107 125
169147 132
160292 126
161764 127
162277 126
162557 127
168122 129
161392 127
164364 126
167942 127
160660 126
160741 126
165869 126
167841 129
161362 126
160601 127
143037 127
142298 126
164784 129
147325 129
164593 127
166691 128
166334 129
159646 127
161413 127
160184 126
142501 126
163205 129
167470 133
160709 126
142863 126
165800 129
159867 126
146198 126
143125 126
158173 126
161367 127
160267 125
159802 126
158767 125
143611 127
160022 126
159707 126
163849 129
160472 126
159603 126
160045 127
163583 127
158588 125
161488 127
155536 124
160351 126
163146 126
160288 127
162816 126
162338 127
165661 126
163598 129
160113 126
159615 128
142640 126
142633 126
161655 126
158430 127
162166 125
161980 128
160222 126
162440 126
162366 126
161011 125
162095 128
159017 127
144459 127
159673 126
160577 126
141896 125
159370 126
160621 126
162863 126
161747 127
161886 127
159949 126
162997 126
161818 127
159051 125
163175 127
159122 126
157765 124
163096 127
163578 126
159637 125
162825 126
159496 128
162398 126
159775 126
142796 126
143146 126
142271 126
159889 127
159291 126
167084 126
161124 129
159403 126
161182 126
160594 126
159392 126
157224 125
158511 126
158524 127
159789 126
143566 127
162237 126
143637 127
160951 126
160178 125
158089 125
163517 129
142494 126
164756 128
160621 126
159929 125
161414 127
158420 126
163180 132
141276 125
166863 131
164708 127
162885 126
161984 126
159016 123
159540 128
160127 125
158612 126
163888 126
162634 126
160405 126
143009 123
160189 126
157647 126
160266 126
142538 126
167474 130
143517 127
163569 127
163235 126
160047 127
158319 125
157237 126
159349 125
143825 127
161860 126
160191 126
160762 126
159156 127
142440 125
157756 126
160469 125
163437 126
160923 127
164008 129
162952 127
161051 127
162544 127
144047 127
157663 125
158362 126
157458 125
159029 127
146149 129
161684 126
161373 126
160120 127
158052 125
166479 125
143831 127
164046 127
160001 126
143379 127
162357 127
159874 126
160395 126
158183 125
164197 128
163558 127
162978 126
167154 131
158715 126
158374 126
157898 126
158848 126
167775 126
159686 126
161753 127
160908 126
161088 126
159379 126
142562 126
164382 126
161266 126
159693 127
160061 125
163895 126
164118 126
144272 127
158977 125
159894 127
161461 126
160985 127
143272 127
162769 126
159844 127
160627 126
158960 126
168251 126
158871 126
158084 125
159259 125
160526 126
162552 126
159180 126
159982 129
159605 126
157591 126
167486 127
162967 126
162508 126
159381 126
161772 127
180494 144
161042 124
142715 126
161590 127
159959 127
161576 128
157855 125
163289 130
143463 127
163603 127
159378 126
163685 128
158564 125
142771 127
160327 127
163513 129
157263 125
159279 126
160988 127
163847 128
142422 126
159737 125
157804 126
158146 126
161675 128
158915 126
162360 126
161374 129
158181 125
157489 125
160526 126
162287 126
161167 127
163809 126
160466 126
162553 126
162357 127
159034 125
164901 127
158969 127
157978 126
158939 126
162831 127
164765 126
161644 127
160707 126
159223 126
162705 125
163099 126
160235 125
166840 125
160751 126
158866 126
167550 127
160302 126
161619 126
159827 126
143281 127
143182 127
162079 126
160368 126
164367 128
164511 126
161880 127
141667 126
159466 128
158083 126
158414 125
163027 127
158065 126
157834 125
159069 126
153236 123
159704 126
159132 126
158464 125
168462 126
159538 126
144244 127
159094 126
158063 127
159630 126
160241 127
161869 130
159254 126
160478 126
143220 127
159491 126
149074 130
162380 126
160710 128
163231 126
159108 128
158234 126
164383 129
167120 126
159697 125
163815 128
142392 126
158280 126
157656 125
163135 126
162554 126
162089 126
163231 126
160251 126
162216 127
161331 127
143399 127
142711 126
170594 128
159406 125
166986 128
163480 126
165060 127
161874 126
160762 126
163991 126
161076 129
159401 127
157738 125
158441 126
161301 126
164259 126
157099 124
163101 131
156977 126
158389 126
158012 126
158772 126
157690 126
159855 125
158136 125
144343 128
159893 126
170878 127
165852 128
161632 127
163828 127
160284 126
161549 127
162946 129
163321 127
142501 126
157774 126
163499 130
161533 127
169356 127
160125 126
143122 127
166785 126
143302 126
156092 124
160935 126
158688 126
144060 128
161233 129
159145 127
159597 126
158128 126
157838 125
158410 126
164841 129
167822 127
142842 126
161965 126
163314 126
141902 126
158556 125
168498 127
142508 127
158773 126
162299 127
164374 125
162335 126
164614 127
161862 128
160650 126
160838 126
168741 126
159271 126
160285 126
161763 127
159276 126
163472 126
162429 128
162499 127
159160 126
143209 127
169689 127
161852 126
161873 126
161371 126
158673 126
157741 126
164763 128
142749 126
161673 127
143905 127
158405 126
142905 126
142375 126
164853 130
161849 127
159256 128
157905 125
162754 128
159818 125
164157 126
141995 126
142364 125
162946 126
142449 126
159881 126
159185 126
160694 126
159821 126
157618 125
157886 126
162570 130
157608 126
162933 128
160252 127
160375 126
161422 126
161332 126
163436 126
168202 127
161297 126
159706 126
142805 126
142327 126
158400 125
157984 126
157705 126
159274 127
162333 127
160503 126
159383 126
162024 127
159166 126
166222 126
160867 128
166511 126
160865 127
161967 126
160167 126
163552 126
168191 126
162974 126
162024 126
159098 126
162238 125
161818 126
159277 126
160008 127
164379 127
159870 126
163028 127
158527 126
164375 127
161993 129
157135 126
158774 127
161502 128
158445 126
161902 125
161601 127
143360 127
168673 126
162559 127
159854 126
159831 127
158986 126
163248 126
157055 126
158296 126
167322 128
160292 125
159461 127
158995 125
169384 128
162898 126
160837 127
158647 127
157530 126
141949 125
160794 126
159090 126
159221 125
160901 126
158879 125
168873 127
162117 126
161230 126
162630 126
162383 127
160362 125
163217 128
141760 124
165045 126
160458 126
159401 125
142983 126
158405 125
163185 126
160439 126
160814 126
159226 125
160812 125
142573 126
142743 127
159919 126
159796 127
158194 126
163100 130
160967 125
164481 127
160854 127
161057 127
142464 126
161050 126
164578 126
158802 125
143234 127
163461 125
158380 126
158804 125
161601 129
144022 127
160647 129
159522 128
165216 126
156766 126
157917 126
169523 127
159477 125
170625 129
161702 126
157832 126
142722 126
159895 126
163038 127
160204 126
161132 126
159868 128
162094 126
161238 126
159301 125
167058 127
161107 127
160294 126
162185 126
159689 126
141831 125
161588 127
157666 126
161455 127
162169 126
159205 126
159219 125
161940 127
163267 127
162374 127
159766 127
166376 126
162192 127
161808 126
164110 126
163046 127
163039 127
158407 126
163452 126
158480 126
166852 126
161648 126
161659 126
158528 126
162520 126
142499 126
161248 126
159572 127
157410 125
159742 125
161619 125
161599 127
159367 126
161524 126
162207 126
156837 124
161472 126
163666 128
160568 126
164617 127
164537 128
142179 126
143940 126
162931 127
158143 125
162565 131
159479 125
158198 126
165369 126
156319 125
162822 128
161044 126
160365 127
163942 126
142820 126
164444 128
160087 126
163656 126
161368 126
162917 126
159957 125
168961 126
159306 126
142964 126
158909 127
157774 126
157778 125
163341 126
167999 126
161192 126
159095 125
168260 127
162423 126
