247728
251813
251339
253756
245197
252394
253796
251912
254040
235757
264930
238002
248572
261784
251720
250915
300585
253829
235726
252478
238076
249810
247772
247494
236809
251234
251479
248132
248081
263595
247997
248104
252388
252059
251831
235790
247700
251723
251764
252764
251036
254040
241792
252413
251582
248056
247857
234697
252173
250228
251622
269789
271792
251705
250048
253447
250535
249528
254339
251196
252435
261665
253374
250341
253965
251478
247969
249171
253192
250441
251348
244983
250113
250544
251118
250032
252040
254167
253802
235761
256881
266727
255859
245221
252722
252690
230894
248464
260229
267488
247564
271663
253871
251733
255506
242150
247428
301968
258905
250707
251427
253723
233927
233281
258816
269399
254156
252205
252195
246696
249239
254836
259304
252121
267148
251224
252725
247399
267285
237234
259342
266376
257243
251199
248708
251175
256259
250466
252205
253455
252896
255713
254219
268916
251690
234224
249666
252619
251479
255555
250829
252329
259533
248723
262711
253092
253330
254780
255679
250062
233548
257089
267771
253123
253410
252609
254641
269110
250622
259223
252245
251802
255581
259997
247855
256396
251436
248872
247477
247229
245040
251715
248067
259456
247412
253028
251602
263631
246409
236686
253289
248567
250638
251429
252714
247567
255167
269180
251636
249782
251806
254326
253264
253279
248346
235380
246802
269848
251692
268599
251307
248333
263087
252360
252235
248019
246680
253044
253352
298619
267774
252534
251920
250773
246784
235865
268036
247218
253013
255368
255926
251172
256342
250860
251041
254155
271656
247686
247708
267494
248616
255850
256337
264856
249976
248084
251693
249381
253291
252977
235576
269774
237181
252079
267919
255435
251438
256845
251233
251160
248875
251080
254208
250747
254532
252704
255096
253874
255391
250698
252141
255860
249609
245041
245667
255147
252186
251624
254782
249087
247267
254575
249723
248471
247530
247469
251687
255512
250740
246410
251379
247509
250452
253688
248358
269331
249936
301133
247187
267211
251616
236831
247924
251542
257345
250058
295694
254177
255231
250092
246924
237325
251464
251798
252204
269623
254858
238604
239849
253557
250162
266453
252661
248735
253709
255604
251346
254601
251868
235693
244532
252295
251780
233677
249976
236411
247037
252986
233488
251623
255866
259926
247821
251439
257013
247610
235909
249447
257624
251283
252720
251769
255818
257025
252368
250251
251811
234593
250623
250690
253939
265373
252863
247358
269953
254223
252205
251465
252405
252018
231737
267681
243197
256471
254353
248816
265554
251359
269548
253318
262042
254176
247861
251637
267950
268646
251835
257346
252111
253990
254743
253045
247734
251945
234966
248433
254471
254575
251653
261590
249432
248327
264689
268960
265683
264463
248313
235715
251789
251509
256134
251920
247277
253062
247150
263374
248564
260208
254192
250413
251489
251742
249632
263095
252782
254193
255280
254424
249442
236988
247589
253481
266043
252514
250018
252776
251905
251254
260759
252270
256100
272064
267051
248398
247983
251964
251401
248316
255245
245997
250293
239429
255818
248071
248414
251933
251631
266032
266107
268590
267322
267131
252436
235501
252035
251679
248191
252176
271493
252981
248896
248946
248411
248134
252141
251840
253806
262494
251354
248400
251826
295453
252131
252053
235057
248300
248368
255177
250072
247148
251534
251469
247955
251760
272223
252101
261550
249896
247938
253842
250363
261552
253993
246622
254803
253010
249083
275117
256368
251889
253225
254434
295076
253072
251572
247979
263499
249164
255089
248020
249869
298287
255649
251721
249615
265958
252176
251438
252747
257228
246928
251401
251574
248242
247572
252544
264262
256803
249981
255536
254369
246270
272271
251631
267946
247486
248915
251543
252153
249531
245930
251754
233038
250691
254184
305729
247397
268279
249227
250410
252340
249352
250564
251113
248571
264105
267687
295130
252244
254100
246417
247869
236117
249677
249255
251791
252231
239663
252448
251386
252886
251978
252755
255310
251908
251363
253626
253744
252550
234983
248733
258241
245478
247756
252854
256001
262138
255894
255866
251853
251990
254171
256883
251623
253427
249682
252996
252903
251752
249671
252300
251245
249052
251521
253383
250228
251818
251745
256145
252748
251231
267964
263737
249374
250870
252054
246377
251061
250705
253255
249604
252072
267925
236820
252824
253315
232969
255207
252141
251394
252708
251920
236362
252742
258494
236965
246924
251360
276193
256110
248580
247524
248328
263779
247795
247493
248443
252121
253743
254281
256120
251145
247564
252775
249785
255653
249694
252021
268554
259949
267977
250531
254389
248878
253463
267665
252070
251770
255189
248760
247600
252262
251608
243570
248530
256256
248612
268413
254628
255039
251680
247796
248383
247841
258362
255728
253297
248673
250546
249528
251610
247249
248394
250322
253835
254087
267943
249895
247940
259448
252101
252215
263523
255746
251815
252772
255384
253986
255673
250606
251285
251495
248240
251917
248194
252322
247296
251726
250221
262297
255079
252530
261217
250682
251936
248376
254866
253585
246512
255435
248695
258755
265798
253824
251752
271643
253694
250420
254163
249928
251523
251987
247335
251882
252851
251864
257276
250438
247915
252316
252039
255199
250068
253750
256053
249558
245601
248467
253661
249707
251654
252441
249968
253894
247900
251729
264924
250362
252091
252269
264466
254624
253027
259629
251155
252882
304089
251133
264440
248360
253771
256075
245677
251499
256988
251907
251616
247937
252949
252527
236793
248375
235919
272775
252238
273442
245448
263777
246494
237080
254333
243811
247771
249707
250195
251842
259181
248359
256504
271268
252789
259082
263830
238030
229868
250755
248875
253307
267260
254016
246168
248195
247064
251847
253882
254272
251487
249036
251364
247762
250262
255635
247871
247658
249466
252542
252209
259882
263317
253306
254665
259319
254253
257892
259589
252537
237473
256477
269814
252724
263469
251082
253558
246863
252681
251152
251852
252793
250409
248363
251514
254102
249731
255638
248137
248644
246832
252213
251604
251583
249405
233535
254701
300099
246954
248314
260223
251993
252032
296010
259123
263422
249441
251493
236082
248081
271048
256620
251727
251961
251922
257479
253918
260488
295147
256314
252741
258786
243835
248250
254477
248917
249974
254589
247857
252573
261363
250337
251848
266991
248769
267342
247695
253141
271516
259265
252081
248329
271726
264741
273572
246764
251069
252259
251357
256963
251783
256742
246158
254071
253961
247520
251953
248194
247911
256595
247752
303840
252512
267342
247957
252553
251008
254165
246305
268080
248082
250791
268084
263571
253618
270873
248175
251820
268020
266992
249782
259845
250064
252210
251285
248331
249376
246413
235817
251066
253864
254393
255599
257823
253854
248395
251698
235356
249933
265593
252596
251879
269963
253663
247799
252227
253806
253307
249133
268901
248528
253704
268132
251980
247113
252984
247379
255649
248061
252016
274196
239576
249693
252802
