889151 854
898295 862
890618 854
894461 855
892195 855
889631 852
898417 858
891494 856
899315 854
896139 859
891471 854
894325 858
890489 855
886495 850
895866 856
893011 854
899895 866
873076 854
894982 859
893426 856
894571 853
901805 861
889377 855
889773 854
890190 854
890327 855
894187 859
890019 854
891210 851
894872 854
890894 855
898954 856
898980 854
876749 853
892927 856
892404 854
897906 862
888658 853
890925 853
893762 855
891594 855
898742 863
893632 855
900715 863
877010 858
892393 854
898146 863
893263 857
885814 850
893982 857
890588 854
897703 860
875282 856
897894 854
900402 859
890875 853
897001 860
899005 856
870649 852
893895 858
892198 855
870729 851
886950 852
900354 855
897760 862
889125 853
900236 860
891770 855
898967 861
901912 864
889123 852
891933 853
894658 855
890414 855
896280 858
887271 852
890809 853
889665 854
886817 852
895636 853
892810 854
870292 851
895057 858
896448 853
897753 862
872415 853
901875 864
895409 859
889946 852
893563 859
890951 854
897112 861
893674 857
891129 853
894323 857
891568 854
889489 854
885239 851
873997 854
895041 858
900266 857
890907 853
893593 856
892438 853
896603 859
890536 855
890150 852
873195 854
892192 854
898676 859
870272 852
899163 862
890614 853
889703 853
899487 863
891598 852
907709 864
895083 855
888657 851
895799 860
893562 852
887581 852
890894 854
886890 852
898329 862
870943 851
890346 854
890172 853
888160 852
891905 855
889341 852
931419 890
896640 854
890230 854
894446 858
894101 853
872139 853
901936 855
889124 854
896068 860
891973 853
887935 852
891019 855
891683 852
896221 860
871243 852
885776 852
897081 860
900401 854
895729 860
894304 850
887822 850
891662 854
892904 856
899790 861
892552 853
888172 852
897980 859
891628 854
897961 859
889357 854
893994 856
900217 857
891090 854
901135 862
894603 852
890020 851
876512 857
891889 854
893482 858
889087 853
890670 853
890256 856
891054 853
900548 862
898478 854
890058 851
894822 856
890509 854
899851 862
874898 855
887902 853
893879 859
894221 852
881203 862
888047 854
896157 857
889709 851
888804 851
893807 859
886755 851
891909 851
896134 857
888598 852
904645 866
888785 851
891933 854
890957 854
890281 853
899889 862
