95377
93485
105652
105314
139103
140522
142366
125168
145047
119482
107380
147557
125629
130574
141659
143084
151397
127670
145267
144176
150045
134292
135403
136192
135294
131386
173729
143761
145347
165825
165595
176063
150265
147528
165078
174420
173111
190164
198035
113106
133307
159503
141544
127789
151857
98060
102105
113052
128225
121316
163125
109439
122185
111619
120123
130645
156769
109670
117572
115293
108253
160218
94355
100958
169443
89624
105967
101580
103653
135424
122595
145677
137331
125191
119146
152595
143808
112329
132017
128269
124611
124970
119637
126583
130073
126192
115326
121779
150842
124271
124160
147820
150241
147278
131166
112147
128901
135234
108495
128017
105435
139796
134251
144922
117952
145616
146415
147402
94440
125928
136849
113756
134654
136635
145021
118579
128236
142598
121598
123756
119043
124455
149145
143813
139666
127688
126827
128942
140959
146026
115796
136315
126808
101358
133375
105624
99279
113851
100663
124529
112696
113576
116439
141064
118816
133646
124238
116110
130954
144379
129814
119348
127855
119276
122589
135417
120903
122245
140879
105422
135559
147470
120731
128315
124611
133478
98555
140265
100645
131030
109315
125693
110360
139634
137406
137906
159834
135684
129800
133692
131929
122868
132197
147099
119503
117637
133965
132413
149954
125424
116091
98238
122655
139875
121588
122635
144050
135398
141909
132711
125755
130956
139600
143852
98252
130073
97123
94266
104704
116661
102610
101571
125509
120807
129258
130272
153177
173475
162479
144173
162687
164584
160937
157376
153951
128996
157538
134516
137530
159677
141180
138242
142078
154159
122993
170359
165189
166134
145319
124696
145137
145094
139130
135797
132280
133317
117316
161810
145421
150628
136094
122454
124923
92074
133742
121141
138878
161021
137470
140378
132764
138215
110690
122576
128623
125786
136323
135895
124031
106241
114875
113852
128569
124130
122227
126046
110318
109631
127115
113553
92421
117691
117035
101063
126263
142131
133455
135345
144754
135178
119190
120419
140524
146916
135080
101222
134233
138645
142512
140572
144631
139007
132571
146775
141528
126095
105088
117710
148890
145814
114845
168662
146290
144052
160973
130001
108417
136909
136824
155783
166927
109997
132078
152037
116422
122111
156956
120583
145007
157443
147828
114505
144984
117868
154781
173173
170794
130231
132196
145774
132346
134957
130898
139194
136046
133333
150960
142953
151069
143571
138659
139407
126772
122931
143419
104350
111277
133019
127401
143568
140270
159298
149929
138927
120371
121532
117924
122633
127443
126693
123859
147959
117173
136413
118642
142682
116134
131733
116908
126707
106037
114878
131060
125859
123552
99508
123559
116417
137360
124329
123595
116518
95504
103015
111231
141906
114538
116106
113371
118258
124272
124700
133486
109221
130113
128267
131982
127588
153333
133705
150026
139519
126290
145989
138724
135684
146461
132347
122909
129369
126771
110530
126620
104518
128924
110775
105073
118306
125683
123793
125455
133013
128686
125892
115139
112815
150251
109080
119509
119770
124800
108062
105699
105254
105814
131156
105514
112431
122911
105894
119886
113860
123384
136794
97180
136949
113136
119656
103057
115230
144138
130392
141409
131435
135261
118422
168476
126364
123152
124287
135477
122302
135201
138536
96401
120565
127595
134512
109838
135798
136264
138367
143475
135990
143349
141118
133276
149286
124269
152708
134269
127244
139396
133931
135819
138803
109517
154934
125335
138944
115319
101688
119501
164138
107899
103714
100911
126744
125899
143409
103835
148213
133291
130361
143938
126782
139595
127411
138247
151400
139714
147841
120469
156570
146886
143773
138213
148128
108973
161350
139830
137736
117659
139943
102920
97711
137743
150485
121872
142880
131739
137872
116623
136528
150989
142113
127069
116291
140445
148961
136139
162775
142403
122855
120326
141269
128068
151161
168697
151573
145526
148210
135679
138387
138289
147823
134222
148856
136701
138128
158805
148080
140771
118915
127386
136231
149483
155690
121757
154095
120644
125198
140032
155948
162342
143683
111305
187968
119760
141755
133017
114915
125523
134951
103571
126009
136128
126620
136542
147551
138018
133481
134331
114939
164342
136472
139280
129555
123505
134765
133532
123538
131617
172379
143432
124442
124384
147158
119351
134825
152421
137914
144534
142607
126557
128723
126027
118549
136565
102004
123744
135117
132777
129811
112719
116948
143133
118768
127616
102602
139766
105587
110965
123951
128161
111364
126276
111202
113711
111127
136590
126486
131002
152846
115267
124037
116981
124464
128610
131875
99716
122021
133595
101890
135212
137898
152213
116022
98454
135795
120255
136431
156642
106580
138167
126980
138277
153837
117708
138755
140894
122971
120544
121491
110689
116194
143606
120651
122353
122150
116200
112239
135510
122262
116085
122597
140345
112504
128472
117894
128889
126888
130046
126726
129511
129923
139189
129186
111496
117927
121213
114869
117401
126743
137566
106763
99692
107995
146050
155254
172010
136286
135440
148031
140873
127972
103604
157631
101785
142486
113424
107979
85178
135719
118086
97728
126738
108167
126467
136115
99872
138517
137278
146050
147427
141809
142223
106115
145887
113093
151139
151411
141105
162828
140198
112323
159767
148056
119924
104051
143500
123381
127958
113821
110096
126387
141719
121401
119821
122741
108383
163548
128813
104025
133595
119388
134833
133767
115216
103261
120295
115835
122984
120467
108297
113867
104404
125048
112584
119242
138037
124487
140558
147859
142698
150104
160655
150964
149674
174141
150804
154446
164319
166296
127777
137472
153115
145660
147719
123225
173231
124794
103905
162087
138516
122892
133435
125662
122910
157024
140093
141489
140387
126983
121582
147722
155729
132329
133568
139176
116862
128277
153264
142143
125513
133126
150220
146345
133300
156039
124396
127577
145873
129281
128402
99419
119982
137552
127571
130283
128917
119029
144936
115162
119405
92135
137922
129342
121399
125766
140228
136466
104214
94107
129313
122663
121413
119340
128168
122424
121814
120796
117014
117296
132926
123626
119392
121869
108443
122274
140157
112295
116488
115757
106676
128380
121886
127756
129550
127379
128521
124627
130533
129955
120000
104399
104218
119048
104153
142180
118690
130375
108937
130924
119682
119027
129954
107693
101069
145825
124759
138285
136959
124692
106654
101941
107672
121426
131605
129684
121208
134634
121380
124322
131564
96697
129658
118940
117105
121860
116304
112169
115034
125069
131416
121837
129234
119431
128295
155784
145624
147632
131957
124602
116073
120478
124782
97023
106128
101573
135424
125495
139974
133845
110349
96826
118263
129864
121491
117577
122088
122660
152999
158335
139559
156552
129244
136562
128824
133642
127683
138634
134681
146842
135462
101401
132001
110370
140546
104617
106307
134645
137255
136791
135243
125381
141761
125716
129649
94260
97920
98014
106283
103554
118400
127041
114863
126485
116068
120297
