244141 110
242259 117
239183 118
234148 110
254084 120
240388 112
253165 120
240280 118
238136 116
235834 109
260095 123
250850 117
258155 114
258041 115
252779 115
245198 116
258462 120
256317 113
249748 115
262048 111
272295 114
278940 139
258977 110
266541 111
290912 122
250749 112
285064 113
282734 113
284763 128
293684 116
307582 127
252210 105
266580 108
283665 112
275385 109
274396 108
212745 112
274163 111
310988 128
263187 118
292212 111
261852 109
260265 114
218671 120
257840 110
249925 116
241812 119
233505 121
233418 101
236850 145
210160 115
212911 110
220671 112
234806 119
262038 127
233829 115
236981 118
239333 120
242689 131
239406 110
251756 120
244129 114
252023 111
255956 118
224889 100
201147 101
204767 110
253571 119
241587 118
229263 100
250737 136
259309 119
237855 106
239526 108
238534 107
237970 106
238985 117
253348 116
246604 118
246341 107
241157 111
241008 108
228315 123
261701 114
236985 116
252750 121
250229 108
239920 109
294707 137
243325 118
227244 111
239391 117
232034 113
230572 120
261598 113
254083 118
257778 120
290308 153
271715 130
275995 115
206586 124
200722 114
196821 110
194104 108
196227 112
216656 117
247106 118
258435 128
259197 123
245560 124
237391 118
256492 120
245750 126
265876 121
253667 122
233661 119
223574 105
274003 131
214397 113
263580 114
225235 110
257426 120
294281 145
259220 112
247637 112
217620 104
251832 107
258225 109
235746 106
254163 105
254359 125
272925 111
247079 109
289526 127
309196 151
258769 127
276640 135
240768 118
238655 105
232342 111
239795 109
265296 114
253598 115
257368 108
240823 121
226431 125
244771 116
233626 109
252692 111
254519 130
214006 112
200805 103
186205 108
211375 118
235117 117
238681 121
192449 112
212842 116
213526 114
226625 118
236551 108
246036 111
249764 119
234373 111
250996 116
237607 122
237041 120
282320 151
245538 125
212428 107
233827 119
234844 108
255699 129
230561 123
251922 116
242775 118
248568 108
250085 111
258095 106
241502 108
252374 119
240635 103
247132 121
238562 123
278781 130
295417 143
246648 113
250093 115
257772 111
266254 108
241150 120
281966 111
236855 107
236203 113
283797 135
238058 110
278144 123
253216 121
249074 116
282232 111
267255 108
246403 118
227212 111
270078 140
243213 124
210679 114
199192 104
225009 114
226996 119
202553 119
201639 117
203172 116
203448 114
190423 117
219890 115
226643 113
195032 116
204154 112
211955 118
202033 108
224776 106
227473 111
229005 112
220631 120
238908 114
242684 120
240744 110
230930 137
230390 122
211908 109
221308 111
250774 117
250029 126
240611 106
237485 114
242818 118
245875 110
250487 116
240990 121
248466 150
236738 129
253438 109
242114 133
241077 113
237736 122
251876 130
246427 112
250802 116
247121 114
229955 116
250081 112
236452 115
244900 117
198590 112
236893 107
250772 116
264785 112
243935 105
215197 119
218035 118
203759 112
219367 119
193271 108
214362 112
201965 113
244194 131
232766 119
210578 124
219835 121
199305 116
197862 110
198349 116
224769 109
237631 122
240954 112
240964 111
251709 113
252719 118
251187 124
197414 115
221371 110
265998 117
260362 140
252630 124
248006 106
247653 123
264224 117
252539 108
261141 109
256196 126
256560 130
264777 118
259761 115
252739 112
264092 110
305833 138
263484 111
213913 112
224930 114
216140 105
202253 111
249726 111
320827 138
259895 110
304766 149
248238 118
272545 110
291843 123
237063 112
234081 108
245756 113
213291 115
222775 123
256982 110
253756 108
262709 151
238286 121
219511 121
228001 120
203752 117
235144 111
199962 110
248365 116
294960 158
259795 122
187718 110
260024 117
193884 115
258569 117
246109 109
228842 125
264649 114
204796 112
291216 151
207915 113
206700 113
216686 114
217025 115
220671 109
226980 110
251904 134
249381 129
209304 107
249927 127
248647 118
232174 123
249059 111
252185 117
186578 107
212055 111
218583 118
231394 118
221438 112
238558 117
246384 110
238494 111
254963 118
244440 109
248220 128
259311 120
248174 122
239503 113
244381 117
255260 140
257638 130
237990 120
256051 125
239821 117
217018 116
215998 112
219593 127
237771 118
232142 133
191411 110
196146 113
192610 117
203907 112
185714 107
212846 115
247930 127
254221 150
245421 112
241363 117
224743 107
222966 106
228625 110
256721 137
208879 112
231495 109
226230 110
218394 125
223839 111
232029 113
235167 111
234869 110
229872 121
240422 114
225446 112
229895 116
228947 111
235779 120
198585 112
199308 120
196439 105
218808 112
217326 112
222899 130
208531 107
207821 115
204055 117
218578 106
211022 112
210877 116
237033 144
241946 116
206960 125
220014 123
246669 141
219693 115
204900 120
229108 126
222643 118
212886 115
205551 116
200152 121
181246 109
206274 124
210604 120
224404 127
193134 120
184923 107
187265 108
204253 117
223146 126
196198 115
231924 118
232180 111
229313 118
199416 109
250551 120
248391 142
235662 116
231797 107
246803 122
241876 108
198089 116
252200 123
254225 121
250969 111
252000 125
252501 121
246577 112
273909 143
223560 122
256056 121
217808 126
219182 114
220105 110
234677 126
239692 111
230145 110
253032 130
260310 121
261718 127
251324 134
290563 122
246468 114
264079 115
212811 119
293973 132
250399 120
262639 121
247147 142
214838 122
266517 134
242308 112
308826 149
305288 146
273845 111
224185 109
246238 123
235673 113
215149 122
236508 110
249596 109
228782 110
186158 109
240708 119
246388 117
199070 115
244138 111
250897 117
254277 112
201861 120
253879 123
200214 110
224947 109
210479 109
200793 119
222927 112
234398 120
244784 127
243970 123
236238 125
234666 118
249441 116
226625 123
213369 110
241936 125
237762 119
186871 115
229469 112
245091 115
202788 109
217815 110
213465 109
219564 109
221603 109
236142 109
245633 118
240554 111
196714 108
242054 112
240771 113
249570 130
243204 119
246302 119
236826 115
243653 104
204373 105
239552 120
228786 117
251937 118
249163 130
215301 109
249245 120
221877 115
227311 123
241198 119
239536 117
239293 118
236543 118
234586 110
243661 109
244273 123
236158 108
229925 110
218714 109
205000 115
217857 116
235346 122
230102 111
226674 110
227385 115
222355 117
215095 115
211054 108
207471 127
212296 114
217247 116
208463 110
233538 116
204376 119
243799 118
226158 116
210250 111
218629 118
214182 112
224470 122
230198 118
229698 110
235235 113
235641 109
239410 112
229519 117
246354 112
240311 108
263945 126
191048 106
262051 133
240895 119
203839 118
212219 113
227316 123
218413 112
210772 117
208233 113
217442 110
222330 108
256531 137
209843 107
242692 135
240702 111
245939 118
226580 106
240437 117
199077 111
257057 121
203306 109
185436 112
254528 126
228652 109
230563 142
248870 121
229535 118
226019 112
231652 110
203990 112
203462 112
202390 119
198442 119
232853 119
229475 125
220182 124
252857 135
211273 115
215310 115
220513 110
220797 111
218530 123
228930 115
229860 107
236165 116
236109 112
234280 122
237849 120
235851 118
240587 125
218988 113
239039 114
233735 115
234690 109
204287 115
239531 130
260354 154
192498 111
194803 110
250659 121
214253 119
244861 113
230131 110
227370 112
238595 126
225249 105
223796 106
233564 121
229959 114
215306 119
232006 108
239909 121
226313 107
242047 119
236842 108
225310 117
225052 111
222212 113
230383 110
238716 108
256764 135
234918 111
210269 121
222021 137
228295 126
188155 108
217229 115
223055 139
241733 132
221995 116
223613 122
208553 110
194903 116
207624 111
228090 124
219407 119
227729 120
228078 117
241404 109
241048 110
233351 110
240261 121
243782 115
233039 113
236538 127
229332 117
217185 119
224158 116
241434 125
203726 119
249530 119
211610 107
234606 124
216480 117
254442 144
221133 109
224928 114
222922 114
257952 135
234344 110
232057 109
246118 112
249837 111
246423 114
247087 146
250784 110
257719 111
247011 118
239411 110
248910 117
248913 112
242714 114
256198 125
218802 121
225083 102
236125 112
242081 114
201519 113
236035 112
203997 111
211893 111
216889 130
251958 118
230352 115
221044 111
208857 112
205242 106
229239 109
203346 115
210773 109
221791 110
224264 111
217789 112
250023 154
230200 128
185717 110
207975 115
209490 116
229703 134
207455 105
217085 125
217971 108
219223 108
222593 110
258895 138
212383 112
250749 121
225409 123
197691 113
210108 110
214193 112
217109 112
251440 122
275307 131
265804 138
238513 121
245277 115
243374 114
255432 120
245361 124
245244 109
263363 147
268202 135
240598 120
233093 119
225344 120
224632 108
211551 107
251479 120
243609 112
251406 128
250129 125
260477 121
223862 113
256713 120
258253 117
258641 112
241328 115
235931 111
241882 111
238615 124
238642 122
267689 120
256301 116
240255 109
253502 112
221866 114
233230 112
202653 110
219823 115
202857 109
215724 110
214594 110
236864 114
238623 122
232717 134
232858 113
248027 123
248521 107
235721 124
244476 109
214173 110
252750 119
262486 138
216118 127
233286 130
240311 116
250286 124
191603 109
256407 121
249074 111
245849 107
252442 114
214913 121
242060 134
224804 105
238169 118
221004 109
236624 120
241587 112
244923 108
221592 121
225185 110
257264 107
219305 102
262191 115
223347 129
217564 107
209544 106
224913 131
230162 111
213798 111
210879 119
255628 137
213275 108
217074 116
187416 111
276972 142
234846 113
212133 114
205935 111
231248 123
220629 115
210153 115
207263 119
195791 110
226976 115
235002 114
224450 119
230041 121
196847 113
221670 112
256784 122
197254 108
211120 113
218473 116
230610 120
231662 115
216458 115
234494 114
236934 116
241481 115
218724 121
257052 134
255320 155
220536 118
205714 106
235626 111
230642 117
240503 111
261005 123
217028 106
232520 113
231767 121
243173 111
241124 113
234799 104
222891 111
206773 110
241550 116
245905 137
268484 148
249485 149
235767 120
199102 109
241700 138
236873 108
238646 114
187073 106
243126 113
235429 116
247815 116
276184 137
195846 113
242984 105
294926 144
203708 111
229296 109
221464 113
225958 110
259905 125
219858 107
189615 112
221074 122
238089 112
258256 117
272780 137
211328 115
217552 123
208428 112
205937 115
217624 119
220120 121
190320 104
210539 109
240047 119
248414 144
190257 112
215105 115
209781 108
203316 117
192770 110
204355 108
219352 127
216430 119
231647 115
239555 111
237270 108
236156 118
201648 112
195771 115
222961 124
254400 121
239439 109
230689 112
233924 109
253488 123
263508 129
208665 115
214968 123
222606 113
234953 130
235960 113
230782 114
242078 113
193798 118
226621 109
260162 124
222750 111
246268 134
227807 121
243601 116
253180 121
217275 125
247823 113
255032 135
257350 121
267948 125
240700 115
206150 112
227571 112
253270 114
266410 146
220200 116
226025 121
225619 116
203983 114
238186 127
212194 115
234665 121
249080 113
230312 116
210579 122
232058 108
257877 118
201348 116
228789 125
200534 112
216187 111
229538 108
204455 106
238598 117
234953 119
243728 112
237988 109
233987 107
252274 126
255325 140
253361 121
252574 110
205967 109
194344 108
209381 106
238006 113
207440 124
228684 121
229410 113
221723 106
212249 122
199963 105
