145680 98
150736 101
158970 115
159669 105
161159 108
169065 106
169120 106
181322 108
184803 108
181260 108
148878 100
172409 106
148502 105
162436 108
162464 99
179037 105
162624 116
168877 100
193105 115
178014 116
157323 111
148646 106
159922 101
171883 104
152731 102
156433 111
165112 105
152462 99
167287 115
178036 115
157237 111
152632 105
146649 97
166224 113
165562 102
156310 101
158711 108
168191 111
150884 101
160394 109
151950 100
154621 108
152451 99
151538 98
154375 108
159673 109
159963 109
160498 110
160400 101
180232 107
150983 108
140867 99
154969 109
141010 98
160977 103
153689 109
142923 101
138997 99
180391 107
190714 110
156334 102
157123 107
161940 113
156463 107
153965 108
152783 104
153495 109
153979 114
146166 99
151824 100
155915 107
158627 108
140838 98
144332 100
157286 111
151374 107
168798 97
164554 107
159660 110
169479 109
152346 105
158491 100
147499 97
168989 109
164783 112
163938 101
151232 108
150434 97
170924 109
142884 103
152763 99
143462 100
149981 102
163820 115
174030 107
164566 101
161849 96
173097 114
177178 102
183497 113
149666 101
154197 105
153231 98
164338 116
152546 99
138556 99
186793 113
145864 98
151447 102
163648 105
164727 108
157266 107
169997 106
172474 109
152596 99
156437 101
155612 104
160273 114
149096 105
156051 108
150543 106
145354 105
153057 113
160391 111
159757 117
170928 115
149733 107
141211 98
148206 106
139286 98
157082 109
189044 115
161857 113
154030 110
168336 115
158984 116
164228 113
163977 107
155789 100
153861 107
161799 111
144373 96
154407 97
152623 104
173107 99
172465 108
176799 111
182110 114
180303 111
176494 109
154971 107
155785 107
168266 110
153190 107
153554 110
140820 99
159374 108
154134 109
153645 99
164153 112
156153 107
157396 105
176548 113
152787 109
140442 100
176235 108
161791 108
160914 117
167524 114
156772 111
185277 108
158922 113
151106 107
184854 109
142559 99
165412 109
145614 98
170855 107
155998 102
146745 98
161536 113
167428 110
147011 100
150964 100
155948 98
151833 99
152434 108
160453 103
145056 99
158109 108
148395 102
177493 109
160938 98
140814 101
177206 113
165851 110
150768 98
167016 97
158889 111
153947 111
147622 100
164902 114
163455 99
165963 114
159606 109
164603 105
148310 99
157926 110
154032 101
162712 107
155744 106
162288 110
164018 115
151583 98
147901 99
142029 101
153644 109
157384 108
161379 112
154359 98
167686 110
160481 109
152837 107
163397 98
174299 109
161047 100
151520 97
157376 109
163364 109
164658 113
150031 104
152796 103
146331 98
166087 99
179039 112
150407 109
160523 113
152331 106
162257 111
157386 108
163255 116
153635 101
161056 111
149894 99
163169 107
166607 112
171569 113
167555 114
159393 109
153323 112
165353 117
147602 100
149177 97
169193 111
158752 110
167007 109
154208 108
150473 105
139140 100
159855 104
147659 102
159667 113
138215 96
156716 108
160457 107
151315 110
153823 109
188958 112
177601 101
163116 107
158363 111
154804 113
143681 102
154268 99
151069 109
143215 103
153298 110
158739 110
173406 109
148036 102
146387 102
155544 99
156646 108
150958 107
177467 109
146814 102
153598 110
155475 101
147141 109
163950 109
173000 112
155056 111
154851 110
139714 98
153252 110
162745 108
143741 99
169703 118
154559 109
151532 98
164030 108
151732 105
153383 99
144290 99
164004 108
160168 111
144643 99
143820 105
156882 107
149084 99
150997 108
158947 100
159658 111
166960 107
144505 99
139122 99
150516 97
174021 114
156193 111
164896 108
149469 107
167321 105
156274 108
157653 107
155296 105
156523 107
154065 108
149182 97
157323 111
146841 105
157474 108
161618 106
159289 111
151483 102
155725 108
161670 102
170418 110
165159 108
159465 108
156266 109
149635 100
147263 99
144502 98
178005 111
161299 109
147086 98
144940 96
149661 107
149255 105
154117 100
155338 110
158979 107
160242 108
167467 107
164640 115
153281 96
165258 106
193028 109
152646 101
151346 98
166172 112
166112 111
154008 99
170309 114
185709 101
149303 100
167250 110
160141 101
164001 109
152204 107
160846 109
158644 105
155034 113
158745 110
145706 101
140991 96
164441 116
149611 99
167348 102
148513 99
155074 110
151848 108
158074 113
148597 98
153297 99
165132 111
166422 109
152298 107
155685 104
157050 100
171740 109
151491 97
154265 107
157897 99
142458 102
167199 120
153208 103
164401 110
153128 97
157875 115
155830 109
167435 109
158727 111
158478 111
154402 110
153508 109
159533 108
148674 108
156879 109
155363 109
161508 117
165863 113
167923 109
141176 98
145469 98
149079 101
161175 115
161501 109
151062 99
154773 107
150982 108
140958 99
162604 110
154827 106
146794 97
143116 96
153166 109
156063 100
189335 117
185966 116
147982 99
173255 106
156737 104
154194 108
175621 103
171435 114
143292 98
146376 99
157199 107
160367 106
152313 100
182857 113
149244 99
146237 99
160773 113
163107 114
159290 110
155319 102
144823 99
150624 100
155614 98
160108 109
165951 108
150378 101
158110 112
156132 107
159575 107
156406 112
146218 103
149953 100
157328 101
153215 109
161335 101
153773 108
166509 108
150265 107
156129 108
153905 109
150756 98
165835 113
159061 115
186076 138
159465 111
169506 111
183542 115
168288 110
150636 101
156881 107
162844 111
159378 110
157924 107
157218 113
153265 112
160665 112
152252 99
156201 110
158169 111
161362 113
162713 114
154300 109
154520 109
179227 109
154202 109
157930 107
142206 100
175811 112
174475 112
168277 111
163974 113
144564 98
165476 110
145947 101
160889 112
149451 109
144650 101
148706 99
159832 112
153089 107
153110 107
151146 109
159883 109
160148 110
153140 109
146243 97
158791 99
146560 99
164764 113
157983 110
168643 114
148254 100
154018 107
162905 109
153693 110
165908 109
187954 109
178466 99
157028 107
165694 99
149825 97
160698 108
137091 98
166747 108
173182 109
159691 108
145463 100
150284 101
160396 112
162451 108
155267 110
161187 112
207544 115
158205 110
191585 114
154937 108
156059 100
151013 108
180995 111
152592 104
162467 98
164859 108
148570 107
143005 98
179248 114
155468 110
167181 122
177260 128
178374 115
149612 99
154065 109
142148 97
154317 108
150772 98
147252 101
173616 111
145317 97
158518 108
160198 107
143939 97
154468 99
166198 117
165482 106
158769 109
145899 100
150949 99
158309 101
152451 109
152658 111
164774 109
167993 114
159496 108
155160 108
164985 114
157984 100
144475 98
161532 107
157828 101
159882 100
153687 107
157259 106
154380 111
146397 99
158316 100
157785 104
155691 108
159180 105
145625 107
158000 109
145217 102
161098 109
155277 111
152615 109
159902 114
170525 110
138794 100
148233 97
164730 115
165403 110
150724 99
151454 99
152672 108
154999 100
153548 110
159265 113
159768 114
156631 96
157910 108
153768 101
154330 100
162094 104
157599 109
160237 99
157049 110
157450 109
148656 108
165119 113
153937 108
154936 104
151905 110
158386 101
157573 112
158029 102
167962 112
162548 116
149796 110
160852 110
158192 113
150091 101
165212 109
163714 101
150407 108
165188 114
146494 99
153168 110
164744 114
169849 107
166209 110
156006 108
152949 111
162221 108
164531 117
151429 108
149917 96
159473 108
168762 112
150483 101
160513 108
166941 118
144231 100
169526 116
147215 98
159400 112
151607 109
155977 102
156290 110
160241 112
161151 105
152832 101
178911 110
150422 100
172790 99
155875 98
151969 106
152154 107
164543 118
144862 98
151780 109
151181 102
153389 100
160161 100
161708 112
170750 111
146776 98
150370 108
172035 113
161572 101
185401 112
157083 109
144248 103
161119 101
169029 104
160346 98
149652 107
164523 110
151496 104
142841 97
169347 110
163316 109
158402 109
146748 97
156143 102
155031 101
155591 109
148336 108
157478 108
154691 105
171096 116
155228 98
145722 100
152174 99
140316 98
169963 98
176709 107
169328 110
158531 108
148359 96
166857 116
154540 105
150616 108
149803 99
158180 101
159775 106
160928 111
161533 111
156808 110
140352 97
154272 107
148066 105
163585 104
138719 98
160579 108
152710 106
155869 111
160156 110
139861 98
160593 116
155760 108
152781 107
176974 108
154220 114
168903 110
151913 106
163118 108
166787 108
158885 110
160112 114
149721 104
149192 103
162644 109
163135 108
150218 108
158487 109
158232 108
159174 116
158426 109
139511 97
149904 109
167360 110
167500 106
176895 109
151446 102
150620 107
164711 101
154329 110
149242 105
159668 109
167410 114
162729 100
161498 99
160861 98
161835 97
175157 108
156649 109
156500 109
161481 110
148404 98
165776 110
159856 105
157660 102
146181 97
144760 97
149283 108
153750 105
148989 104
159491 109
153916 109
150272 109
162169 111
149637 107
164501 100
167896 110
186138 113
169526 109
160394 107
141227 100
159510 106
151011 100
157090 101
166922 101
181046 113
156847 107
170732 106
162357 107
152553 102
174608 101
151470 108
184584 116
145782 99
157144 108
157736 100
191923 116
174012 104
164227 107
172119 112
165928 107
156873 109
165234 112
152550 110
158179 109
156117 102
155026 97
157824 108
163303 115
147232 98
163167 113
157173 107
152876 107
152393 105
144164 102
161977 113
143552 100
171126 108
152336 102
148266 108
172281 115
151440 109
160702 113
151653 109
162657 111
149084 108
147935 99
164680 114
152697 108
171191 103
138286 96
170450 98
157282 101
155569 109
143722 99
167534 104
147547 100
162207 110
162862 117
169332 110
177566 109
180203 102
150581 109
153761 111
155017 102
162895 114
158375 110
169757 111
176997 110
151873 98
172391 110
166414 98
157325 109
186884 101
167445 112
157499 109
166613 123
148659 99
153257 109
154504 106
151153 101
161454 108
158794 107
180441 110
153392 99
173665 111
183021 110
159659 100
158355 114
156506 107
147162 97
156354 113
147076 99
146219 107
145971 100
157553 104
150351 101
151372 98
162189 101
159049 109
169421 109
154529 108
160715 114
152956 110
156431 99
161711 111
159586 109
148695 107
168258 114
150694 103
141662 98
144456 99
164583 111
165530 104
169507 116
168630 108
157841 107
157487 110
161246 108
154685 102
157349 110
149615 99
157160 106
152862 109
155948 110
152082 107
155447 107
156704 110
164984 106
152869 108
158107 111
156540 99
169762 115
157421 107
147949 103
162334 109
158439 108
156547 113
156775 106
164139 108
166586 109
153659 107
151169 97
171596 113
163651 110
148788 107
168636 109
142268 98
145227 97
149817 98
159365 108
162647 115
155915 107
163307 111
156296 108
154271 110
157379 114
147068 102
158420 113
154793 100
162341 109
153286 109
155013 107
161407 116
157605 108
169636 110
165237 110
154778 100
163522 114
159871 112
158802 102
154034 110
136076 97
148860 99
153494 109
161353 109
167096 109
177468 114
147594 101
163819 113
165435 96
153776 108
172838 103
161321 110
163451 113
159458 115
155147 114
165413 109
141594 100
141723 101
141426 97
158980 107
152000 107
163421 111
149209 100
149016 110
197637 112
166285 97
159941 109
172147 97
162773 100
165326 112
193710 100
157188 112
160805 109
161374 109
150099 101
