135834
136825
132997
137136
134893
123442
124824
135844
137265
133922
132838
134541
133113
130083
137780
137840
134089
134022
132343
131669
142585
132644
137085
134801
135721
139488
134757
137788
135936
135670
136268
136304
132395
133704
135420
132293
123547
133840
132192
136391
135529
134492
132564
133978
130692
123309
122070
129558
133481
131882
134036
135323
136903
129906
122988
130806
133673
134835
133521
135850
135809
133132
132526
132680
135979
133743
133218
135308
135581
132557
136445
134412
134972
130955
132374
134716
132161
133445
135519
135317
137397
135254
132815
136953
130243
136153
137211
131583
132269
133254
134172
123048
133136
134924
135893
130859
132571
134068
125260
134434
134353
134947
130891
132883
135282
136582
133683
132753
134738
133109
136409
134846
131770
137371
135719
136978
135316
135672
135419
131209
134085
134276
135905
133504
134853
133932
136081
134219
130184
132180
135243
131352
135464
130497
135801
132512
134080
134824
134480
134794
130123
131443
134359
135792
134130
134144
134117
137967
131315
135329
133562
133163
125720
138045
133363
133643
136775
131660
136628
135316
133466
133163
135013
133601
134223
134609
133299
132138
132446
135137
129818
132421
135752
129329
132201
126015
131136
133875
135353
134987
134749
134630
135918
133754
134774
130872
134291
134234
134315
136607
130185
133793
136277
133522
136027
132113
134517
136543
134037
131957
