199478
225990
225679
233374
225875
238713
232529
222353
211411
252462
256566
246062
261478
256694
260359
235004
259997
265040
258565
245505
262246
263072
259211
252953
258765
256521
262303
250589
227871
267903
265612
258619
252162
285408
271524
249106
254608
266979
249788
276560
260741
265872
267707
259652
248828
260567
259003
248588
246754
238374
271900
245060
214760
239450
205662
198947
213063
209444
206543
212088
194783
212114
215165
212936
230618
222448
232910
245737
237388
228603
225633
247099
229725
244760
243241
256826
236644
247449
250828
212536
227591
235831
249510
265294
237405
272872
244012
269316
244516
216976
243157
228120
244413
249566
222526
233102
251317
265939
219951
235014
233135
199502
216920
229271
207400
248010
262315
200171
229548
216994
209587
223663
232520
241323
245107
240744
238618
262542
231969
238794
235465
232046
248242
240660
245499
227671
254809
268283
244260
238526
271967
256398
212938
243213
273471
230973
257722
235568
281396
225387
224550
231848
245566
294980
238582
274140
237234
253544
244491
260459
226581
246347
233355
263840
209206
216816
238719
236512
213156
226244
240191
223959
215662
238642
223684
233142
195800
229935
232267
249281
238207
244955
238372
236464
220636
212785
224174
219410
248274
263689
239079
250973
265890
238399
255045
294797
244063
251725
252079
230405
213366
242354
218400
227999
236747
239339
226898
217133
254609
251653
229241
254164
262201
223189
285614
218228
240650
254658
209736
234259
218968
285272
255803
221009
222359
210684
246201
245189
252874
248854
249804
257566
233012
243357
230601
230479
232995
251473
229963
228187
243443
236332
223688
250499
244017
260983
222310
265353
286148
281167
214321
246185
239913
272566
211750
263519
253777
276500
226013
250927
208284
224123
283186
293410
228316
210803
224728
242657
211516
254478
277902
241591
233086
197896
221164
234670
205260
256317
225530
266682
230250
232376
256812
239660
248973
228484
233016
224814
234618
230665
228510
242965
252319
225485
238808
249209
208735
240579
239774
217910
236554
227139
234844
226647
231165
254222
249202
247649
243973
225910
225342
233237
275262
267408
244820
241945
249357
246646
242156
237892
243004
267064
259496
242515
228516
242770
254767
265999
259737
228256
251688
234740
253948
251536
248429
221834
249283
226955
246867
248126
227229
209216
219466
260498
235985
233398
235833
219187
238581
271383
245559
239784
211015
231688
233832
237888
202735
229816
234567
251639
231428
220135
229820
226429
238932
223958
218782
223370
233596
218544
253005
246138
238934
292639
230946
237265
218468
226084
246032
201807
223060
234051
256160
262734
254972
224285
220777
240082
268365
235033
250498
246738
233478
223879
204628
251960
247579
242700
258462
241006
226643
225963
270725
226661
230356
220946
200769
247422
253273
230225
255412
260125
233944
218944
296905
204487
227331
222648
254965
232669
248102
236750
235668
246304
216132
270370
265602
250821
231360
235515
218687
239704
233600
248710
237745
243979
245557
252790
225085
250701
273152
271488
240146
271619
230427
251372
237238
238778
253460
239687
239020
227486
240576
224707
239350
251562
214189
239785
223549
241283
258481
222994
218852
241424
311756
232686
229086
242447
246770
237818
276741
213656
262834
229495
240161
229070
245232
236117
238703
230308
272318
270997
237946
225466
244735
269697
228059
208758
210438
231248
231062
233874
233925
239759
232910
236467
238842
234200
232679
250018
195520
236241
223659
235219
218673
265984
225761
239214
231637
233266
222405
253764
279267
256029
234689
249569
261005
249262
273238
279975
256536
256951
265585
251036
226129
259125
235007
225489
227852
259969
253029
205392
236329
234588
233091
254823
257479
221615
234211
211176
220329
227518
243745
213102
222222
247166
262206
270497
250970
239756
258573
231940
232047
220608
282597
255944
252323
259229
250003
219360
243784
241253
242823
212448
252887
240557
255372
250506
259406
241398
259548
223677
238747
254132
233775
267304
225001
246171
239282
232318
266728
202839
279607
209271
261871
202823
223945
210040
228767
237571
235627
235063
257713
230493
233377
231789
216928
224521
244888
246440
247761
261017
220572
236177
223200
251789
205710
226283
243677
225492
252690
233794
255595
242670
253695
238431
248535
224913
237662
224761
243169
272785
263575
213575
214083
253131
269619
220408
238457
209714
224034
228642
216430
208953
252893
223652
224057
226004
209322
232277
214416
223687
223414
214530
251154
232664
261770
219656
236317
249969
238597
231763
214749
235044
231946
233026
239599
260934
251671
208170
242643
236590
224401
221929
268814
265936
217338
265787
260346
269966
256102
253676
242336
256366
269834
252020
284540
250209
248262
242428
270080
242953
219278
213287
215905
223124
250392
235790
230088
282488
214838
224312
222228
221740
257311
259998
223770
237884
246119
225417
244051
230159
232097
222821
242444
241418
251583
229520
256210
230994
211376
263408
235729
231537
215995
233316
251785
235303
263679
264203
257443
235034
233513
252569
267430
229377
229704
232980
256963
247324
227835
266168
245629
236035
268009
222829
233552
216973
228510
208820
239277
272318
236437
258135
209246
229720
220929
232259
227763
218380
266924
234291
232510
254040
240485
232526
263568
241759
229303
234209
218357
217469
228351
222343
204378
242162
257084
254355
224588
223702
224544
196222
230537
263802
266327
210762
232786
224492
245806
227301
250573
290793
254424
240700
252623
236854
235413
240631
229628
219930
256516
258225
244377
235986
249276
259106
230841
262249
262067
216963
245480
210715
251462
227317
215129
220150
234306
236427
235536
212480
264484
229699
242927
233264
246717
212377
233980
236198
235788
216605
212158
233280
243573
246646
218312
246203
232734
254036
237750
236190
244899
255901
229235
194680
225754
248295
275293
238527
238316
298912
251411
267021
231144
246271
251123
276315
233895
272037
242427
225992
240225
223980
225358
223813
217768
238327
266465
269027
238696
274738
284312
224517
241470
236779
262726
227867
221109
235387
242458
240077
261810
241949
237179
227534
231760
222205
224894
253988
232826
243344
224972
217221
229071
244650
249772
220094
203040
217122
271786
236623
224027
230515
229219
219206
221643
232555
240754
207074
250082
243321
229830
220977
236365
233420
221773
241060
206599
222111
249749
220061
239660
219464
247373
219455
210408
232638
227045
233139
218914
243637
226089
228175
246033
226963
230971
226732
227307
246436
255132
218168
224191
263639
257924
255309
223293
256994
237345
234906
224344
237202
252504
216023
234835
227718
226197
219532
231221
217030
218276
218648
264344
233358
270096
241313
231940
247148
273783
221116
225692
209176
234861
215307
261977
217802
242358
222438
246437
264380
235592
258357
237229
236420
246203
261374
225770
233132
231398
253261
251479
236562
252971
228905
253432
241170
229252
227943
266589
269347
254891
240605
206613
217124
245412
228487
225684
214889
261999
226090
257010
247044
241069
205276
240979
242253
223195
211729
240602
255345
237109
228928
