198656
214507
212773
230253
218838
229652
221768
241336
235943
226588
224422
239120
214742
244380
232370
239311
234711
232880
240665
250449
245836
243788
240405
247347
282985
287270
276406
256464
262081
286152
256316
276054
284374
282649
294138
285659
278153
277299
292546
281611
281447
295637
297719
289125
293268
293681
294475
306381
317304
315089
207164
209786
197179
201128
220372
206418
221836
224262
235579
211401
244386
250912
215666
217067
251301
219238
251451
198536
226848
224056
201685
228200
229265
230798
270100
200720
223771
222736
251862
222435
227442
225540
218447
213609
237415
243985
247401
235523
219961
213833
218300
222579
232891
268001
275206
289202
240593
241500
291181
263158
211077
205341
194862
222361
198852
206815
226330
206610
193422
194169
205746
201434
213231
228404
212255
228266
220629
227780
253099
206712
202632
216207
229980
227743
209407
206120
209769
229554
222902
195375
212611
250033
214189
272719
221588
216404
213192
236997
234286
252892
232777
263189
212934
212501
262593
222779
209326
223789
245444
249128
216930
202651
206338
209475
237798
235723
210922
226494
210169
208384
206524
212002
202563
196991
214100
221220
233108
208315
210258
218994
204835
204590
217392
214278
226512
234441
224708
214922
259459
240258
230254
205702
235036
222316
245765
220343
220680
233264
239436
270311
236842
252478
247188
274584
305799
230314
214256
271957
254177
286144
251019
220911
196897
217789
206905
217911
229791
196792
254260
243858
201061
200734
208676
213269
241241
262084
235653
197782
217541
221121
213594
222347
240894
256737
204999
265651
224147
218589
221585
278202
259494
223198
224409
213934
217918
217697
238513
221585
232474
254976
231900
237933
277896
263347
224406
244893
212966
243864
234890
282208
224711
252246
270114
245679
273667
221856
210514
209440
209765
203608
192426
242810
208479
206930
223248
216429
255775
227905
242627
244651
218308
232411
218769
233043
212484
203770
234443
273761
248181
214039
220703
234140
270442
237939
205162
231171
202331
238440
222108
207717
217555
196497
215285
213466
202835
216219
199832
212423
216711
209992
211916
227825
238485
223682
226986
245236
251282
262312
276316
212041
246666
229777
281577
258612
251931
231651
229079
214589
239503
228175
216968
253075
234367
214532
201320
207934
228517
258174
225136
234547
204310
209185
213317
216470
250463
220467
241698
229802
239913
264861
198752
230116
198508
256689
213688
225484
195490
194402
240874
260432
227949
223357
209795
219333
219227
207832
209226
200194
236075
238287
235946
229952
224979
223385
212877
204427
206892
228482
224531
216332
221201
261147
213167
217249
209431
245184
255880
222988
216118
199842
200576
215054
214151
225497
208881
202903
226012
261222
207033
242435
234673
249773
232531
209040
202380
221658
231414
207571
218499
226881
212308
221505
262947
220766
228945
210632
196890
201035
205581
214768
204179
223121
220994
207938
246427
214681
244211
213472
227775
225170
224901
266655
277851
220277
206517
211621
233037
244247
209967
203217
216117
230301
207093
246625
232694
224226
217978
245193
224144
247864
245769
205949
216673
217648
225142
216334
221487
214100
218111
237182
217303
209807
210978
222114
206571
221612
226250
252694
223507
203908
199962
232567
231188
190312
268801
226120
208428
229658
201730
242431
216713
218523
237016
206930
221134
212022
214290
220977
276247
219571
227252
239005
287871
210200
222560
229300
214060
210541
214779
196525
241661
209466
224423
201697
236435
209504
225935
216503
235568
229796
213205
238476
197833
223706
189357
216131
218418
227869
271126
244483
209770
218980
211167
197983
215197
233891
221035
240005
277388
198608
223797
220703
239461
242332
300626
222022
258074
241226
230478
219106
236774
225081
233933
240232
195601
215244
237507
247476
225399
233759
217277
254388
231838
220708
217221
233779
217746
216603
221065
206747
212532
224342
207677
227699
236694
208677
224140
225550
211822
220593
212312
230709
215282
225601
205629
218968
216498
220623
219412
229362
212598
221828
210629
206526
237302
227922
232898
225882
244305
214164
228765
216639
249219
275864
232782
229464
253777
236532
233139
230528
226661
240010
262044
229368
233268
243361
238318
230928
280167
206288
237586
228945
231120
216875
210938
234158
240031
217133
225039
202138
216275
205584
206249
218723
197244
200745
249197
268921
226140
258220
227584
261989
259081
213740
252723
220217
246555
245389
221200
218394
211381
233420
213342
219789
208665
228754
212217
250141
286239
228249
253424
239143
238523
225078
215293
221561
218269
243169
217229
262873
263749
249703
226386
218490
222410
263963
239519
229510
244669
253739
231264
230415
228791
196967
204821
212261
231577
199157
226605
228770
236944
208222
216409
238062
220300
216974
209194
226787
221544
210865
245399
218007
231020
247008
205818
218482
258830
241710
279797
251558
213793
270605
244931
216286
260248
243485
236957
243166
231722
225123
247004
241854
234183
236133
215546
220714
211849
217203
217504
198842
202929
212827
251214
230180
254285
241585
249115
232904
218319
217450
247348
225575
221767
256985
216780
229265
198425
201564
212569
224557
237697
215394
229889
228175
222067
206580
209270
204895
217911
258086
242668
218418
216003
231293
228677
232549
234704
222891
236700
248117
246668
231581
220491
261682
219167
252570
270602
217331
240470
227277
210188
211550
206111
296512
302247
253565
257015
262577
217616
213042
285572
253373
242516
213560
223527
221827
207563
230840
210655
230429
269666
255731
214847
214335
204412
218564
213849
217201
217451
273619
223249
212268
206218
206476
223622
221357
224802
259007
233136
242934
230921
230820
216713
227489
224219
229209
233229
240616
236673
204574
246620
232217
228553
224435
244549
283763
243150
232728
216625
232785
211414
269729
245192
228414
233924
242109
238490
211683
232711
209739
272664
235553
253709
251764
222386
220838
231005
258265
281551
198977
283584
223686
233466
252465
241079
217526
250942
221450
204887
216548
211370
215391
221591
223781
215466
241726
247790
225827
226103
274708
236478
247441
246141
287331
232638
256756
240206
220811
238334
222652
241181
218536
274359
221247
237315
291719
223888
226786
230774
247112
226207
232732
233843
256257
236373
229976
220066
228672
228633
227353
227798
216752
220754
220832
212019
234326
231289
215165
224160
212718
222940
270546
253123
282615
211482
219434
224752
214214
224998
266433
240498
217820
209907
246662
215576
209272
224935
212226
239919
204951
205847
228059
236266
276210
217415
207828
214630
204740
234601
229871
289091
227940
222458
278808
220058
218123
223846
210397
214389
240788
221178
248194
254099
245467
235186
242345
226906
224790
257466
208605
225618
269617
247555
204307
241239
228652
239384
205764
225772
218505
212295
230364
211328
271450
214812
231180
209824
224333
216427
266904
214622
243240
221209
253634
246798
243432
249219
208933
210946
237615
217914
248778
214839
240220
212014
225851
247010
202899
212686
211712
239846
193330
228989
267550
209672
210974
216712
199789
213814
245045
