165380 109
184849 109
201958 110
195974 110
197397 113
208991 114
206136 115
211506 112
209385 115
202473 110
209190 114
210832 110
215601 108
214875 122
205740 111
221056 115
237360 112
225386 115
213989 116
190981 123
198121 105
247113 141
180639 107
213887 114
222426 123
224509 114
233594 120
227683 111
224224 107
214530 107
209443 119
247913 114
207893 125
236449 136
244838 117
193705 115
199952 111
234245 112
201312 106
184046 111
230271 122
205543 106
182867 107
238433 112
244981 132
209670 120
228284 123
217047 116
220516 116
258218 136
197850 129
202331 118
199887 122
206240 116
252168 142
206570 117
216873 108
201635 110
215645 118
217932 115
212075 120
199310 111
240357 119
216659 108
225989 109
213402 107
199967 105
215767 117
237764 119
198790 125
234463 123
215497 115
187482 107
230972 124
225586 117
216757 130
228444 128
210626 122
218411 115
229242 130
211179 113
230628 133
211375 120
194490 107
216309 127
212925 126
242659 122
229572 132
231018 124
208523 131
197590 104
193358 109
216546 124
219490 130
256081 140
246462 128
256772 136
227758 108
226327 109
205525 123
211719 116
203001 116
185914 116
209024 117
235777 109
244074 116
212141 130
226447 136
202619 112
210042 110
224740 132
221290 123
232818 132
182841 113
221502 123
217805 114
209890 115
229580 122
235242 143
150940 114
198996 119
201481 118
216806 131
225642 132
196809 113
184241 109
194371 113
210943 110
220912 145
209498 139
223228 126
209754 117
209133 115
210197 121
250911 145
197208 116
170767 122
204511 126
180484 108
220772 134
192269 112
233269 145
195847 124
203224 121
243482 137
211207 123
220615 122
225917 124
215485 127
217704 109
266034 159
240739 136
220350 113
251775 149
226452 112
224202 118
234865 126
226502 126
223535 125
220945 110
246728 138
240935 109
253407 141
253621 119
226011 130
255146 158
240427 138
220490 118
220376 108
216991 118
238213 137
223544 118
199238 117
200508 124
208288 123
216175 122
222282 126
236144 132
231428 130
229331 116
210080 116
213119 111
210019 120
209780 118
223283 124
219319 104
222167 119
227043 124
219891 107
204877 107
203897 112
217034 117
210874 121
234394 141
217929 121
193038 117
197730 120
203231 122
203816 108
202279 109
192146 110
178472 123
213795 131
227936 115
209596 113
253952 152
186863 116
228051 144
213202 113
213736 118
256539 142
211602 125
178938 121
218818 120
214984 107
228324 118
224338 115
221508 108
191058 115
212096 110
245104 138
213358 114
225049 119
223070 110
242599 130
217395 118
276314 155
211216 124
212808 116
224873 116
207621 121
214287 117
185659 112
205205 119
188195 111
207051 120
237664 123
217880 130
222556 124
204701 105
210752 119
216297 113
213181 125
207278 119
238617 121
217418 139
205163 108
208066 119
269437 141
207962 112
236382 122
213513 120
206933 141
223903 142
230792 144
216243 121
206446 111
221142 128
227047 144
209920 111
212624 128
202553 104
211378 124
215464 109
220514 118
213758 122
213064 118
236611 124
208403 110
204422 112
260928 149
238818 147
225401 118
248050 115
224950 140
210226 126
223406 118
202362 129
193758 123
192346 125
206235 122
197150 114
221558 129
236428 113
201730 116
218681 122
253029 140
226470 113
191781 133
189447 120
211125 112
190401 128
244122 116
250371 134
244212 133
235020 118
222588 145
204991 116
244837 125
225159 117
215681 137
243030 124
219417 127
208503 117
230764 106
279098 149
247329 140
234861 116
158110 111
268243 141
198948 105
232413 138
193918 120
229665 127
233671 135
213109 107
226574 133
214589 116
206786 117
201783 113
226694 133
212805 110
234762 115
213237 144
217610 127
217135 121
194657 122
212335 129
204781 110
213506 142
209697 109
210517 121
229460 148
217198 133
224256 134
213699 112
208042 112
225343 125
220679 120
220532 119
248605 125
210952 113
238422 144
215116 115
207392 119
237833 124
222109 130
220007 120
205633 118
236807 126
251446 146
239160 128
213273 116
231951 123
235640 110
229132 115
247049 121
234460 118
249201 139
235503 123
240486 130
228462 126
259944 149
207152 117
224709 121
210295 125
205262 120
247547 123
218766 126
208191 117
187223 126
228251 135
228293 124
252374 143
233778 125
207035 109
238686 140
223013 138
212544 112
221492 118
199559 110
181722 108
200582 109
216351 122
229651 117
202312 113
184020 108
190842 120
193750 110
199024 121
231669 136
205826 121
195066 121
237456 138
208003 117
243620 140
222837 116
219437 114
210632 119
227060 133
220948 110
229871 115
202295 119
247231 139
189902 118
221944 115
213133 126
246716 128
196246 113
219642 119
194057 119
203739 110
216396 131
196873 113
197999 108
193206 115
212637 125
211274 117
206173 124
200393 119
182536 121
222662 128
226655 129
199491 130
224855 131
205784 129
201716 124
200968 122
193838 114
200303 117
227497 145
231759 139
211164 121
228005 131
164685 111
205876 114
212404 132
273068 169
199261 119
183935 107
202786 124
198663 128
198149 122
235307 119
198814 114
184093 119
204414 117
234602 120
220305 118
179737 117
220761 121
218751 145
197981 123
230654 123
239213 127
221280 133
230464 112
224450 125
218382 122
201433 111
214264 130
177739 120
229707 123
185222 117
225561 126
198817 113
232314 123
226764 153
214103 120
209921 108
195248 108
240252 114
236852 124
201166 108
217724 108
232393 121
228249 125
229071 125
219499 124
211596 122
212604 115
206070 128
201663 115
207637 117
280674 153
241153 147
231536 150
200826 111
213093 114
230664 119
211813 122
224885 128
194357 125
205590 117
214356 129
198777 109
226999 132
229272 136
223665 124
208037 114
232461 135
218252 122
226718 118
226758 117
219378 153
236057 134
215535 127
210416 113
219513 122
218061 120
228969 128
208367 124
224175 136
250304 134
216785 122
222287 124
232576 136
228610 122
226245 150
217571 123
225938 120
194343 108
204451 125
215912 119
196730 115
241161 123
220488 123
216679 113
246398 145
189555 109
233191 118
219829 122
226746 122
215358 128
199546 117
220148 121
209272 128
227335 133
209481 118
243889 158
202411 116
233338 143
205857 107
212681 120
216467 115
198754 122
239420 132
225450 121
232481 123
217045 121
215475 115
216555 129
196291 115
223972 122
259994 126
234560 116
195297 112
195463 113
207253 135
216432 116
222435 116
192455 115
213216 124
196963 122
217044 111
216760 120
212329 116
211801 133
220909 130
247266 137
232302 130
207084 113
225148 118
222026 129
202177 121
213285 141
207408 115
250918 149
199681 109
196674 118
246427 131
224358 135
218400 129
230357 146
211966 128
202243 117
208430 117
216711 133
252242 125
252194 133
220444 123
248124 129
227351 121
263186 145
247294 132
207507 115
220053 121
254009 115
239220 155
197463 119
213293 114
204274 117
227598 118
222204 124
217366 138
228503 125
219374 123
227587 135
214231 133
224383 134
235512 121
239041 152
214166 139
214166 116
238210 137
206833 120
226608 124
205291 126
182716 124
197097 117
214849 121
200345 114
215132 119
194244 112
228430 122
203334 125
230862 113
236461 117
235499 140
230260 121
205104 125
225434 107
210761 139
201313 120
198653 116
249291 147
251897 163
196366 112
181107 108
236876 121
217237 117
233784 135
202642 107
223300 133
231054 121
215130 112
222171 116
236791 125
225471 135
252040 152
210183 112
257885 154
240490 141
199676 119
200793 111
229395 121
194307 111
223183 122
239913 125
212496 116
217195 125
220309 119
189844 115
240260 127
240454 126
245899 135
242718 126
245430 129
256538 135
251471 122
255906 134
204715 111
220590 124
220537 124
216649 121
260180 137
212839 114
192479 123
219139 119
220262 110
196617 111
224692 123
208008 114
220488 126
216652 115
236708 131
227824 127
203804 118
184243 110
202640 126
208048 113
208681 117
233418 153
213112 120
201116 110
211910 117
221173 121
229702 129
200600 118
227914 130
207347 126
258857 138
199320 118
214095 107
246041 143
237416 129
234610 128
187062 118
213561 113
183888 116
248775 126
228029 116
234086 137
218816 121
211233 121
218384 116
193541 111
214769 113
213557 108
220437 120
237180 140
211999 119
229341 108
216529 131
234254 125
217217 125
235488 115
210665 124
233043 127
224672 121
226826 112
231666 114
215559 109
238063 128
197217 121
253253 132
216366 116
226944 125
225727 109
185941 109
232994 146
254733 143
198645 115
227542 125
185169 108
188901 109
209103 114
227650 136
203711 118
203986 119
203296 114
206291 116
207767 124
210716 119
216334 133
204309 123
225270 120
237621 124
217448 122
213015 117
238910 134
226217 125
211148 121
220880 130
194580 113
229306 137
234112 146
199660 118
211493 119
218294 133
227805 113
235425 124
236317 131
204077 118
201975 113
242669 146
200783 114
203475 117
216818 132
193969 109
183332 106
205702 114
217549 132
205424 125
218344 123
232123 115
225819 113
229537 125
232442 152
265603 124
229223 111
194686 123
262182 130
254345 116
237581 140
236689 119
215734 108
183125 109
239277 119
244660 112
213320 118
225306 117
210033 123
211031 120
210918 126
215518 124
246018 147
243621 124
239138 118
220778 124
224832 116
203877 127
239728 113
206366 123
209928 133
230560 124
201053 127
205872 120
209041 118
241953 112
210169 117
218077 114
196255 127
215678 114
221705 121
243951 126
209427 120
226473 130
224550 116
237549 142
185631 111
251419 136
230087 126
200038 109
203927 116
218127 111
191745 109
202389 121
199298 112
194218 105
200941 115
218335 108
230420 114
249199 132
235188 112
230866 116
218266 122
199382 126
232672 118
218494 116
218251 114
225627 121
235583 115
257449 152
225865 131
215698 133
187052 111
212437 120
197860 108
217671 117
222419 126
225923 118
211447 129
185514 111
218958 125
203539 111
190844 118
211726 124
217701 112
246515 118
227571 119
231007 114
201461 130
196009 111
190551 118
234868 113
194895 108
249535 129
213091 120
229912 121
216443 129
216774 116
224621 151
191256 106
220435 110
240331 120
223735 121
232186 118
235030 114
197449 115
242163 112
225090 123
227681 124
230842 132
223669 109
231792 126
240077 138
224512 121
233263 121
222654 123
214581 113
202172 113
206510 108
234872 120
240656 113
212032 119
235894 123
199788 116
209838 111
236528 135
215275 121
194026 110
228009 136
262157 125
197211 105
191083 112
208216 110
227510 144
206702 114
200734 109
233486 129
223465 117
234036 130
239842 114
215239 114
225680 113
220215 119
180048 111
238178 125
223145 105
242260 132
194414 117
204356 117
181934 117
214679 120
215778 121
231782 123
208616 111
211019 118
235101 138
206098 110
225611 121
222167 120
221392 119
227409 125
219845 121
216235 122
234307 110
235416 113
218988 102
246403 120
251922 140
209627 123
235141 108
239526 114
240912 120
213677 127
219070 124
207288 114
202229 117
220089 129
193074 118
193852 112
214457 120
215365 117
200769 105
235996 114
242085 121
228414 128
242351 120
199064 105
241280 122
238148 121
226249 126
214974 117
206837 109
206132 116
234977 136
202210 106
198871 122
183460 106
212706 110
215557 113
214286 104
225550 128
197723 109
207902 105
211136 115
215188 108
187576 101
208519 115
215685 129
218127 120
201234 104
210330 115
223956 137
214745 109
202219 120
183446 104
204526 121
