205405
207669
211102
213961
218353
211188
212052
206473
203457
216125
216155
211040
209988
218482
210258
210157
218032
213436
210498
210178
215125
214039
207266
202047
214322
214955
218218
213852
218023
210313
213973
213406
214412
214329
213842
209764
216226
214210
217838
214465
216262
209585
221729
214449
207613
195237
195719
215668
210335
214184
216167
213809
215874
213717
213878
209921
217893
214008
211301
207860
215629
209967
213952
214333
215353
214054
211063
210131
215559
214110
213831
210330
217783
210063
218020
214321
214001
214024
210346
209893
218364
210362
213805
213634
214232
214324
218028
209770
217937
213827
218097
213744
217891
214238
217390
214077
218080
214083
214183
218082
211126
201364
215100
211893
213675
214215
211619
209916
218010
211219
215245
214066
211412
210148
207708
216112
214166
215442
214247
215600
217944
214194
214014
214782
216308
213660
214450
214134
216044
213744
215525
221880
212468
210211
214008
213831
221867
213967
213659
215569
214113
211271
216179
218413
214238
210506
214283
214158
214451
213809
215204
211982
214204
210805
211331
213954
214024
209756
217896
218131
216198
212022
213799
213605
217814
213744
211859
213985
209952
209890
214041
206430
214078
217602
210421
218004
218006
214162
214709
212633
213723
216073
213697
213905
214335
210946
214523
210023
214039
214225
218103
217741
210458
209557
210900
214344
213904
216527
219701
216275
209629
210588
214016
210540
218317
210369
214289
214048
214045
210533
209976
210957
214510
210298
214084
213976
218898
214636
215986
208436
209919
210295
213999
214165
210098
214406
210291
212662
214793
218021
213947
214336
218062
210280
214569
210482
215264
210128
218113
209891
215196
213995
215196
214856
210286
215303
213896
211544
214402
210769
209817
211561
214188
207506
220265
205256
213952
210120
214403
222391
214593
210307
210721
218366
218204
214787
214907
214001
214254
210231
214705
210562
218306
216038
214445
217884
209898
209768
214078
214177
218207
215021
216261
214169
214351
210424
218302
214212
213954
210010
214469
214062
213483
210627
214128
213955
214085
214603
214994
218158
217985
215233
218129
212401
219675
216132
214114
211466
216663
210526
214038
210842
215986
215161
216184
212570
214034
216306
210303
214595
216126
214346
214736
211544
212043
209745
216272
214081
214370
214660
210295
214910
216205
216560
216260
210292
215349
210516
216159
209209
214661
210215
214865
210181
211233
213767
214982
214012
214253
210042
218065
214112
214868
217954
211971
209543
210702
213720
218388
210131
213789
210528
218222
218211
214425
214207
213625
213851
214771
217822
214131
214228
207299
215777
208086
212039
223655
213984
211391
214325
215313
216357
214044
215581
214398
210577
210089
210462
219445
215134
216172
217782
211371
212487
214071
215144
215311
213859
214289
206431
214169
209886
213885
214173
214172
217704
217982
214086
210417
210049
217836
213846
214725
214018
218121
214477
214023
210821
220051
213851
214344
214032
213775
209974
214213
214179
218076
210319
216294
210219
214550
210109
214517
210129
214801
210095
210902
209700
210016
211147
214666
214024
214081
210460
214233
214124
214002
210626
213666
218199
218147
208024
218516
213786
216137
210141
218547
214267
207540
215831
216169
214047
214873
214370
214966
214918
216031
210300
214316
210694
218003
212311
213873
214120
219355
213848
219737
214210
218835
214092
215625
210118
214883
213756
210359
209835
214735
218397
213717
211756
206361
215198
214225
214460
218286
210225
214785
211571
213791
214328
214898
212240
218206
214945
218224
209707
215037
214151
210810
217966
214811
210341
215057
211596
216159
214158
219662
214124
222417
213864
214142
213964
217815
214127
214582
218572
203780
212542
217775
214096
214216
210368
218247
218086
207830
210150
218386
209651
213949
211633
211609
207133
209978
214525
213850
211085
214384
213819
209896
215413
218049
214194
214136
207577
212570
214042
215389
216385
218079
210542
215999
214247
214333
210451
214147
209992
214135
217955
218024
214750
210422
210650
217889
216014
213675
214117
209747
218666
216178
213878
209453
206607
218048
218111
218153
210452
214246
218463
212129
209812
213901
210246
214094
209690
208139
210718
213874
218238
213996
213704
214984
213854
214125
219093
213896
215384
214241
223787
207966
208004
214186
236051
216562
210038
210981
211547
206258
211245
213947
207698
213440
206302
206888
207443
207624
206549
206213
210272
210219
206472
210162
210590
213990
206080
209964
205779
210781
205757
211060
205888
214162
211753
210354
211129
208407
206224
214036
205620
210177
206090
214010
206391
206614
203040
214245
210153
207577
209886
218087
209819
206495
210553
213784
206534
209800
206435
210067
206832
214266
206375
214050
210271
210606
206056
206903
208933
209779
209952
209848
213817
213929
213850
206055
213959
209765
209912
209886
214057
212255
213925
209941
210192
209996
206034
212439
206518
212425
208899
210054
210390
209849
210378
210703
206177
210503
206295
206820
206016
211257
213756
206501
206181
210062
206294
206303
209853
214183
210206
211050
205800
206260
210628
210325
206265
214328
206931
205791
207425
214298
210138
213364
210713
218279
206292
210261
210559
214283
206424
206373
210372
209535
202805
210131
205689
202881
206378
210997
206408
215194
212426
210978
209944
209824
206247
209911
205904
209730
210587
209734
210380
211981
206397
211098
206224
210350
210469
210371
210281
201731
213823
210069
211083
217987
207891
208750
205708
210104
210085
214276
210017
206166
206473
211370
205894
206709
208063
210072
215385
210300
209805
205515
207126
206088
206131
214943
203690
214228
210446
210544
206524
210443
210330
214070
206974
214765
210468
211253
206281
204853
210307
210115
210184
210135
203883
211130
210623
210251
203310
210170
211483
209305
210907
214126
214066
210804
206604
206234
210632
210178
206238
206725
206211
210199
210404
210186
206555
206103
211014
210133
208326
210185
211319
208447
203125
210338
206584
210007
210684
206296
207054
210130
206666
210970
209709
209260
210691
210102
203953
206670
206010
206292
206430
206634
213987
210513
209936
207686
209869
208280
205915
210094
210178
218258
205974
210015
206185
211012
203982
210203
213343
207038
209870
214232
206372
214325
205870
206705
210183
214765
212019
213849
206129
210075
209950
214167
201952
209635
207396
214094
202505
210502
212428
213941
205965
210276
210491
212673
207514
212202
203224
204042
206351
210186
206649
207203
206180
207116
206208
217952
210251
209848
213895
207015
210186
205904
210234
217477
206831
206581
211065
216397
217649
210182
214505
205760
210504
205571
211791
213850
214821
211189
205669
207935
209545
206670
214083
214599
210255
214871
206974
214110
215589
218204
209941
212124
214104
214287
210119
210457
206349
214828
210150
214313
210187
206042
210451
214113
207151
211960
210241
208106
210217
214046
214030
214191
210872
214040
209971
214121
218132
210451
202520
212358
210081
209843
214271
211474
205590
205767
210422
209499
208156
210002
214483
206584
206374
206415
209928
207196
206218
