228403
287064
274940
313583
270107
298688
286078
339734
270044
269984
255829
266652
344975
306954
342165
332186
369601
342529
391602
374447
358156
364609
317329
405613
323483
386177
358144
301143
362574
411999
366123
349041
366658
394798
332369
436793
384159
437338
414832
427270
405250
400453
445682
450731
377879
417661
400947
429974
400701
408437
452123
388777
350004
373244
334545
447492
351535
421521
379517
470361
301362
429206
452331
469135
446484
402691
432445
433768
412772
430214
481219
480926
429806
483998
462977
484419
467061
444000
480080
461941
440932
487884
493703
420304
460558
311669
432042
414614
399945
489253
505950
489961
348631
444970
493750
475010
509908
305452
456870
490765
207987
228539
269437
245335
232817
204011
204388
206265
224843
220047
208060
217059
212539
231782
221019
216561
244197
232586
225948
232889
221378
239716
253690
219062
217972
232734
228658
229652
241044
253254
218975
234592
245744
216305
235110
234508
257039
213295
236115
260262
229016
265051
232811
259877
239771
251720
220867
266937
276085
277983
214324
220003
219680
208978
209823
234112
210139
204211
221041
233704
226897
263585
244407
273224
216503
238773
235026
252150
279487
222287
225744
229967
235152
226293
260130
226464
215159
269242
217863
230062
238845
252260
252771
243198
230282
228267
241985
213326
234349
217096
220784
229895
233592
232211
234946
235673
214528
228203
231166
251512
259135
245522
219764
219213
230806
260762
212665
276113
266000
232988
229104
273504
235393
266646
222302
282679
251053
284138
234791
257646
309462
268941
270480
283546
240691
249053
239222
246833
242808
235233
245625
236519
255243
247435
252369
263031
271166
239926
233980
272817
220514
213306
218155
281787
236428
215011
212562
217065
224455
270602
239606
200061
206125
261176
240753
218949
215564
221687
212086
236261
224235
245765
244551
233616
235224
256205
230520
256739
249753
272500
233173
256185
218572
277250
236521
258367
265951
244308
252723
236929
220079
232474
246118
260770
261941
261944
232776
263430
243046
270324
271316
244968
259588
228201
212194
217284
226366
220979
265894
204071
222352
218449
228561
223872
231634
239358
250456
254279
266035
253179
259922
236651
239058
203635
266616
244381
249752
252233
240372
254295
272564
222935
238502
235265
258203
251970
244919
219749
231053
217651
268691
271198
218830
228158
224027
221447
251446
249711
253189
248777
277968
262708
202984
209824
273353
198949
229337
249857
200956
210957
209584
225503
222852
228113
233224
227570
222579
232796
238309
227110
251983
242443
219276
211334
204706
224007
227541
234116
206911
213692
203963
219458
200742
230281
197062
214195
207426
232091
230039
224079
221805
217163
213336
218479
239767
221310
250240
259832
272986
246250
267957
288684
280228
257838
237741
263076
283787
255630
274640
250161
260774
228818
259126
282324
254918
270689
259772
234799
222883
248634
239667
249326
251955
225268
246112
225725
246865
206972
226123
207268
211176
215292
201544
224810
259881
215051
249072
228266
207298
237571
209653
217024
222348
218902
224691
221757
266287
236944
230956
232354
234648
239725
237692
245175
240750
230936
222165
221115
249356
265465
223084
209152
214806
217862
222269
244090
231637
228460
236457
225337
243897
248983
254276
239569
254872
235439
233803
231610
233097
214054
234839
210013
242971
232475
202664
203087
214347
243440
226242
194911
211889
219250
236784
246573
242337
250412
247887
218492
214714
253970
224882
244010
257641
208846
242344
207523
235908
231237
212510
226051
249331
229641
221956
237435
223863
208253
221924
213493
218216
227881
208676
242316
273720
233522
214340
250628
239320
210207
207423
212054
206631
218837
243451
213199
223879
225398
223292
238664
241346
251245
215889
217023
231399
223556
218920
247395
262966
254408
267161
264376
239713
230417
227611
241089
247050
239831
207713
266670
216177
238156
251653
229108
220711
241552
227109
236672
251353
252957
261379
237788
219985
221867
234924
219059
236611
259598
199741
286882
209637
237246
244612
229558
222802
276515
238283
221162
196741
217399
243181
220449
259701
238176
220895
218485
219696
210742
236702
206319
232393
239998
238504
218660
210012
241404
224303
214760
235366
198806
244302
243988
211520
234322
214788
249613
240179
246306
232565
230909
229844
236799
240297
220487
212448
236392
209492
233697
219447
208753
214248
202020
211025
217737
212624
231230
208649
237930
241597
245008
225575
237080
225708
234548
249127
227473
236032
238560
226044
244397
243887
255331
252921
233264
217752
233013
225981
220759
236790
217060
240693
235797
229233
249179
234444
260943
279310
248660
246439
266092
253600
270056
256138
259327
234558
232596
250419
246417
221119
235863
243673
265706
244379
264104
273847
258116
236578
245226
245027
243567
214212
232883
238737
226644
233415
218212
232274
254818
233866
229710
233529
228465
228998
253537
225388
232882
223028
239339
282331
244785
219937
258038
243763
252177
263607
239641
235303
252853
229059
266328
235568
238575
247464
264395
213894
234968
248223
251257
242826
259036
235101
240913
258342
216982
255388
268337
265846
271971
236093
263272
252526
238043
233376
278185
253358
238534
235581
264393
247585
248898
239082
264854
218930
234560
273990
218933
238519
210197
265537
241232
241605
296497
200470
218348
216910
224659
236112
258281
230268
260541
281081
280553
251852
236109
225125
261635
240807
224313
223564
217248
226225
201700
220566
235094
256808
205613
244818
256369
241254
245314
253204
231376
236044
250705
259162
292727
242997
266223
250965
277801
255538
253483
255543
281326
242474
249895
233671
228531
236122
274981
229734
291412
241919
256109
224146
227264
239156
226232
223173
237406
237890
263469
251053
233246
230079
270285
279686
218313
265689
278466
255774
232979
234043
254568
211592
260391
233451
232974
251076
225103
231689
212528
249748
249761
305078
232868
238091
229259
246541
224083
205067
230219
249997
241753
234753
229609
215516
203914
238930
180668
222560
256949
219960
223165
221071
222185
238350
214398
233334
238913
211708
209384
225998
265022
230339
234272
237414
226350
226756
214310
220479
216241
238910
225212
236099
223078
230881
225837
228569
261387
232957
233706
208567
245885
212315
220741
216366
255144
213626
253575
236456
256592
227415
229221
215458
221373
252760
256246
244438
220184
246210
220756
225837
212351
216895
238773
249837
237663
231973
251073
251858
271929
261996
249293
260391
260593
263860
261264
248501
242040
225833
278196
273351
302465
237135
283595
232854
209131
255717
240306
253899
273794
256199
254638
257974
225919
236165
274068
230504
227955
235401
267215
244472
245863
229667
237102
231808
248257
216471
261039
218441
247454
257796
225587
218109
239533
238379
312290
214336
304831
222793
221341
235751
228772
234592
225998
225293
246985
223311
252091
253600
209304
217122
207968
257490
230831
221138
226668
244326
237581
217673
224711
236240
236382
232446
232103
210902
227068
206918
228169
236745
236373
210481
210401
238111
234326
215327
230517
229547
244143
234604
222196
