183531 111
193960 116
210980 113
246441 115
211131 111
209417 117
219841 126
208601 111
238040 110
217076 120
228001 109
224414 112
250874 134
233708 108
247256 111
255649 112
213327 115
207206 107
235039 108
264595 117
243849 114
237363 105
264757 116
257346 122
248676 109
254251 110
252636 132
243584 105
253442 119
204359 125
246108 120
258437 118
266698 139
257784 108
241429 120
230203 117
237621 112
277272 113
259659 120
276539 121
244023 110
182877 114
259419 133
247312 125
266902 144
248505 123
227436 119
266776 118
221510 132
212652 113
249956 123
208765 114
230146 115
216971 110
231770 116
224060 111
224186 115
221172 114
225620 121
254789 140
228352 127
230921 122
237013 111
233275 110
219414 111
229502 113
234102 116
204197 112
209709 122
215588 132
226517 112
205148 118
252104 110
265868 125
209631 111
202780 109
229962 141
245003 128
243976 132
236737 129
262716 128
201145 112
221843 116
206805 115
196772 113
203382 110
231469 133
206070 117
246424 142
234591 120
237545 115
275162 114
253106 144
246255 115
254959 129
248184 119
282031 129
269818 142
225061 110
245269 127
282343 141
248295 113
262852 111
230583 115
231307 122
269770 137
246947 107
269023 127
246729 119
253229 135
241968 112
203185 117
225919 112
233855 151
246429 120
236488 117
216237 109
310587 156
218290 116
235546 130
229645 116
211184 105
276023 151
228765 110
248527 122
217509 122
232283 109
229597 119
222113 110
215370 115
233247 127
242600 134
228933 113
241680 114
216129 130
231807 131
229628 127
200396 125
273512 122
259315 117
264376 111
269930 126
281771 128
216392 114
211797 125
226193 123
238085 131
259042 109
253659 122
261868 146
231641 119
221294 114
243944 125
233903 112
253780 118
258449 127
200927 110
210839 116
227668 127
227048 121
289706 148
235259 117
229023 112
255449 120
193366 140
227249 127
232157 135
219457 115
234914 130
234074 124
224738 116
232359 117
259149 118
264912 106
248292 131
241468 113
266507 133
278127 124
287798 143
261323 130
255130 118
231775 129
249217 127
243006 121
249741 141
273425 145
288245 133
243253 131
225006 105
254475 109
278204 113
272501 118
270891 132
252728 111
263322 110
235149 117
265413 125
244141 129
205010 117
239528 121
260027 133
222121 117
277091 122
293807 137
245685 113
198986 116
254888 113
264161 124
264283 132
221149 113
249625 125
233733 115
252312 127
224731 104
214176 110
238059 139
232716 106
228469 114
199743 114
250826 126
223589 119
214064 117
232352 110
229827 121
290779 144
232208 116
221375 106
234118 115
260090 118
218771 123
246087 121
241465 122
257941 136
241173 130
260041 132
235518 133
248927 126
225534 120
221016 107
242745 118
285043 162
265328 126
232818 109
293117 161
243253 114
240594 126
233491 113
235306 120
238756 120
265893 141
241882 124
246488 123
268465 144
241752 116
260658 124
236108 118
247130 113
243470 109
246012 114
259247 107
234070 115
255029 118
273360 133
251873 126
226970 119
265032 114
282394 137
238590 110
257136 144
228186 117
222393 113
219556 114
320446 121
267034 128
224095 110
278115 121
316264 153
262330 117
271864 116
278022 137
264328 119
243899 114
296594 138
276222 120
253011 115
236707 122
258956 122
261117 115
267833 133
262723 115
237843 118
238207 105
227303 115
276741 121
252402 120
246017 123
266885 110
242679 127
261986 127
275831 127
252061 112
240621 106
248823 120
237378 112
256717 121
224182 115
227619 116
228914 120
233289 131
227297 144
248408 129
290361 148
222443 122
225063 129
214178 116
236621 125
236937 129
229594 129
264557 141
264110 142
280676 161
276559 136
268838 118
282928 159
273474 139
286535 117
262716 114
262649 121
267806 132
274300 135
269486 132
266851 138
286664 144
340316 144
271913 115
283612 131
276224 137
287243 149
269711 152
265996 124
263406 135
277766 138
344357 141
288090 148
346489 123
287138 122
264006 130
263219 138
255531 113
267501 119
255662 142
207685 105
218330 114
220542 120
216287 107
239679 132
207638 113
310319 118
263086 113
233747 129
203595 107
236677 116
212472 108
271931 110
202604 111
215575 126
246052 132
225454 122
219404 116
252072 139
233886 117
230728 121
233690 131
282339 125
214255 131
244342 122
230518 134
230756 118
249503 108
233529 115
265643 139
237209 121
225748 123
237694 128
279835 143
272571 139
260225 129
270029 121
234098 120
283195 113
241207 116
276717 139
225535 123
238631 115
244431 115
203513 115
225790 107
239303 107
254240 115
239536 125
234956 143
232170 130
245781 106
248663 138
233194 129
227591 118
250160 112
222071 127
218943 118
281149 131
236771 136
250978 112
242672 110
217207 120
244932 117
183228 110
271525 115
216901 117
228206 122
221121 115
222110 122
244289 124
249223 118
207408 107
203288 121
200881 108
216943 111
237677 143
255010 124
245116 111
234931 114
215308 114
214636 141
246997 121
250792 130
223961 137
246672 115
235961 110
250616 128
245052 144
254373 111
251533 127
234938 107
238862 117
241496 125
228017 124
262617 133
274057 120
257330 116
289791 161
235664 113
268271 121
235001 108
244230 135
228905 111
238003 115
268383 120
309145 156
204703 104
270745 123
295003 123
230773 117
224451 119
205532 110
214241 111
246678 114
224467 109
211683 118
255274 128
244593 120
245189 128
237834 121
237351 109
242376 123
230375 121
259177 119
250886 134
251306 128
229547 111
259636 127
235061 127
240777 115
240420 119
242573 120
259495 125
201108 109
261334 144
193042 110
196359 113
204102 107
249530 128
246466 125
242982 121
254913 140
205192 118
244565 122
225997 125
222133 127
252117 109
241625 132
266436 133
235547 121
239706 118
245595 113
247875 120
202645 113
218931 115
240285 115
249643 137
246079 111
260355 130
230108 109
232446 117
271711 117
259171 116
238736 125
260137 114
268128 112
274687 143
249096 123
226000 107
233363 104
220617 110
239043 113
288473 116
221326 119
240584 124
292882 114
257089 109
210168 110
275195 125
261586 116
237849 117
262665 121
264021 126
192814 107
271715 118
272515 139
274577 154
268116 133
273514 134
230371 130
242399 116
252318 137
214838 125
255478 119
237895 112
223107 108
230592 130
256499 122
251215 114
245505 135
249178 129
257834 140
248212 116
203687 111
251643 112
241225 121
260979 144
215349 127
224967 127
243728 123
270129 144
205220 123
268102 145
279405 142
295783 135
274507 127
272814 122
278716 135
283020 132
254018 118
292426 141
260915 120
300332 150
267383 115
266931 119
287347 135
262367 123
258391 127
249061 117
238828 127
212665 115
249091 119
298555 136
234604 123
232364 119
244799 131
290349 115
244808 113
247911 112
295263 149
212897 124
249324 126
271101 117
250697 127
212133 111
230598 127
238300 120
227500 121
297871 145
221142 116
256369 128
195892 113
228260 114
227335 118
208424 114
232996 127
214606 107
249510 127
235651 116
224449 113
256664 120
228491 105
235540 117
235797 119
233484 130
250721 148
234810 118
245167 110
252664 135
212323 116
243073 124
211656 117
243027 117
236260 116
255887 134
248703 132
218497 125
218840 131
237600 118
277546 151
282358 126
236041 114
226521 117
240202 126
204415 116
243195 130
280399 160
202218 113
250290 111
285668 152
213945 121
257733 130
254318 132
231827 119
241113 128
214419 106
205018 105
217818 109
239557 127
261300 131
238394 105
240351 116
215701 137
218931 113
210208 118
224707 112
226270 123
259502 148
226862 114
226231 110
221342 110
269710 137
270325 118
271322 135
268445 114
259492 142
262336 116
240662 115
243836 112
259707 121
254183 110
274441 122
288970 138
248536 113
259906 115
246060 112
231345 128
257026 134
270404 143
228715 106
221381 115
236262 120
231754 113
256460 112
250804 124
256783 143
218173 114
259801 124
261984 140
241981 110
242553 119
242000 117
260914 121
256142 119
245359 124
243798 121
212479 119
222565 110
242425 120
264115 131
284288 140
253773 137
207960 111
238459 108
270164 145
255395 107
239404 120
250694 122
272029 116
247045 140
267519 144
270833 120
244163 114
248165 118
237537 104
245701 136
249074 128
237277 116
245199 105
239818 115
226586 113
216759 118
274136 128
249002 117
221838 110
257365 127
205243 109
235446 111
256790 116
265726 144
222870 117
240527 120
266938 136
253272 123
205406 106
215952 115
266517 128
279811 136
242071 118
238811 115
230807 105
236588 112
258687 114
258295 120
226452 118
230940 118
262477 123
215469 110
282460 115
232719 114
229865 133
223974 115
231463 135
230632 110
211829 115
237044 129
238236 132
228523 128
231017 135
262322 145
260939 117
245160 111
245800 126
235820 130
237468 113
216871 105
233957 118
237654 125
257778 149
223432 114
230662 109
254299 117
199573 122
279810 143
275084 120
252407 131
276672 141
279805 138
229483 106
247776 108
250902 108
233266 119
273901 121
228161 111
229798 110
218225 117
234426 112
245232 144
230114 118
242977 116
255377 125
248546 132
239372 106
241127 122
242220 126
241022 120
250544 148
195076 108
241706 110
248479 151
254945 119
268995 148
253679 126
263873 133
217070 113
248958 120
225971 113
258469 120
225115 115
255464 130
241645 113
237900 115
235207 109
232912 123
254844 122
244356 128
222824 112
227789 124
239718 130
202550 116
232028 124
245648 129
217317 117
228812 115
221899 113
257350 122
236590 142
242021 112
242859 146
202939 111
242067 118
245044 142
253407 138
240356 117
240846 138
193845 105
220389 110
218973 113
230230 111
239041 124
258947 118
262961 124
250067 115
262335 123
197677 113
270135 142
228591 129
272899 150
214719 104
222488 118
238604 115
227492 119
229308 123
276998 149
256527 121
236635 120
228101 116
249680 140
232705 122
240630 120
249350 115
244828 112
251489 120
259044 125
263344 139
268870 133
258601 121
247699 128
237487 117
290506 126
283911 139
240753 120
253422 122
236188 111
247758 114
247967 123
236458 135
227096 108
223761 109
232784 117
259420 117
261712 121
237157 117
256357 137
240546 109
249300 116
297482 143
266904 123
234355 110
241236 116
227806 110
249549 119
221544 114
234552 116
224390 127
232032 113
254862 117
265118 141
245331 115
246165 113
233004 113
215777 109
256740 118
222991 118
257425 124
275069 137
259055 130
237673 115
200893 113
204677 122
285695 123
219803 121
237370 114
239954 110
274073 144
224964 118
242407 140
275232 129
240621 117
223228 115
240811 129
240007 136
231214 122
276699 125
232913 117
244984 115
253875 121
262452 116
225240 108
264391 121
262173 155
258631 121
246287 133
233387 115
230259 106
226710 119
240445 124
284740 128
242763 111
249344 114
192048 121
241478 118
232819 120
228955 116
227807 122
285084 113
228372 113
223593 113
207248 111
213401 109
216332 114
228400 116
226572 112
238542 112
245779 146
299401 152
253996 118
267519 141
226485 116
264128 116
275636 121
234503 116
265870 114
257594 125
240176 120
252802 128
256323 140
260687 129
241359 107
254358 111
272614 139
260869 119
276744 147
240777 124
244514 128
275913 111
258893 117
248250 127
258340 119
244996 105
213105 113
272053 124
230093 114
243526 131
231211 117
231656 119
217243 113
261874 129
214231 111
246110 110
246632 117
240452 122
251427 139
232865 116
232210 115
230723 108
237717 123
