579499
584132
577737
580072
580456
581326
578917
580392
581257
584035
582378
582394
581247
583433
580141
577766
579033
583435
583725
578350
587129
583249
583792
586496
582172
580699
582653
579198
580768
582166
575429
580809
585220
582601
581925
579503
570126
579748
581778
581653
581226
577073
584474
580547
589074
580848
584380
580465
580249
602722
585586
585272
585591
579748
582534
583021
584817
582721
590895
584658
579273
578885
580580
585093
588044
604420
582163
582279
588708
585025
583170
583326
585151
584420
595517
586132
580790
580864
581324
586796
580886
596663
582316
584961
583934
583343
578696
578888
579498
584957
583701
582381
585686
583543
581932
578648
580343
583146
583153
579352
580785
581674
580599
577245
583307
584155
590238
582126
581472
581017
584576
582198
581268
582045
580358
579797
583157
581219
579909
580206
581642
581840
583008
580606
579712
586542
582927
582325
582168
585863
583340
580099
581986
579140
582622
581376
589881
579356
585299
582808
582428
582175
581809
577668
578673
577513
584205
581567
575175
582587
588332
582738
580571
581604
585385
593127
578075
585686
578134
579338
581759
581615
588300
581780
582880
586126
584552
586862
590855
577563
582043
582093
584866
582185
580391
583215
582867
588897
582027
586175
579695
580400
586183
580551
581605
580085
585079
580460
589190
583713
584390
583443
582525
586915
585760
582472
582450
579085
582953
582051
578235
576120
579652
579317
592239
580243
581121
579763
580768
579544
579277
582679
583019
580506
581740
580065
580934
579465
579088
580650
577718
578282
579664
580513
580253
581449
581041
578356
578270
578132
579415
583934
579340
580373
580368
580305
581382
584849
580983
582601
584788
581141
584115
581223
580478
580720
580365
582817
584995
585456
584588
583211
578069
586281
589828
581886
590291
579133
580999
579478
579533
581672
584545
581471
579556
584103
581463
580256
581690
580495
585468
581566
570231
580941
582482
583994
584072
583613
582730
583725
586403
582723
582149
584210
582359
584655
583895
583740
580435
580907
584842
580979
577590
580420
579759
596762
576769
580462
580749
581206
580773
569894
580531
582681
596655
577743
580674
579686
581665
581230
601539
585425
578314
578301
584731
581087
579370
583013
578483
581976
585585
579725
578587
579738
581179
567316
581115
577978
580356
581679
585523
578006
585087
578848
585090
581026
586357
578757
582699
571451
581558
584481
579515
583523
581989
582984
580742
581983
583855
580943
580798
581425
583710
581286
581370
580228
579889
583534
583461
581684
583502
584939
583985
602613
590853
569624
585534
581582
584800
585504
584501
583236
582249
585476
582952
597612
583129
572510
582554
569469
578243
582645
587336
588583
580513
582583
581013
583145
585387
584980
594229
584811
589809
579853
583659
583118
580372
579882
586317
582724
585907
584597
583880
569152
596459
583677
575507
581763
589146
582047
583454
578748
583155
584347
582204
580493
578974
580425
583480
583846
584097
584380
577856
580241
581295
585371
585370
582310
569468
584119
580733
579347
567546
582762
582873
580578
581555
580099
579364
567698
579382
582125
581147
581506
582577
580954
579590
580619
582864
580008
582613
581787
580133
584026
579391
577218
581043
584940
579521
580185
582550
583690
582427
583008
584722
580149
581141
584270
582529
582422
596354
579921
580787
584084
582506
579047
584960
580788
579650
582437
583342
582749
582275
577697
582008
579233
580909
585594
582490
583982
583792
581899
581122
584086
580932
584450
585290
582140
586404
584146
