211284 110
226394 113
235544 115
227126 111
233427 110
231652 116
240380 128
251189 124
249120 115
254652 137
233570 116
240643 110
251442 119
248057 119
237664 111
259163 113
242056 116
251623 116
258771 126
234239 107
250900 113
259187 124
258649 120
246112 115
254152 122
261706 109
251460 116
257651 108
259024 109
250874 107
254465 128
248719 115
230147 115
249505 104
263240 125
259917 113
225702 107
255148 111
221450 118
242706 130
238371 117
260357 108
222189 113
239378 115
240846 107
218938 131
239185 109
233875 118
243817 121
224252 145
145112 100
235683 144
245573 136
225082 115
228913 117
213690 110
224305 113
243454 126
215728 106
229225 113
218148 111
228318 112
225812 104
224988 119
228336 115
237560 122
215486 113
242304 113
238389 108
219596 106
230168 111
239348 118
264646 134
250481 108
253322 119
241231 120
247927 116
253083 116
241746 120
262075 127
250496 110
262040 127
244686 105
234203 111
221887 116
204799 106
232331 105
237590 104
256419 106
252301 117
217337 110
242092 107
220838 118
216485 116
225857 108
222544 110
215054 115
191751 105
247239 110
245062 114
249386 116
176350 114
183318 106
211854 112
188366 109
208702 122
209915 119
217427 133
198615 111
218470 134
214730 113
209903 115
226637 137
250065 123
210003 118
238507 107
224320 112
270997 148
236941 123
230104 141
254056 121
260777 142
241062 116
258505 124
197695 100
187567 100
230180 138
221864 116
210616 108
219056 109
198612 111
202642 113
245067 132
229541 116
241825 122
202184 98
226925 113
250341 132
232427 120
228046 112
221620 117
238989 118
226016 114
215705 116
170667 110
220081 113
230245 117
219045 114
227025 135
244568 115
228008 100
215559 106
180438 107
184187 111
195498 110
228276 116
210314 109
210873 106
222763 103
217636 111
198442 100
214644 110
213629 111
228061 114
243504 114
237567 113
238073 114
243421 115
241473 114
234450 127
242216 127
241898 106
250413 107
232647 107
236353 119
239713 110
224517 107
248752 137
248854 111
248987 108
207990 102
252873 126
233875 114
239084 123
236706 109
229071 111
197656 112
197281 105
230015 119
224796 115
225597 106
209012 115
224780 106
214424 114
222224 101
242439 142
231289 113
253810 109
257021 127
230546 117
251222 106
233999 110
240091 116
201460 113
185385 115
176243 109
196408 125
190636 111
201033 111
202441 112
204130 110
209337 115
196531 110
187736 111
195900 109
225243 118
231308 125
228659 115
233565 113
234351 111
229685 111
245305 117
228460 118
259158 131
233063 109
241538 139
236354 109
252990 122
200333 111
211686 103
196476 101
206502 107
238079 114
224972 107
227679 109
245875 112
267258 140
285433 154
216243 109
283322 148
238995 121
215370 112
249065 108
228226 111
224688 109
243764 113
250983 133
231231 105
255814 117
226856 117
247939 118
255636 126
243713 132
225430 113
214789 106
199460 103
185575 111
210222 121
222045 116
200408 111
225353 114
214907 111
188751 115
193617 111
193161 114
199595 115
215887 119
206032 109
192134 108
234587 135
229445 123
208961 106
233426 115
211232 111
216298 114
225482 116
216701 105
231557 112
202600 106
229470 117
244290 116
224944 112
239579 123
229098 101
222352 111
232247 114
229402 113
221160 127
236729 127
256594 127
247207 125
224952 107
225844 113
232242 114
217530 119
233818 112
235020 111
237786 123
220737 119
241858 108
240503 113
227440 122
213022 111
230292 123
236917 110
232850 112
247125 114
229887 134
215532 103
219763 110
229807 110
219730 109
224530 111
238660 104
191657 103
216591 117
218923 117
210983 117
228824 115
215412 117
210157 111
211680 105
220857 117
224996 104
220154 108
215475 115
221741 114
242023 104
230910 131
239086 120
214345 108
203977 103
238542 129
231125 107
229157 118
197339 104
239584 107
238109 116
209133 111
243045 111
247629 118
202612 111
227595 127
219447 114
210446 108
201866 112
233055 109
227641 103
238028 110
213214 104
227594 111
228699 108
242983 110
227506 111
206999 123
235181 114
219157 112
227358 115
216322 109
221513 108
236445 116
231330 111
235847 116
226848 110
238654 112
176871 112
194021 114
187294 102
199003 112
188133 105
205960 114
216195 115
202415 114
216568 105
203845 120
193882 107
205941 105
210011 114
194447 116
187493 115
192728 112
206588 122
225421 132
198124 117
228215 120
221728 111
227092 114
237313 120
231702 109
215191 110
242649 135
254201 140
205043 112
227889 105
258205 134
207182 108
224214 111
232066 117
237862 114
207704 112
232842 125
235706 123
232947 115
248024 121
206834 113
227243 108
239673 128
210417 111
254183 140
229533 109
222519 115
228108 117
218124 109
237411 119
233769 108
234860 109
236573 115
191498 106
206656 112
224794 117
233046 114
198499 105
221773 105
199722 105
209555 109
213155 107
209791 107
199903 108
221494 117
220280 115
218595 130
205448 112
201354 103
189601 111
206784 115
218856 114
228983 108
207687 117
220184 116
211509 115
204966 109
249408 112
225065 135
215835 113
211272 110
195093 107
210580 106
200460 107
191014 111
219622 107
232961 121
231221 110
218465 112
204398 110
220083 104
234396 104
182838 101
237196 114
240710 123
225713 110
213590 109
222477 103
219243 113
220042 104
222328 113
226100 115
235361 108
214829 110
247360 110
211651 107
232892 116
208635 106
224989 113
220186 113
207352 109
216584 112
248864 137
228364 106
211228 105
232153 113
219128 113
204824 113
263961 155
244234 112
198816 114
197486 121
216527 109
193955 104
205916 103
217671 110
227742 128
237012 131
219473 111
226762 115
219696 125
238471 120
223235 110
204189 113
199263 121
227853 105
201568 109
205992 109
205809 114
212313 110
214716 110
208183 107
212764 112
213932 122
213532 105
215039 109
219954 117
204197 107
186745 106
224680 127
216712 110
186859 118
216159 120
222870 115
211889 105
203460 115
229592 125
202536 116
202364 115
208230 114
223456 119
240038 118
227508 115
226832 122
227685 108
260942 144
237305 123
232039 116
240264 119
220170 106
181172 110
196801 117
208960 120
159213 104
222042 121
205719 105
221076 113
223127 117
227423 128
208343 105
227415 108
236542 111
216029 108
217444 108
248974 122
225767 110
255597 129
231673 111
240855 130
249930 123
221746 109
231259 115
234565 112
223610 109
236217 140
227919 116
235297 122
198789 125
238116 120
218784 121
215087 113
205735 112
209323 108
227815 115
223731 106
221185 113
212930 116
201858 108
247039 128
216211 106
227686 114
239711 141
201126 104
186338 115
222242 111
230450 111
230928 116
228061 108
232901 112
195026 115
242897 115
219249 115
232651 107
195988 119
221440 120
190463 106
214607 109
208461 106
202653 111
202303 105
249278 142
233890 123
191104 113
224684 116
225063 134
242920 114
247583 113
230331 114
251327 111
252885 110
247855 107
236858 114
259225 118
258206 150
246857 116
254674 112
263595 115
217797 114
241550 111
236998 115
231624 106
229393 109
226233 109
256788 115
251346 112
252529 102
205892 108
214761 106
215197 103
221251 115
208878 111
227912 114
227250 110
234123 116
223530 103
229505 108
279387 134
242220 112
247734 113
232633 114
243520 140
225418 115
227865 110
235742 114
215470 125
206606 112
208720 118
185740 108
213683 113
222138 135
222218 133
221153 117
225458 118
239387 115
235500 109
192429 109
199473 111
206580 119
197625 113
219187 114
227851 120
224533 118
228805 108
220970 113
231615 112
237843 111
238667 113
194252 108
223476 116
217209 109
245867 116
197447 115
212698 105
215163 112
236966 107
232343 106
235082 118
230701 111
213500 106
235477 122
235237 112
226453 112
212780 106
253591 132
238267 119
258021 122
198601 106
272816 140
193142 111
251530 120
242252 110
254316 117
247388 121
213719 109
239380 114
253867 118
251746 112
198696 110
213557 121
219799 109
220670 115
235124 116
220849 114
248703 139
236905 120
235867 118
204124 114
216142 110
221527 120
230133 113
205542 107
198900 113
215740 120
225021 114
219167 111
227185 113
222718 111
227928 116
212790 117
189254 111
200789 108
202566 111
212990 121
228959 126
194738 113
204396 121
219719 116
219946 108
230721 117
232266 112
253928 112
246025 106
212382 107
263810 139
231626 109
250084 108
206069 110
202291 114
190621 104
223591 106
266112 134
218817 128
211953 115
214250 117
219411 113
219593 113
220838 115
239268 111
189734 101
223780 126
215564 116
217907 115
196361 107
208635 115
202375 115
200718 106
185990 116
237856 121
230252 139
225415 114
226928 107
203651 107
207293 113
226346 116
203189 113
240008 148
219428 111
218104 121
196797 113
218287 119
200888 108
215300 109
198865 120
204956 108
250170 117
217927 113
233178 119
223164 122
230773 113
232399 118
239433 110
251243 119
245618 109
255608 120
239899 112
212302 110
243767 110
245088 116
212953 108
260069 129
248771 116
214109 120
254582 124
251838 134
198972 110
258960 120
237998 106
268292 127
199809 106
222536 105
209108 113
221907 111
236082 122
219976 109
250050 140
235006 112
214251 113
192946 117
220563 124
197982 110
246700 113
245178 120
209035 107
245316 119
215933 124
243590 113
208523 112
238883 114
282243 130
232789 123
223767 117
224328 125
217087 121
193603 121
207787 116
208694 113
217465 108
244150 119
221493 108
231923 104
253710 121
231262 110
236964 107
267533 145
215001 109
234523 107
251114 135
229050 116
227749 110
223072 107
240023 114
246805 107
242071 111
229575 115
254010 135
206386 104
214583 105
249673 120
235839 115
231564 121
196292 110
224789 109
251074 112
198468 101
235491 109
266614 131
209327 109
205474 104
212214 106
204916 116
215012 101
212020 110
208201 111
206646 117
185737 111
207160 106
221773 130
213060 114
221997 123
254251 123
192173 116
195742 110
207787 118
211244 131
196324 124
197259 113
212399 109
227976 112
234956 116
231449 107
223719 105
234400 113
234059 115
246194 116
238098 112
233954 119
238188 107
259564 116
254842 110
249836 106
256441 110
251623 125
245383 113
252720 117
271797 143
237310 110
245086 112
241353 100
262838 120
250032 101
269771 143
256847 111
228214 108
265123 123
261394 114
286021 145
233601 118
204350 110
238780 117
243047 116
245397 107
226457 104
223496 115
255021 117
210518 113
228976 108
234958 102
232784 120
247689 102
251302 127
221468 118
240727 138
258235 122
209724 114
248101 144
214177 108
224559 119
185046 109
193873 106
216508 113
212695 124
205807 113
216561 108
198998 108
231819 115
199844 110
217807 123
199451 115
207985 115
211638 110
207603 117
248133 142
188547 103
195279 113
236927 121
243115 114
230710 118
236128 112
188051 116
206345 112
213894 110
255694 137
245202 130
229948 115
214451 117
241280 112
220879 106
214788 112
229579 106
237046 113
185939 115
227987 114
229722 113
218943 119
240816 139
211975 106
247427 118
241355 122
238402 117
220175 107
194298 112
247331 111
231724 113
261924 113
224878 115
253718 112
246173 112
204612 119
220188 124
199711 111
229894 113
221256 112
222247 112
224093 112
214448 106
208913 106
223137 111
225203 114
228012 108
224591 134
219166 111
227090 128
217651 112
230971 115
225324 107
224721 108
222863 107
190225 108
227255 114
195659 99
203269 107
205041 102
222863 135
217674 128
228208 134
239246 134
