232249 138
235029 142
241387 149
229220 138
235112 141
228144 138
226075 138
225567 139
228730 138
240470 141
243066 142
226942 137
232942 140
229332 140
229228 137
222989 138
234292 141
222147 137
233954 138
237140 140
227129 139
225605 136
227059 139
233736 142
224154 136
212331 132
221089 138
210627 139
213667 132
228114 139
213736 129
219104 140
213975 131
201749 130
195441 126
221818 138
217096 131
209777 131
208749 131
211899 132
214487 131
213979 131
201737 133
203429 133
213905 140
206943 136
202663 127
204793 128
210444 131
192217 126
206301 133
207325 133
220461 140
210571 132
203876 128
195867 130
206895 132
211059 139
207111 135
214602 130
197312 126
205930 133
202589 129
211895 132
198426 128
210757 133
202546 133
210074 140
209037 141
205398 133
205491 132
219787 133
215962 134
206474 133
205639 133
210476 140
229045 139
211283 132
203504 135
213951 143
205849 135
208288 134
201977 131
213609 132
222713 142
216568 133
186480 125
202332 135
194748 126
212028 141
208069 136
217585 134
194628 128
233430 138
209479 131
194317 127
220662 136
203093 127
202358 132
203658 132
209886 130
209471 131
207704 135
202093 130
192969 130
211870 134
201453 129
222026 130
216634 136
203333 132
208895 132
199452 130
212869 136
226186 143
213864 141
201262 131
218519 132
211099 128
211530 126
192656 131
208495 132
211449 131
206375 131
201529 132
192506 126
213296 137
214258 133
214282 135
212254 136
215813 143
203111 134
205413 134
217273 139
203246 140
232391 143
209937 133
203275 133
225275 140
216752 133
224655 138
208412 134
214213 136
211988 131
203004 131
211406 131
209519 133
207023 126
201764 132
205015 126
210599 131
204360 135
197549 130
218820 145
212064 134
201849 133
217138 133
207378 128
220988 133
204131 131
213481 140
213130 131
204033 132
205905 133
212998 136
210357 131
198803 126
207047 133
217014 134
206805 139
227094 140
209895 132
195924 129
197376 131
210101 134
226631 140
201470 131
215518 133
201698 127
213484 133
204528 132
213287 142
209730 135
216234 132
218785 139
201677 134
211888 128
191159 127
195150 127
209014 139
201320 125
221379 134
218171 141
197298 124
215513 139
220978 136
217639 137
204333 132
220419 142
208591 137
211764 131
