207034 112
243608 113
238150 127
249518 112
248702 116
246542 117
259687 130
245419 118
252015 140
253186 110
245933 114
239123 111
255759 116
246797 113
252561 116
237138 114
247299 111
244159 118
246937 132
245079 109
243892 122
245596 122
228866 124
231592 111
270034 127
259990 111
247166 121
271825 112
256196 105
258772 113
273618 118
254417 113
250479 111
242474 113
270859 119
228454 115
284969 123
277699 115
232375 117
280031 131
253725 116
295818 112
242311 112
188624 105
262901 121
265250 133
207545 119
277598 125
280409 135
282664 117
239300 118
233566 107
226449 119
216108 112
241432 132
245208 118
232267 116
285594 123
247057 130
235919 113
244233 131
235692 127
311393 163
262677 119
244476 110
217908 123
252515 131
269998 130
287462 149
251132 120
264138 158
265438 137
272148 141
255732 142
248834 144
245067 136
287082 137
240141 127
251433 147
253948 125
283458 148
255578 130
213745 112
223193 119
265839 126
250006 124
253253 140
228474 118
238797 122
244209 120
233531 112
260458 119
272593 123
273443 119
251817 113
253972 121
332588 153
267868 123
237838 132
238659 125
265671 119
286261 151
246169 127
256870 133
269846 149
249663 116
242809 121
235184 124
223951 111
263529 126
222214 110
300317 139
257131 120
236245 107
256131 128
256686 124
273462 139
284250 122
242400 117
242167 129
222774 109
224608 108
246008 114
224807 128
254309 122
239560 120
240889 120
251292 127
256798 119
253705 112
240675 120
229322 115
218617 113
260582 121
218918 108
231989 114
250390 120
265188 120
272464 124
240659 146
218868 115
254992 132
280097 114
279062 123
268960 126
235099 115
295370 134
222122 112
241022 127
301705 141
305487 123
269968 135
270878 119
283959 127
230614 127
238592 108
259734 116
232746 123
216368 109
258445 118
249335 112
235480 126
249422 109
243674 121
218888 112
239294 119
278928 131
214063 113
255006 132
245822 110
276621 131
269079 120
280361 159
287158 150
245837 115
244073 119
245064 116
283372 148
272206 133
255678 131
214870 114
268586 135
287714 135
275310 135
278112 141
271903 122
234008 122
294806 119
266565 117
264833 125
273536 136
240393 132
242570 146
222550 117
226381 114
239480 109
258327 113
274106 133
256980 144
257403 117
246856 123
265035 116
235206 119
282311 127
207506 112
271831 120
278215 133
239062 129
216808 126
280187 135
273356 157
231426 119
270114 125
239748 135
237544 119
244739 114
245743 109
211581 117
253135 121
247906 118
258659 122
235265 126
269995 125
259655 119
293897 148
248609 113
222588 126
221321 123
250288 125
240693 115
262997 111
262986 136
253277 122
253055 121
248389 119
266644 117
262117 122
264077 125
274489 130
287581 119
231287 121
244691 118
274450 133
295640 133
282706 133
265807 117
276749 144
254691 114
239895 106
215882 122
245178 110
261252 111
249493 112
262697 123
288778 132
252190 145
256776 127
261833 117
240087 115
244756 143
221153 113
224948 117
284848 117
267058 125
271856 135
234332 117
242420 120
230295 123
261112 115
238868 119
262084 120
280176 152
252926 125
285005 124
247724 125
239479 114
248123 134
246250 117
228179 113
260011 140
248373 109
271095 146
230278 120
299078 131
268332 126
256136 126
277108 140
250357 110
284323 136
255952 129
281841 115
224508 115
256749 126
233179 108
271609 140
234362 123
287826 138
245842 123
246550 132
266555 135
271378 123
223434 110
269051 129
236803 132
247588 134
268366 118
251505 127
264741 137
240642 113
287739 131
246996 126
268085 119
266228 146
242011 113
222768 109
305358 155
246359 133
267953 118
257040 137
257084 116
262473 124
254569 133
233312 107
267313 133
267124 137
256470 123
236172 126
231020 116
251214 152
228766 127
246845 116
251867 130
285728 139
238671 112
293100 182
249742 114
257999 119
278045 129
268969 119
293327 132
266606 106
268985 134
275317 133
285062 136
234753 130
261792 120
223086 110
255800 115
301918 142
283854 128
227188 110
227936 115
220968 121
241726 126
236076 117
232283 120
260516 111
252748 123
230973 120
242265 117
261600 144
268281 134
264083 114
260209 130
254965 132
259933 115
260363 106
247392 109
264306 112
256263 126
282721 138
267099 132
286905 122
235095 123
247884 119
262626 118
217313 115
271337 123
250400 109
250187 109
266137 114
248433 114
311235 129
254967 125
258622 116
237343 117
233032 112
223852 120
265062 119
254531 127
278054 146
220255 121
254505 113
238107 111
227379 120
265367 150
257920 113
279471 148
221538 118
240678 120
211362 123
207145 122
249805 128
268739 116
282515 124
302153 134
252236 166
289463 107
260678 118
252756 122
252721 125
248814 122
284599 127
228246 115
247911 112
266508 122
271730 130
221357 113
246801 117
229094 116
269518 133
245922 121
251783 130
246169 119
267802 124
260632 111
231484 125
306054 139
291395 146
283909 123
283323 144
275915 116
265334 152
224506 121
238271 121
239546 118
218384 118
293143 149
280019 122
253817 136
254477 141
248231 114
265772 123
239913 118
255181 138
253982 122
261430 130
262366 134
245844 135
246555 116
258351 124
260931 123
230768 124
289718 129
269843 118
300705 145
267142 111
293325 139
247723 116
273942 117
293339 109
329625 137
289755 134
294120 120
296910 121
321374 123
290686 135
274305 120
247858 129
311310 146
239585 117
308132 127
271613 139
266906 132
295301 133
293023 113
228572 119
260114 126
225649 118
292311 132
222440 114
229902 116
249563 135
254767 124
255807 121
234596 111
251610 116
267726 119
275621 112
244041 115
236116 126
259980 130
261251 113
299135 140
227827 122
281265 131
247470 121
249068 124
233015 121
220193 118
210615 114
222423 123
232261 120
258607 135
246352 121
285782 127
241644 129
287068 135
290940 132
250990 122
222614 121
288470 149
243122 137
282391 132
294442 130
282817 132
269701 120
271805 143
230739 126
222233 129
237165 123
249048 119
283374 125
262651 121
244076 107
212508 122
249232 110
265704 131
222454 114
203412 113
206023 107
296606 123
223585 125
208099 112
250338 126
226791 108
265227 144
273109 119
224264 120
239552 119
245036 116
257238 131
247446 116
245891 129
257483 118
296611 141
271980 139
264046 126
253940 123
282176 121
245896 109
269902 136
257210 126
277689 121
271472 127
225800 120
227108 119
248183 127
295284 117
251000 113
271788 108
283427 126
229098 125
256967 134
260216 142
295965 121
291801 146
315019 147
255226 125
240987 118
283053 134
258211 112
289779 111
252308 127
253510 125
227608 131
198513 112
214715 108
251698 129
291446 127
245821 139
254142 132
226351 124
283232 121
255138 123
218980 116
323907 145
234644 121
250352 122
238180 110
303342 145
235278 119
298930 130
265338 128
266414 133
255809 112
227810 124
248517 122
256573 113
253617 129
275068 139
242970 119
291363 130
251304 108
261752 115
279008 127
263826 125
219528 110
220005 121
253028 128
293294 137
261554 117
310925 138
277556 127
270738 121
236389 128
231499 124
277925 114
284857 129
263221 121
267568 142
248580 108
281944 124
226736 106
263997 122
284326 122
272227 120
224225 124
254006 118
262259 123
240479 116
262590 138
218667 107
270833 142
266649 125
249112 117
255185 121
255185 130
257207 115
250851 122
254925 130
260999 126
262057 120
280493 141
247356 111
256008 116
251361 109
268349 125
245091 106
227403 115
242818 136
272135 148
259303 127
260501 136
272031 133
228997 112
248394 136
222924 110
284931 127
245369 118
275516 129
291663 128
258813 114
212527 112
271098 139
233647 130
230659 125
280134 148
277381 113
219691 116
224816 110
238691 122
228188 118
323779 154
271614 116
235056 112
247031 122
225593 123
259947 133
245121 123
250743 127
255491 119
245537 123
236647 119
239661 114
265411 114
255518 123
272986 123
255331 129
269092 128
290648 127
268392 126
247331 118
266297 127
261077 113
263782 156
267182 122
255891 119
242796 123
275793 127
246081 125
311855 152
266613 109
293050 138
247252 123
246648 127
301078 129
285652 145
246271 121
264510 124
301392 152
240054 116
270267 121
239049 111
299310 147
275439 122
243753 126
283340 112
283988 117
260708 111
259064 117
224830 114
277129 121
252205 128
265208 118
273392 141
282938 132
262539 121
221403 105
259911 119
294054 134
265055 117
283116 149
262708 130
248946 132
268671 126
213681 118
257394 123
235801 119
229978 110
274218 142
270564 124
262844 129
241307 126
242505 111
271357 108
242394 112
278049 146
205930 115
244294 122
242027 125
255450 129
239220 123
243121 113
265193 141
273466 146
267668 137
247526 132
269357 141
225744 116
253747 137
219491 124
230214 118
257577 127
278886 146
261505 137
258952 115
238278 135
258986 133
277299 129
216739 123
239128 121
254798 124
267730 133
311305 161
281962 151
255336 120
277785 130
268182 118
252097 111
288884 124
251914 113
234473 139
295074 133
271677 123
264716 135
212980 112
258608 117
238981 119
300537 132
277514 134
245353 120
334335 124
271722 144
236355 132
231995 117
271471 152
215481 111
261215 124
283543 134
254451 115
252365 109
229544 120
280369 119
288536 147
232069 108
262848 128
216130 107
240568 109
303992 152
271232 130
295757 143
231404 124
238768 113
249168 113
254984 109
305758 150
271032 112
229199 117
262852 120
299747 124
265304 125
271528 122
265808 120
249352 120
251894 113
277635 126
246713 114
264918 132
274440 134
264878 114
292096 121
252613 114
230884 116
262273 124
260173 113
312298 142
232381 123
268078 118
223844 115
238941 108
242916 112
243984 124
281260 127
248311 127
276824 138
259599 129
275770 155
264084 127
304992 177
277912 123
258212 126
269863 118
252267 120
281141 131
263057 108
284373 137
279081 111
247558 128
246071 137
243498 117
286965 119
270515 135
217301 115
211491 114
255734 124
277812 132
251262 112
238456 108
232397 119
216603 135
240291 126
231907 128
274879 121
218000 109
221717 114
227931 118
230005 111
246433 112
260761 130
207194 120
227610 123
246793 118
229434 142
250109 125
247859 122
226112 114
234078 114
245412 115
257642 136
229264 115
245876 109
223289 126
237080 109
241794 121
313711 116
242977 114
265844 117
187634 120
283050 118
225641 110
270279 133
245173 125
233245 119
221210 116
260058 127
233063 122
248548 111
263985 119
226314 113
244613 141
252477 120
262661 118
225318 120
264300 134
221123 114
253020 125
257397 119
228571 118
254037 124
300775 158
257375 112
275062 115
271869 111
255442 125
246106 113
243788 115
262737 111
264583 120
274974 120
219567 116
273945 120
235504 119
220449 128
258788 128
245322 119
255506 134
263475 126
235084 109
247860 125
238100 129
254819 110
257290 112
237763 115
263267 129
290847 146
261730 123
276491 127
297992 146
295368 120
298411 148
234075 111
240539 126
224282 123
284782 145
250263 124
230117 116
267155 144
262055 148
256348 110
240324 111
252222 115
259278 120
272356 134
264540 131
281965 156
244767 123
231881 131
209645 115
226787 120
261233 125
280495 129
242861 118
263241 142
261266 124
294229 141
252213 113
251662 118
272544 128
260215 113
262156 132
280783 128
243483 121
282082 136
221702 110
238032 147
227211 119
262553 113
250685 112
252986 131
228855 110
234082 120
214382 119
243139 124
231940 116
219317 117
221795 130
221767 125
232069 118
233426 121
