244218
244324
243881
237816
245339
240538
245707
245436
237790
234448
237278
241119
241711
241772
234010
241308
238477
240305
238107
244434
242257
238576
242430
240482
243592
233113
240000
245396
240118
224579
244467
237396
244051
245436
244589
246776
239852
237022
240023
243707
237531
240886
234535
240049
243383
248326
233676
240066
238714
240371
240259
242816
242919
237664
248328
242784
251478
247808
240187
248143
243263
252058
243294
243093
237050
243279
239248
222667
239843
242545
239595
238842
233882
243732
248284
241508
243360
240684
240982
233812
238002
238461
239450
234396
245709
246252
246716
243368
244369
245352
245399
242823
253818
246005
241815
245416
244161
244251
247562
240257
237799
241942
242654
244375
237426
240300
245243
243621
240346
245449
245330
244251
242380
243626
241024
241698
241319
245426
240066
241165
242537
242220
241265
236379
252295
241355
249612
243368
241182
239084
244463
239850
244692
240754
241388
244617
247105
248098
244083
244780
242523
243145
243839
243679
241341
246962
251215
247957
245825
241654
241663
237278
241200
245620
247239
240368
244513
240084
243575
248289
237885
243011
239620
255007
251181
241238
243101
240310
240871
249667
246915
243120
248166
241467
244439
243403
246822
247122
240818
237092
241580
245318
243773
243666
241213
245960
243145
242728
240627
242987
242913
247678
247818
247619
243717
244829
244892
243885
243864
242632
250795
243678
243230
241163
243886
240801
258867
238957
244926
245006
244823
237250
243817
243800
241130
241533
243689
239323
243502
248182
243796
240393
247140
247151
243571
245261
242813
242805
243543
243203
247616
243150
251368
246493
243507
248224
239005
240922
244128
239517
249056
244390
242229
243818
244301
238980
239965
245241
247302
246841
239299
245053
238956
243584
243701
246926
239734
247758
242924
233167
244400
246736
239793
239976
242483
244346
240925
243930
248101
246801
247146
242847
243192
240182
243565
243496
245080
237086
247660
245383
242670
244070
249629
241209
241221
241457
249614
246900
239978
245460
240259
247075
243652
239961
250337
243597
241429
240007
242940
242549
246965
242612
239387
239511
242905
243080
259311
242856
243804
241832
239559
233827
243500
242889
243636
243713
240675
251467
249670
244185
242941
248323
243531
247105
243930
244491
242664
244202
245478
241459
239649
244932
243412
243031
241056
247772
243471
247029
243313
241472
242855
247162
251660
236956
244606
241142
251187
252064
243261
247716
244002
240243
241495
239373
241136
243315
239352
244355
250130
251382
255859
243774
247205
246843
243645
236434
245475
243876
244241
243683
239486
248093
242997
241665
247050
243724
241491
254636
242845
243589
242812
243346
248175
243809
248175
243693
244007
239533
240452
247204
251253
240762
242953
243574
244148
248103
241038
240016
247675
246975
243150
245169
240548
244492
240782
246678
243603
243134
234262
244944
239606
241032
236717
243065
243425
240278
244056
236203
243778
243816
239208
243926
241495
247368
259051
240150
244195
243560
241061
242975
247888
246615
239025
241747
246077
243336
243751
241343
246445
247096
246804
248297
243075
243206
243391
241629
246150
247514
249240
243083
243215
243130
250216
243712
239856
234653
243710
244937
248655
242672
242371
243983
243932
243643
243504
245077
245002
246969
239025
244494
240149
243537
239840
242302
243851
240273
243811
244910
241308
233763
240086
247518
243717
244043
239347
247370
243940
239828
240048
239196
240152
248194
242748
236364
244943
241224
241882
243287
236697
244722
