213519 109
231528 116
223923 110
247249 127
221238 109
235599 116
237472 110
242933 107
240296 110
225856 107
232902 125
231499 111
211903 118
243069 111
231471 122
225559 114
242825 130
262961 125
237643 109
225805 119
236651 114
228205 115
259258 117
256739 111
236538 109
220849 116
250862 107
241464 122
251337 110
245908 120
262486 127
266898 122
219172 118
216328 113
246923 121
227116 111
245574 117
230989 123
273471 119
244116 119
243656 127
264464 134
260249 131
233759 122
211225 115
281785 135
234407 122
216292 112
238404 114
236883 119
232817 130
279862 133
232188 110
233588 114
283543 116
219594 109
274338 123
224487 106
263829 112
237493 111
219175 128
221861 120
224956 112
230275 107
261319 116
232045 113
225953 117
195602 121
246115 124
244248 121
239295 113
269002 161
248065 118
249224 136
271184 140
251170 132
248640 126
204836 114
248511 115
195270 132
213244 115
207218 121
275585 132
292501 147
198224 110
211718 117
230965 123
237895 134
239935 114
237041 108
216343 102
226149 129
272572 141
244347 113
239525 112
226961 125
248448 141
243269 109
248912 134
240454 116
232452 124
290382 149
278199 138
231410 118
271278 149
269424 122
259468 129
270584 148
272946 127
276040 129
255041 117
256591 115
217276 114
240833 119
257454 110
251203 117
252266 126
205611 114
192617 108
244210 111
248939 129
244234 112
237650 111
217954 116
216063 109
227002 110
204525 114
231705 116
224854 115
179246 108
214578 116
231801 133
212487 133
210094 121
227598 123
213665 123
249882 124
260156 145
202375 106
248552 112
291920 134
236926 124
261674 134
260412 143
241378 123
246663 129
242867 109
251618 138
241083 127
209301 116
239253 111
265073 138
218635 105
282609 125
256099 114
214409 109
289765 132
226946 113
231418 108
257405 126
227256 111
226865 118
249348 115
228042 112
284032 147
264762 123
246001 125
251029 115
243851 112
274199 127
265896 117
263118 123
267412 111
243585 112
204314 116
206430 112
272815 119
212006 108
237394 119
278050 120
269332 155
219365 115
272793 135
296511 149
254358 115
243919 112
240643 113
223987 108
243788 133
210522 113
243726 109
248559 119
256102 134
255492 116
238272 106
221330 123
216319 113
231225 114
265779 128
231170 112
235462 109
244347 123
249589 122
246773 120
262745 113
219935 111
252023 118
239590 115
256032 120
243170 119
245827 114
214367 117
242023 114
227402 107
229525 118
201163 114
268016 134
264185 128
264805 129
218500 123
228377 132
254124 130
235105 132
265168 138
218017 125
259237 124
239983 119
221970 117
287228 150
233066 112
210955 112
224808 113
223800 134
208436 131
239793 128
266262 126
250483 107
224654 105
288029 167
207828 118
238449 118
262750 119
230974 116
210306 117
216637 116
212526 131
248715 132
236005 110
236138 131
229375 117
239047 130
243695 118
275024 146
268535 130
280205 145
271309 129
264980 130
263548 118
237467 118
204257 127
276877 132
245063 122
224307 114
222262 121
233829 121
221373 114
232028 113
241516 133
200379 107
255030 131
246702 119
248951 143
198368 116
230421 109
233345 124
228696 115
213440 105
229780 112
267935 116
281862 132
290648 133
233457 119
212380 112
283722 128
270652 118
257305 125
269089 130
234274 124
232905 122
244921 135
263902 123
230971 116
208325 129
230122 119
248801 138
273804 142
216013 119
255374 136
238401 122
223200 128
224444 119
252023 106
186214 109
269144 122
228902 118
261335 146
245233 123
234123 124
218560 119
243568 123
244415 116
223874 111
223209 122
233709 129
233171 118
235095 108
220661 112
238334 123
240175 118
264609 144
244930 118
227335 144
226003 107
245574 125
241736 114
230665 116
245309 111
232654 121
250104 125
254724 135
239499 121
242669 116
210177 117
270680 113
213203 115
231273 130
261809 110
238273 117
284365 150
205429 107
288873 149
240834 109
218614 113
251953 130
260519 131
233770 110
233533 116
255907 131
241813 117
253424 118
230970 104
232169 126
259812 121
257270 120
276688 134
247123 122
240147 119
237999 134
238678 109
238952 114
247182 114
214611 112
221827 119
251069 123
246160 117
245007 143
251971 133
234199 120
245467 116
241419 128
215590 117
227736 123
240640 131
235333 112
262745 128
236758 122
239088 119
195758 117
254635 142
211357 118
234576 107
238248 117
264568 134
250467 128
231450 120
260408 132
245294 126
233992 121
212034 109
258636 127
240423 124
252625 119
206720 106
227562 116
228049 113
224875 118
272369 145
219117 116
241435 112
239712 118
233919 117
205175 114
237696 117
253741 117
239294 125
250274 119
205613 113
246779 127
225754 113
227220 128
229751 126
235381 136
215981 114
274085 150
242719 123
279610 129
237977 122
288407 160
254285 118
230794 113
214485 123
230610 128
234490 114
232291 114
260281 110
278359 143
244525 135
240767 113
262112 116
240212 125
248169 146
256347 116
261946 116
242066 117
247339 110
235447 111
226354 118
247234 119
239250 120
240329 120
250005 121
209797 117
240927 122
237064 118
257525 114
264571 120
243781 118
245348 125
273604 125
251576 114
246523 105
219129 107
266324 130
237085 113
246298 115
258901 107
267849 125
239706 131
232522 122
232880 120
251341 138
262520 124
248644 121
257272 126
259967 113
253166 145
225929 110
229852 107
252073 131
246021 110
280777 126
211168 111
269456 127
247782 121
283673 126
242885 136
254601 115
256658 111
210350 108
271779 123
246252 132
242375 123
219597 119
243149 134
258819 125
254534 135
232745 113
254470 116
276239 135
201554 106
238637 122
240161 119
264509 127
273053 155
221428 107
222965 109
253493 140
269579 117
256451 123
262147 143
220695 115
250585 117
258123 127
241043 121
248932 107
244848 130
234983 126
263594 150
239647 137
244665 112
233513 126
242980 120
234885 104
228853 113
255837 128
257041 124
227767 121
270597 145
276698 134
255846 143
274451 130
229594 126
247851 122
213470 107
232554 114
266811 149
221499 121
215980 118
255315 115
258358 117
297875 118
268888 111
272915 126
232857 111
249019 121
252461 135
224816 115
272473 132
257334 121
243754 112
263059 117
283116 144
299787 151
239614 114
254630 107
264808 151
268133 142
256371 120
275322 127
269459 131
257099 115
258583 119
261494 119
266963 133
249687 106
246020 123
276139 128
265691 126
278780 132
263077 113
239832 116
253611 117
269952 141
280085 118
257019 130
254933 120
262921 108
288860 119
273872 111
268658 112
250254 122
282251 122
228946 108
224527 111
225316 111
229486 105
242817 121
255656 118
242179 114
310881 144
312688 136
271150 119
223260 109
229740 123
242626 121
259660 126
232443 114
205523 125
235223 127
261555 117
232690 125
264802 126
240858 121
278010 140
271172 137
258953 128
291818 148
287736 155
238923 126
250729 113
217727 119
217999 122
251923 135
226089 120
231003 127
228298 119
232206 135
226854 135
228123 109
226034 131
233747 110
237917 127
213781 125
245479 132
229332 107
257493 119
217591 109
230610 111
233405 129
265428 135
229341 114
250023 116
207748 110
242174 130
270945 139
249562 121
245429 116
255982 115
273348 132
265379 135
253034 119
259229 110
201566 109
265911 139
245880 119
239736 130
260654 133
219414 108
252216 115
237748 118
196308 106
222074 115
238191 121
216868 122
244741 126
217798 108
231526 136
200288 106
247479 125
201148 116
237337 116
225408 108
264015 166
249785 120
218465 107
243335 113
256237 125
244821 119
242729 119
281652 140
265799 121
252413 131
240580 114
223329 125
220026 110
253491 117
240628 115
252567 122
252633 112
229241 110
223234 115
238071 132
237244 125
265983 140
251876 123
249054 127
246944 151
239315 112
232217 134
254367 132
249757 143
247243 117
237407 136
265690 123
243385 122
266117 129
271405 131
257021 120
240588 123
246645 120
274193 127
273826 134
260630 115
266848 138
228061 107
273531 121
276286 139
210996 131
236224 120
244910 110
216778 123
237288 122
234077 131
229768 114
211883 107
238577 107
256797 128
218479 113
245890 130
247195 122
266630 143
267391 112
244980 146
259482 119
254485 120
238181 122
230223 111
250907 119
237537 136
249778 135
251780 120
259170 127
234768 106
255142 126
269685 121
262784 118
249649 114
266709 110
278498 116
239912 114
247898 142
250387 121
205095 104
265006 140
251585 127
260025 125
226430 117
257350 120
234503 113
235003 120
244806 120
253362 123
236442 122
262000 118
250568 120
248503 135
254378 123
251349 116
240824 108
264247 122
257524 123
259712 118
271580 116
262876 139
250249 114
222673 110
255242 111
237237 121
240101 116
258871 118
223629 117
259936 115
248605 117
261396 117
219220 112
223009 118
302923 150
255670 149
260765 109
246260 122
227176 134
267736 115
272482 125
255876 116
227620 121
254502 140
234385 120
283223 120
248281 136
244078 119
230152 104
249291 134
253518 123
228114 111
249088 142
263502 130
240812 111
267501 116
228690 110
272236 124
279439 124
238903 119
233435 121
254701 127
215837 112
251334 119
255735 129
254600 150
265054 120
216876 112
207741 122
231229 119
240103 125
229927 131
232485 122
258636 123
272450 144
269371 123
224429 118
257231 119
200544 109
237708 131
229673 113
261769 120
218480 113
224621 120
232524 115
211498 127
229103 136
246005 129
238292 122
277663 147
275287 136
260596 118
270096 120
282899 138
223638 118
257010 118
240452 118
290719 128
264815 120
276365 129
223224 109
260956 123
224591 110
229007 117
269250 124
238012 117
268207 117
257767 117
218828 109
261443 131
229836 116
253948 116
221929 114
237865 126
227140 117
256999 129
253931 117
223740 118
257226 138
266578 131
240725 108
204012 112
246836 117
246881 112
238696 113
250161 112
223351 121
253357 119
256313 128
251707 121
250147 118
227453 115
230120 117
213335 117
236865 114
254475 122
254212 133
240945 122
220310 109
232090 136
257598 126
244917 126
248664 131
249996 109
245898 118
252841 129
231298 109
249972 148
263382 130
261441 114
259089 105
223957 125
215607 124
207701 118
244648 129
269019 132
240363 113
256697 117
273516 121
273337 153
264446 128
297776 142
271023 133
269179 135
277470 131
292056 150
274575 128
259274 137
216323 110
223098 110
216900 104
214872 105
263085 135
298600 149
216784 107
236592 112
244542 113
211927 115
229933 114
242451 113
220908 115
243775 114
238498 127
207992 116
214189 113
244503 116
251713 115
175537 123
262521 140
210614 108
244323 124
230996 129
233710 120
238163 116
234878 114
225619 132
243440 123
203390 106
255556 140
253809 123
253289 120
256510 117
267814 127
264340 116
254463 110
253022 120
306939 120
228547 120
287690 117
260374 116
263090 136
256845 114
232302 111
269975 118
246243 105
253564 125
243140 130
230239 122
247352 124
240775 120
226961 109
249492 117
264536 130
257544 125
251051 123
267373 119
291981 125
204774 114
301546 142
279956 114
288776 129
280142 123
278182 117
272733 113
254734 124
276589 117
302320 160
225107 112
231169 109
238143 126
232324 108
245399 113
252412 123
231252 104
280166 110
263712 116
268159 121
269688 108
241632 119
224619 127
255498 117
251272 126
246967 132
262753 118
302613 126
235876 114
238442 123
231760 114
298800 133
250291 113
232188 116
251439 115
246914 121
244789 132
248019 118
258579 120
256162 117
