191490 108
187082 106
187868 107
183525 109
194340 108
187916 107
190909 108
183399 106
186567 107
190809 111
188591 109
191150 105
191917 109
186312 106
194095 109
186701 106
195208 107
186966 106
181621 109
181916 108
179040 106
188543 109
193108 108
192132 108
182154 106
185917 109
178266 106
180136 106
176563 107
187089 107
193944 110
187029 107
188724 104
188293 110
186679 109
179961 104
189623 107
180164 108
183036 106
184076 107
184178 102
183123 109
181514 108
195286 106
181473 108
176235 105
182729 109
180168 106
184252 110
183177 107
177330 106
194638 109
195427 107
194968 109
183105 106
186542 107
194544 110
190904 107
178283 106
185864 106
184888 110
180887 107
179606 107
181070 109
184564 106
191440 109
185758 108
178584 105
185540 107
189768 110
186743 108
183685 107
188290 109
178554 106
179383 108
182700 105
172399 102
190813 109
186972 110
181579 108
183088 107
191297 110
184975 107
182675 108
178675 106
180742 107
185281 106
180181 106
183137 109
182238 108
185459 106
180929 107
178245 107
183693 108
187146 109
189507 108
180954 107
188527 106
188338 109
184105 107
183253 110
180778 107
178858 108
184560 109
182060 107
189527 109
183452 108
177726 106
196249 110
176870 106
180435 107
188184 107
180752 104
181995 106
184051 107
186239 109
184943 109
177532 107
182717 109
177230 106
183262 108
183134 110
185943 108
182975 107
184756 110
184816 108
181593 108
185086 108
184828 107
180018 107
188240 109
192984 107
182119 107
183480 109
177819 106
190903 110
185642 106
179142 106
181176 109
181136 108
187377 107
185127 108
185792 110
180010 108
182595 107
186366 109
183706 107
184606 106
181027 107
182592 108
183066 108
181747 107
180304 109
181745 108
188823 110
183651 106
187184 108
181260 107
184425 110
181468 108
186121 107
181092 106
184016 108
185449 109
182794 107
181112 108
182209 109
186071 106
186594 108
186769 109
179049 103
188066 108
180403 107
179169 107
184738 109
185416 107
187034 106
181205 110
176001 106
185423 110
181023 108
180029 108
186647 108
181740 108
183718 106
185050 109
184688 110
182155 109
178622 107
189230 108
185903 110
181835 110
182653 109
182318 108
183350 109
180693 108
181890 107
183459 107
181837 107
181977 108
190037 107
188043 110
181315 108
174244 104
172018 101
180778 108
181914 107
178138 107
182151 106
184695 109
187138 108
181183 106
183762 105
181854 107
183790 109
180074 108
188453 107
185609 109
182386 107
186635 109
179263 107
185146 109
182369 108
179531 106
182146 108
182182 106
184759 108
181983 110
179073 108
188953 107
183323 109
183362 110
179838 107
185548 107
178047 106
184932 110
183433 109
185597 107
184575 108
188067 108
183187 109
185569 110
187186 107
187187 108
184350 106
184738 110
180448 106
178987 108
180727 108
180511 107
187366 109
185966 109
188495 108
190090 110
177330 105
184550 108
184273 107
182285 107
182435 107
184553 108
186695 109
186917 107
185753 109
179762 107
194209 110
185397 111
182692 108
186500 108
184578 110
185072 109
186356 109
180775 108
184189 108
181956 107
196210 109
180504 106
185067 109
191331 108
185975 107
179232 106
186665 110
181793 108
178385 107
188561 107
184166 107
184886 109
180191 109
184556 111
182633 107
183396 107
188925 110
180394 107
183443 107
194525 113
180046 105
182185 108
180003 106
181595 108
186750 109
188323 108
182845 108
183513 110
184144 108
176573 105
180274 107
183669 109
186202 108
182722 108
191848 112
185014 108
181783 107
186908 109
185436 109
189722 113
189988 108
181191 108
186065 109
178272 106
177469 106
186609 109
184483 108
190293 107
185620 109
187219 107
181783 107
182251 110
183475 110
181421 108
185210 107
181024 107
187588 108
179508 106
183512 107
187818 107
186746 109
181544 108
186361 108
183511 108
175228 102
182532 109
181622 109
185122 108
190554 108
182904 108
183009 110
186661 109
185972 109
179633 107
182804 108
189947 109
180825 110
174684 102
172865 102
185048 110
174024 104
171798 102
182755 106
183747 107
182631 107
186123 109
189944 110
180162 109
184513 108
191362 107
182998 109
182309 109
184483 107
179547 108
180017 104
183662 108
178212 106
179162 108
177453 107
191130 109
186348 106
183422 109
179598 107
180654 108
185752 107
184393 109
185752 108
181867 106
182393 108
185746 109
185856 110
185664 110
186864 110
185207 107
192098 108
188608 107
188907 112
182526 106
182047 109
189718 109
181681 108
187372 109
184323 107
183939 107
187590 107
184999 109
181770 107
183873 110
186573 108
185346 110
186740 108
183756 106
184496 110
188632 109
181332 107
185184 111
188735 107
193413 110
179610 108
183966 108
184436 107
181167 107
187763 110
181909 108
187065 106
189730 110
180728 108
182140 110
186078 109
183727 109
193903 109
182368 107
182063 108
186239 108
182635 109
178335 107
181419 109
189546 108
181345 109
181214 107
188830 108
173777 103
172524 102
176161 102
183537 107
182847 107
183052 108
188321 107
182527 107
186756 107
182493 107
185930 109
185205 108
183965 108
183211 107
172478 102
171282 97
185438 107
180949 106
182398 108
181965 107
182854 107
184764 107
185957 110
178588 109
175721 104
171300 103
173315 110
184960 109
179469 105
182272 107
183633 109
183772 108
189277 110
181079 107
182197 107
191097 107
182574 108
180368 107
186221 107
184262 108
185945 107
195242 109
183172 107
186777 109
181141 109
182187 110
177333 107
187305 109
183941 107
184663 107
180859 108
185944 109
188504 108
184255 109
185148 109
181495 109
184133 107
191599 110
180889 109
183566 109
186016 110
186670 109
181012 107
183920 109
182952 106
