93580
96327
100792
101874
100227
111655
119371
120215
118981
134725
95439
97681
106577
99683
105094
97485
97443
101878
125622
116591
95770
97966
95748
102895
98412
92198
110817
102196
95334
99682
94474
96594
95033
100898
97189
97002
100899
96692
103272
99508
99078
95674
97831
105573
95327
99078
108848
101974
96505
103850
97460
95740
96416
98564
93560
103908
110512
112293
94169
95671
85129
95797
94594
95947
96377
89316
108949
104599
94549
95737
95527
94504
97845
95009
96543
95813
100284
99360
102354
110937
97188
104667
98035
97990
90884
97832
98174
95286
95551
98344
96024
95500
95125
95973
95753
108828
92674
98809
96308
99833
99546
96510
91930
95075
95824
100855
96125
97802
96231
95808
95301
95243
94452
95200
95427
95096
104514
101193
98324
96871
93959
95952
96812
95595
94876
93055
95937
96775
98327
94763
96488
96886
96128
93506
96253
99946
95255
96850
96710
94112
102954
106878
102790
101798
96600
97033
100811
96251
95939
95599
95019
98871
86996
106213
96716
95400
96456
95159
102295
96681
104731
96245
94824
95123
106877
95941
100131
94252
103279
100118
98476
94560
95171
106624
99667
100799
93430
97941
93679
94749
102504
107423
87518
102290
89344
99061
96862
99701
101205
93937
96607
99939
101569
100579
93077
94862
94866
94012
99229
100423
96098
96374
96233
95610
97061
106517
95474
101229
100319
104349
101283
97778
105503
103172
101364
96936
96271
96025
96470
99600
95582
97788
94771
101527
115231
93471
98711
96639
94470
96392
94949
95400
97571
118686
111910
105683
124991
97376
112280
92073
97356
96735
104434
96381
103422
104934
96111
103928
97236
96017
97920
95467
91496
95390
90803
96707
107156
96602
100988
101491
90532
84644
95875
97292
98759
90582
97896
98714
104861
101527
95067
97118
97009
99607
95661
100693
95806
100130
110126
117446
102074
92606
95991
96280
96919
93191
104803
86133
96296
96317
100537
99762
88256
98569
97069
99549
96625
97868
98355
96794
100851
104396
96234
90923
96569
100921
95483
102091
95324
101113
96799
95360
105053
90533
105523
94309
102456
101621
102861
97259
97402
95783
101155
97344
96953
99767
100421
108749
98262
93445
89233
103863
99085
96292
92688
95775
101075
96163
97331
97205
107626
113757
102340
96198
94783
98461
98849
103870
95687
94606
97276
98291
97518
100956
95183
96923
96359
105738
93397
95957
95579
93545
93787
95474
93532
91517
93071
97173
92063
93724
94146
92207
104923
99185
95781
96437
96676
96260
109017
97656
95098
97279
94158
94161
93457
96848
94080
97566
97951
97544
94642
95161
97193
99442
99869
96512
96216
97111
95011
94893
96930
94550
98600
95709
94702
99639
93904
96784
93966
98110
95411
94602
99156
96030
94726
96788
94934
95229
95287
96230
96098
95624
97262
95100
106936
94423
107839
105141
97772
105507
96607
98982
95027
95636
95186
93475
95140
97417
95726
104811
96452
95165
94160
96602
101928
96299
99495
96260
93800
95753
98874
97526
103425
101124
96435
95464
96589
97468
96274
94849
96858
96764
88327
96968
108836
104082
94397
94818
95708
94412
94698
96194
92773
104393
105202
98270
97395
94125
95395
95610
94990
96370
96828
97139
94904
104956
90200
93610
96388
97248
102139
101381
98433
95798
95627
95881
93287
108795
95706
97688
96008
96605
101379
90572
95936
95613
96494
94121
109342
96217
99235
95360
93928
104609
102611
96162
96475
105306
101197
94740
96840
97564
99451
99123
97218
99696
97009
100696
102575
97467
96352
104667
101469
97406
95219
94570
97313
96820
104251
105410
94608
95501
100814
95683
97240
96711
96533
94182
101775
104232
101687
95447
95545
99166
99438
101186
97948
97775
104167
97758
94977
113860
98747
99409
104004
94863
96534
93887
102657
96487
96121
100312
96819
95621
95599
98809
97048
95898
109674
91634
101748
88735
100317
98649
91347
93419
94977
95195
100306
94171
102014
96581
98089
94922
98909
99474
94675
96017
100783
95136
102959
95570
104422
95293
97029
96879
93389
97799
108640
104010
102096
97757
100913
96101
98804
104500
102408
93536
102144
100714
99271
101800
111700
97943
99995
96067
95192
94432
105005
104570
93491
98075
103486
99373
100111
101428
100517
98403
91109
98056
97581
95642
96388
93968
98405
97187
94956
95296
97009
95695
106828
96523
99802
104391
95406
97757
95210
95023
102672
96625
108471
96995
97158
95518
96391
103009
97155
95822
96959
95372
96776
96848
95601
97092
97034
94977
97246
95323
101110
95905
101345
96176
99489
93572
96757
94492
95184
100916
110389
116024
112634
106342
97991
100683
97483
95749
97817
95773
98063
103331
104448
101840
108973
109015
97425
86748
108588
98311
96015
98388
96958
99577
103895
101366
100419
99893
96235
96122
95557
96044
97257
99378
94567
104872
115649
109395
105411
98049
96254
111927
117996
90621
119020
96842
109296
105270
106387
107443
96185
107192
104206
113045
99903
109197
122057
103681
93780
95161
96510
98463
107176
116284
116775
120789
124372
116162
118001
103521
95451
95397
96545
109825
111501
116108
105430
104210
94158
112313
112816
101897
94563
105442
119207
112673
114191
109975
112227
110896
131680
95801
99273
95925
96112
110378
115277
116523
122160
140603
144627
97190
87997
107119
86672
104456
106778
113281
113366
96623
108199
107671
96734
98244
97562
92705
96903
99118
104247
100582
94660
95274
104428
92233
99694
95021
97025
96349
100934
96043
93914
96219
98797
94775
100332
95924
95163
96226
97302
95906
105134
99282
101632
93982
97606
97565
115389
97362
108810
95742
96223
96486
95598
99619
98618
95666
100834
95224
97948
105339
101839
92932
93117
95055
96090
94384
88862
98306
115776
120065
98043
115594
127897
132066
86188
94235
98103
94113
96092
95895
109993
109336
115476
112470
95092
101882
96080
96329
95351
103021
96102
99120
97780
109709
95281
103412
95319
98865
100184
95970
96083
103863
95631
94651
97115
94789
101476
102756
97366
96355
96961
98271
95418
109231
96992
98739
104188
96500
96639
97734
93212
97711
96904
100733
96219
89210
101635
94880
96502
87175
99830
95212
95849
106306
97803
107068
96520
107898
91527
95755
102157
95782
96054
97388
95550
109036
100578
104976
97644
100422
94904
100592
91653
96856
93913
96422
100028
99993
96335
88079
95350
95986
95402
97351
100558
93780
88080
99198
96590
98894
104796
96409
96362
93427
96705
99069
96405
97743
97144
100753
95333
97856
103228
96658
96618
101225
95966
105593
97433
89887
94587
97399
99894
96407
96773
96983
97168
94686
97730
93206
94579
96463
97718
97300
97442
93233
95225
95981
95926
94692
96454
99791
