196453 110
203276 111
215680 116
220532 116
221025 113
223976 113
221794 112
232487 114
228866 113
233767 115
199606 104
191425 104
207147 103
192174 101
197081 102
219124 108
222738 104
223012 104
217327 104
229625 105
183275 100
185687 106
190263 105
210014 105
196007 100
204139 103
207955 103
203491 104
214355 103
214736 104
189013 104
193194 106
177212 106
186573 106
224162 113
192901 106
197383 105
202459 105
204826 105
216609 105
188586 105
181676 107
193450 107
188726 106
190986 104
185323 104
192069 104
195474 104
195621 106
188299 105
179382 103
187813 104
187929 106
192254 106
193827 106
193301 104
209169 105
185896 106
205801 107
225810 103
192999 104
184670 106
188972 105
191700 105
196420 104
189037 104
206301 104
209144 105
194803 105
187463 106
190666 104
201465 103
197789 104
198167 106
178479 100
195567 104
194530 106
203847 104
187482 104
198448 103
175945 104
184967 105
200403 107
193135 106
177006 107
187712 105
188943 109
197208 104
188964 105
195211 113
188026 105
181323 108
196453 105
188191 106
190241 103
197471 107
180886 105
198815 104
197815 103
195855 105
177860 105
186328 105
197998 103
199639 104
191720 106
184012 104
185517 108
184347 106
191619 112
203675 104
188410 104
188255 106
185531 104
183142 104
178107 108
210138 107
183761 100
190780 106
183131 106
187070 106
176203 104
190199 105
190481 104
200386 105
187551 105
188834 104
190185 103
181840 104
199338 107
176730 105
181880 107
174304 105
181289 103
190801 105
195476 104
198651 107
186248 104
189246 106
209855 104
216192 105
186736 105
176284 101
187112 104
189837 105
197769 106
213576 105
181081 105
178948 104
211582 104
218384 107
220644 105
190806 104
181612 106
176498 104
187935 105
176161 104
176719 104
180910 105
177700 104
183930 105
187352 112
186411 104
195902 109
192420 105
189934 99
208082 103
208514 105
190030 103
190630 115
189176 107
191194 104
198351 105
188154 106
182576 105
186749 107
187359 106
191716 106
180646 104
176474 106
188023 104
180384 99
189750 106
188194 99
187075 107
179598 106
174436 107
192777 108
202772 114
187811 104
185427 105
189696 104
189648 104
190454 106
190284 107
187680 104
192386 104
175102 104
181163 103
206104 104
178125 105
182524 104
193853 110
188084 102
189520 106
189671 105
198916 105
201126 102
176829 105
188421 105
181262 104
187814 104
187303 106
189839 100
179702 105
178685 105
180588 104
198124 113
187868 105
176662 108
194950 112
190436 105
179949 103
185803 103
193273 105
178886 104
187803 105
188398 105
179311 104
204941 104
177912 104
212843 105
202118 106
199907 104
180496 106
189733 105
191928 104
188773 100
190237 105
187461 109
180973 103
176231 104
200567 105
195516 104
185428 104
189301 106
190097 112
196161 106
182963 104
186268 106
182616 104
186661 109
188341 103
191395 105
186576 109
178882 105
183599 104
180813 107
177874 105
188041 103
180545 105
199130 107
189040 106
183175 105
202325 106
190185 103
189872 104
210729 111
208940 105
190168 103
201017 104
200102 106
194060 106
186801 105
193724 103
185011 104
183149 105
186050 102
191843 104
194838 106
187791 104
176865 109
188191 106
191604 105
183498 106
185165 104
182957 104
192501 105
198774 101
185450 104
209510 105
199523 106
179794 101
192250 105
185841 107
175811 108
186881 106
193920 109
186203 103
181116 106
185905 105
198821 103
202805 104
197399 104
206168 104
185109 103
192726 104
187979 106
186344 105
190368 103
188760 104
187185 105
180187 102
181068 108
194082 103
190092 106
189156 106
181706 106
190072 102
202589 105
194736 105
184147 104
187533 105
186876 105
180859 108
186821 104
191472 105
176701 101
191770 105
190235 103
194546 103
190902 104
186791 106
184060 102
198206 103
186683 104
177480 107
184200 106
168350 98
186075 109
183830 104
190612 104
183205 101
182638 99
181045 106
178081 105
196711 103
185699 104
177771 106
199391 108
180037 106
182178 106
177659 105
189138 99
181453 108
178136 106
184044 104
177161 102
198955 113
192351 108
187934 105
177002 104
183007 104
183987 103
194865 104
187421 104
174633 104
184907 107
182714 104
191916 107
190218 105
216938 106
194681 104
196606 105
180926 105
189320 105
183740 106
183027 104
187963 104
193066 106
180252 104
188940 104
186534 105
193467 104
197755 105
181108 105
187131 104
180851 106
186369 104
198537 105
177226 105
179044 104
195521 102
199078 103
190141 103
217894 105
218855 105
194406 106
185923 105
193513 107
195546 103
191636 105
185652 105
185276 106
188878 106
186696 105
197480 104
196803 107
181483 107
179549 107
189332 101
195494 105
182833 106
196273 104
177998 106
176918 105
204656 106
185738 105
188997 103
193797 105
193239 104
185020 107
191230 105
194333 105
186233 103
193090 103
207203 106
190514 105
187969 103
178235 103
189814 104
188767 106
185389 106
188812 112
203411 106
177643 104
189549 105
183085 103
189253 104
186072 104
207629 105
183339 104
178525 105
188714 99
187587 110
191923 105
196411 107
186329 108
196888 105
186410 105
190169 105
193548 106
180732 104
190125 106
180465 109
186553 104
207138 105
182320 103
176477 106
182330 105
198813 110
180502 106
186446 105
175071 101
181032 104
181627 97
177004 100
194292 104
201827 105
180088 104
184949 108
187850 104
177526 106
185449 106
191066 104
208737 102
205405 99
184310 103
188706 104
180927 106
173785 101
195276 106
194222 104
193513 106
192128 115
194331 104
216012 103
196197 107
200426 101
175587 104
187262 104
180540 104
199043 106
189657 104
185100 103
181538 105
198093 106
188811 105
196917 105
213964 103
200633 104
198450 105
198011 107
194390 107
175815 100
196605 107
184205 101
193590 105
197725 98
211734 106
185005 104
195202 105
186225 106
184229 100
201944 104
182962 104
177496 105
178509 104
189668 105
200443 106
194259 111
184837 106
177586 104
179109 102
180062 108
188787 105
189104 105
180085 103
178604 105
195855 105
184144 103
199805 105
189420 106
181427 105
183779 104
190143 107
180154 107
170330 105
179452 104
191421 104
183469 104
193153 107
183589 104
199792 105
201943 107
205981 105
177777 103
173191 105
182804 105
183247 109
182805 103
186451 107
192078 104
191243 104
184359 108
182977 106
185911 104
199051 109
186053 105
182766 106
199383 108
198216 105
189665 106
192970 104
190050 106
186633 104
186457 104
182510 100
187286 103
177649 104
171990 105
184981 113
194250 107
179521 106
176325 104
175222 106
191733 105
186208 104
191124 103
191072 105
190418 109
186253 105
173818 104
178441 106
186413 105
194337 102
191020 104
193367 104
177794 103
179674 103
181491 104
202845 109
176732 104
190766 107
173193 105
183360 105
179101 104
188100 109
179035 104
189943 104
179095 107
184644 106
181909 106
197721 101
177545 104
185850 104
187481 102
181813 106
183036 104
180206 105
187940 104
182952 105
177882 106
179649 104
197363 104
207929 124
191542 108
178348 108
201485 105
195382 105
181004 105
200920 124
189434 103
188685 107
187813 105
177500 102
179249 99
196687 104
192168 106
199374 104
187083 105
181749 104
188460 106
177031 104
180047 105
190026 104
181458 105
178244 106
186019 104
192037 105
182497 103
191311 106
200879 106
186739 104
194899 106
179693 106
177724 106
189586 106
193721 107
185616 104
181004 104
198133 107
195761 105
185895 106
178354 105
182851 106
186195 113
186416 105
182368 106
184810 104
181814 104
182438 105
180165 104
189989 104
192598 107
190989 104
180407 104
191426 105
187869 105
185355 103
185809 104
178813 102
190855 114
180142 105
184585 103
181248 106
174381 106
189875 104
182749 105
185662 107
178959 107
178788 107
176073 104
187131 109
183562 105
190057 105
185260 106
190747 104
198169 115
193099 104
179941 103
181023 103
178986 108
183777 106
176457 105
192484 106
189326 109
180883 104
188549 105
188796 105
189617 105
191354 99
196409 106
195916 105
186174 104
191310 105
197365 107
180267 105
176868 105
189023 105
178381 105
184415 104
182373 105
181194 104
179003 105
188111 104
184557 101
189658 106
186245 105
174370 103
190128 103
195892 103
208966 105
188146 107
196029 106
180461 102
187861 105
186987 106
179976 105
191657 105
188774 106
172056 104
183601 105
181755 104
179418 103
177676 102
187589 107
176751 104
192131 104
181506 106
185528 104
189964 106
189749 104
194108 105
188400 105
188823 102
176235 106
187652 101
188443 107
206194 105
182460 104
190045 104
201955 116
174722 103
191792 105
183813 104
186672 104
179752 105
190699 111
177676 106
180373 105
180349 105
176275 104
182448 104
182853 105
186875 105
195929 104
177270 104
184672 103
182663 104
199865 111
180044 106
208146 106
173459 105
176623 101
188702 106
189644 106
182223 105
183127 106
185788 104
206691 104
176552 105
188130 104
194311 104
190319 106
181330 100
179423 104
203016 105
185686 107
187008 105
193180 104
176446 101
191985 106
191069 105
183941 99
201825 109
205499 98
189018 102
184268 105
184752 106
184063 103
192040 106
188512 103
182214 106
187794 105
190217 107
192431 106
184494 103
196618 106
175577 102
179071 105
180847 107
188535 111
192700 104
177793 105
187168 105
176825 104
190651 108
179459 105
185897 106
182831 105
191456 106
187716 107
179261 105
203246 106
188964 106
185254 106
187689 104
200360 115
182908 110
175824 106
186351 103
180975 106
178403 99
197766 106
180761 106
183815 107
177178 99
184831 108
182972 105
175197 104
176396 96
183798 107
177452 106
181396 104
176044 111
189300 116
194647 104
189455 104
182148 106
178406 104
181736 102
184868 107
187926 106
184390 105
180012 105
187594 108
190759 106
194586 106
195967 105
197948 106
185112 104
177835 104
176935 104
178889 108
181276 105
186118 105
177127 104
190553 105
181582 102
199119 106
195852 103
188736 105
193037 105
185296 105
178777 106
182071 108
168867 105
191942 104
188002 106
197420 105
177249 105
185668 106
181543 105
192306 105
196047 106
188345 106
193287 106
178804 104
188906 102
197739 104
195702 106
193179 106
186229 104
183806 105
182054 105
189306 106
185477 105
189362 105
205388 104
171528 101
191698 104
187760 104
186838 106
177897 104
179385 105
176705 104
189018 106
193976 106
184144 105
187052 103
204284 102
182469 107
198847 105
197782 114
192159 105
185425 106
175545 105
190192 106
175735 105
210586 106
181872 104
200316 106
176496 104
188988 101
189570 104
191888 104
188370 106
188975 102
171867 103
195534 106
201435 113
185333 105
198034 106
201493 106
187196 107
192240 105
189606 104
192456 108
193261 104
193441 104
202163 105
175043 104
185763 103
186856 105
177849 103
178018 104
193167 105
177220 105
187509 103
187679 104
179647 105
181816 103
181623 103
184586 104
191096 107
209448 106
188176 109
183526 105
187776 105
192531 104
181371 103
191849 104
196220 105
226771 116
188426 104
188769 106
182877 104
183511 104
181905 100
191709 105
185643 106
180933 107
182806 103
201629 103
187817 104
206811 113
190839 107
192555 105
189471 104
194958 106
183863 105
200308 104
175834 100
193292 104
176748 105
199357 105
184505 106
190217 105
180277 101
188660 105
195259 112
177020 104
197631 104
179769 106
221980 104
194619 105
180446 105
181460 106
190908 106
185911 104
