210180 109
216436 116
212278 109
214079 114
221110 114
223760 108
240344 119
242468 112
230390 105
228095 114
236626 114
239500 111
250385 124
238976 108
228493 108
228178 107
248524 123
250561 116
253008 120
245230 114
233164 104
249186 115
242559 108
212343 104
251929 139
223278 108
226311 101
234624 105
263276 125
248836 112
237472 107
225599 121
244375 109
260030 120
241002 105
233339 107
255506 122
244315 122
236923 109
245315 110
211027 110
233213 112
205263 104
217928 106
243845 113
239072 131
247629 125
216104 105
255483 137
215332 104
215963 113
224943 112
228700 115
221851 109
221964 111
209718 113
220372 113
219006 112
229853 113
238431 115
227228 103
212751 100
212271 107
215689 100
230866 111
236119 134
231901 105
229193 114
229109 103
233608 109
216013 112
235173 110
205976 108
242264 130
240291 131
212582 105
238285 108
212966 107
246589 113
239049 105
204016 112
229624 146
211320 113
209520 105
201630 108
214410 104
228291 111
224170 109
218645 105
216991 112
239093 124
215727 111
214281 102
215159 106
224673 103
240294 130
239946 113
251525 130
237904 120
224222 99
244779 133
223440 104
255430 126
245608 124
230343 111
239365 108
254648 117
225805 107
217149 102
251117 130
220785 103
222402 106
228501 111
247809 111
247117 118
229974 110
230901 111
237031 109
234889 112
235648 111
208806 112
215219 128
220188 117
198973 102
194951 98
222531 110
226366 107
234582 107
231016 109
241794 109
237097 109
242544 104
240024 100
241590 113
227963 105
255978 116
239522 120
227370 108
245355 115
261371 122
223387 102
249225 104
234386 103
226662 111
229842 103
238216 102
269191 134
240101 98
237809 106
257201 108
240561 112
256981 107
238883 103
232854 105
251615 108
231196 109
219949 110
230485 110
216341 106
228758 121
191258 112
177856 114
196842 112
200079 114
196170 117
177513 108
210528 109
209996 108
238021 127
225256 106
205539 117
224846 105
237369 128
217869 107
262005 139
235660 109
206726 109
239045 111
235848 105
255718 127
258291 130
234312 113
219453 107
225386 102
226411 105
228317 111
212652 104
261048 149
219411 106
215463 104
222072 106
219938 103
228219 104
226911 109
221115 106
227323 113
228395 109
245084 107
237910 107
226667 111
182447 102
190193 114
203978 106
191093 114
218697 105
194177 112
214180 109
190999 109
194102 110
205834 103
216857 116
200513 101
201505 104
218453 102
220790 109
242448 121
233072 114
228189 107
239833 113
247961 117
224262 103
214868 110
230215 108
241108 107
208154 107
210740 103
241060 114
220001 113
237206 111
230384 111
226214 108
226872 103
241414 113
238976 118
240337 105
251942 107
250828 114
203720 105
188590 104
242282 120
239696 107
206068 114
247883 113
212238 106
190309 110
218230 104
178731 109
189798 116
198378 112
193903 115
217526 119
201629 103
215967 108
230579 112
213764 110
230113 110
238443 118
230885 108
233968 106
227729 106
215368 103
240369 120
223425 110
229558 125
241820 114
229645 107
224455 101
230739 128
229836 109
233551 117
208714 106
231695 107
240604 122
236728 119
239018 119
234744 118
194735 103
205179 107
236779 103
239921 103
230525 113
195431 108
233467 105
239235 108
228962 104
242914 108
190456 109
206059 115
185186 108
196866 113
200148 114
187926 113
214782 124
203273 108
208181 106
232830 130
200223 108
215733 107
221290 108
217780 104
224378 110
217611 102
239527 110
234920 116
234915 107
229342 108
233879 111
260338 139
231817 106
230501 105
245267 120
221193 105
241638 116
204386 101
216504 106
242951 130
239104 111
219386 112
225306 111
246494 113
247176 111
244495 106
229252 112
183734 102
241876 120
187648 106
242966 125
192716 104
248660 138
189024 110
223077 146
207251 114
201021 117
190414 115
195297 108
210439 102
226337 116
239358 114
244541 118
219147 112
223731 107
209464 113
223730 117
213550 106
235737 125
210229 106
232473 111
213544 106
218018 106
232738 115
240177 131
226593 110
234694 121
219854 114
229329 106
239483 116
237261 109
223445 106
215364 100
272368 144
225740 106
206932 111
248679 114
209073 103
205135 109
225198 111
248010 128
221647 106
219567 107
205186 107
179267 111
200403 109
248967 118
195873 109
194920 113
181462 114
204786 112
215426 103
241476 135
215982 108
228862 117
214790 122
192351 99
210694 113
220210 116
221088 106
228050 116
214519 105
226875 111
210178 104
204764 114
225675 107
234194 108
230313 114
226961 111
224978 106
232803 120
255227 129
232545 111
224938 105
235290 104
236906 111
243164 110
225461 102
215750 106
197748 100
230627 103
194100 108
232335 112
195622 106
232468 100
236470 99
213870 111
173389 108
188776 107
223572 105
188265 109
195451 120
222349 109
236407 123
233328 106
215104 108
272743 128
206944 104
263252 131
221060 103
262247 112
219824 110
221507 107
244775 116
214339 106
216207 104
232781 112
208926 103
220552 105
234730 122
243961 121
234770 106
236403 110
235748 114
241687 117
232560 117
215205 108
248429 110
275126 144
219499 112
215117 101
224266 114
217564 107
231737 117
229778 107
201805 106
230418 111
198781 107
203303 109
208645 107
181277 113
186005 109
186315 112
217919 113
203566 113
195239 108
199462 106
209916 111
226667 112
234178 114
232773 110
229063 109
212920 113
213260 107
241953 125
222023 101
226690 109
240037 109
218235 108
232412 115
205904 107
205506 100
234154 110
242927 104
238415 122
233663 114
250497 113
200713 108
225046 109
236782 110
193221 111
224445 109
234401 109
222547 99
255153 121
219461 109
228039 110
246167 112
209612 112
211520 114
185901 110
202594 106
193538 113
198629 116
194704 115
200513 114
191922 109
221361 111
222382 107
223293 107
223013 101
226983 130
232195 136
209814 110
220882 112
222468 118
228877 135
216022 107
228202 116
221842 111
232007 110
244452 118
225407 111
248474 130
226189 105
254755 139
200726 106
217250 105
228584 108
221032 112
277777 142
234322 109
241615 118
247143 107
217479 113
244255 106
242606 108
225335 107
206704 108
205995 104
247927 109
260903 112
207870 138
180359 109
185193 115
192481 112
191833 114
192819 118
199389 107
203855 107
222523 101
240116 126
223478 106
221999 109
234301 114
226031 114
234057 115
232612 105
231663 110
262649 129
261628 120
242968 106
226819 106
246488 112
241814 111
241205 107
250648 106
244608 112
231308 103
227441 106
230580 107
225426 106
257769 103
229697 112
237954 112
246402 115
224775 102
243309 122
232235 105
234837 112
240195 104
194310 103
232591 103
198282 113
187445 99
179538 102
213730 107
208909 112
192217 113
186756 114
209389 112
215640 111
205299 102
221633 113
218843 107
234552 125
219970 105
225509 108
203910 105
228639 117
255029 126
207473 97
232131 116
228911 111
227201 103
210169 106
224978 102
238335 111
237346 106
244190 120
224400 107
234833 107
230390 109
215107 105
229108 105
241986 107
238150 102
244239 115
235264 107
237267 114
222246 108
208691 105
187480 107
243198 112
203574 111
223935 103
249657 122
249606 112
182600 112
200291 114
189939 110
202885 117
211211 116
218999 111
227496 114
231129 110
241037 117
234836 123
215639 105
211119 105
216287 107
215860 113
212661 113
206841 113
214214 100
221420 116
217877 107
214798 105
209888 108
188201 101
258891 119
242634 111
242033 113
204193 109
232740 99
231212 108
205778 107
253413 113
257048 112
212721 100
239327 105
237762 107
271126 140
253377 124
250997 108
263408 105
245249 107
264539 113
203074 110
205870 104
174756 110
192863 113
195606 117
179622 112
211591 115
196404 111
231073 111
208214 105
238605 115
265317 139
231494 104
228903 105
221587 113
199683 98
225438 108
228215 119
222707 103
237864 108
192890 111
245985 116
239276 114
205749 109
194354 106
215237 111
204365 110
216140 108
226570 107
228144 121
204450 107
246018 107
223529 104
221384 116
208870 114
232667 116
233146 100
235324 115
236123 129
252745 107
215116 115
246548 123
259505 108
168822 109
196952 103
211608 129
224749 121
216136 114
214295 108
237718 144
210496 107
201117 99
228156 111
211347 101
219549 111
219857 104
237069 120
231860 114
244868 117
244568 119
226848 111
238656 111
247642 113
222465 110
243844 110
229605 107
217634 104
208093 103
210725 111
217585 109
219511 115
212636 100
252377 135
223357 102
198882 107
218734 107
212544 100
225571 107
215472 103
208795 110
205895 103
224648 110
222355 112
188783 100
209792 122
232676 118
201433 124
212834 113
215149 113
198663 99
247569 127
224178 106
219705 119
219304 117
228160 116
255676 128
220105 112
220906 104
218129 100
237656 117
223794 108
231471 122
204344 108
221131 114
213395 104
217131 101
221283 111
224522 110
224310 107
213565 102
214241 111
218357 103
217425 108
231194 110
206520 107
224907 102
214406 106
229405 113
203931 107
208881 105
230831 109
256460 132
208786 119
235344 114
190031 105
197032 113
178878 114
188549 113
192264 119
221217 117
202811 105
214508 112
217999 126
230432 114
229294 108
220905 108
233096 112
205611 105
220148 106
223856 110
226677 111
222949 112
233138 137
212272 104
223720 110
211460 107
217596 113
236118 121
206946 101
237721 111
253485 128
257386 126
242218 112
241849 108
250426 115
214962 104
237554 113
227478 106
215916 105
233287 127
221512 100
238487 109
233855 101
217524 118
229143 118
174368 100
204771 105
193759 112
185836 109
199369 109
194599 116
218618 116
215771 107
215638 107
219647 102
209824 105
205147 107
234112 110
242060 111
236441 110
224971 116
238788 117
243079 124
245738 108
231951 103
240789 114
235178 137
209144 105
231152 108
226517 103
231460 115
232185 102
228747 110
230881 112
242244 110
236138 114
228111 112
229065 114
265857 139
224721 104
243831 112
223888 107
244755 111
241727 114
223227 111
238313 108
243011 106
196200 99
202406 100
182003 110
190910 113
200222 115
200148 121
220472 117
212792 113
229574 112
196956 105
217027 121
214187 106
222944 108
229345 116
225608 111
210802 106
226804 124
243044 115
227265 110
234821 109
191098 107
233146 110
240211 134
230159 118
221346 105
222183 112
228875 106
233455 105
235291 104
228344 109
239869 108
248159 117
227067 102
245963 110
248367 113
245671 116
251579 113
210045 99
242155 120
246016 106
187804 104
245503 103
199688 109
194317 107
191044 116
203186 120
200939 109
206384 111
216892 111
215670 111
193477 105
214945 105
217028 110
235231 115
218351 99
225828 105
216417 115
204092 108
239162 119
232969 115
235841 115
248428 113
260540 108
235106 118
213232 105
205282 103
215629 105
224997 116
223644 108
220330 106
272932 141
232651 105
211700 103
230612 110
228667 122
230323 124
230688 107
200654 113
243267 114
248573 115
261708 137
247280 107
238783 104
248160 116
202770 121
186454 105
186703 111
193992 118
211672 115
224434 111
199586 116
206787 110
200563 120
219517 117
221285 113
200258 112
244423 134
224139 105
263777 143
249023 121
224116 109
224103 115
238359 114
221595 111
252330 128
244199 118
216441 106
231153 120
231419 119
223322 109
216816 110
230126 110
212396 115
214053 104
219529 110
217761 111
217167 110
203165 115
210335 105
205906 109
205898 107
206912 111
227695 115
217029 107
188935 108
193809 111
192091 112
177339 107
198673 107
