104354
109635
109572
102930
122604
120719
121426
115917
127180
102714
124837
119172
129541
116159
120214
129277
117846
100616
133024
124711
120382
119611
132310
111121
100138
133935
145149
148962
134611
135145
147609
133558
143068
135162
141457
107029
157196
133276
140211
148055
118961
125917
129199
128329
111735
129665
122646
120169
142284
137870
89691
99103
98086
102163
119145
120429
120489
115555
125800
130522
119758
120897
130925
125327
127361
135686
136900
137947
131282
135481
130114
133940
138536
128657
113589
125592
116914
152976
124071
91238
115614
122639
118885
117632
119912
114325
119612
120398
121287
130996
116561
124072
121673
113138
119557
114148
107483
128233
119609
108949
130753
147478
140820
99583
127619
89203
95160
112925
122138
125506
109319
110692
126362
125320
119668
120340
125761
126616
125958
131999
142572
90824
142097
93213
93315
129812
130468
137331
100423
142672
132928
137761
103766
130413
107680
127858
138203
128175
107133
121234
122098
124661
120160
119025
127135
130510
121929
135866
105123
121323
116605
125693
119617
138917
126681
107025
117563
104051
103783
100816
115865
115493
134122
109529
129877
117898
119408
121624
134342
135218
130075
148194
142880
131105
146724
129944
125485
146887
124041
132712
130395
156238
132565
123301
134822
126068
128037
112962
111756
128651
124240
109007
125317
117104
131559
132859
119779
128242
147632
129861
100216
132480
129989
126310
116914
123286
134839
117585
93725
118218
143957
104383
105628
111087
114275
112283
95212
100526
106706
106636
134767
134471
111510
113661
128262
123618
132666
128117
131265
113203
135878
133899
115926
139217
141149
131809
140080
135372
139447
142796
142340
129993
143706
129802
147038
145228
150435
134938
136577
140196
132607
148793
130838
139464
133091
150515
136871
144389
128276
146441
139758
158960
157437
116952
127879
148446
117436
132767
122455
120697
136196
133062
134768
119333
117734
124068
102983
122401
148611
132236
119978
140103
147046
152266
129129
125577
155115
162973
134984
131223
139150
138643
124344
151680
152003
133269
157133
120846
157425
160195
137827
141941
158711
131635
125331
126181
131797
140692
144547
153450
145976
163302
125334
151048
148924
123663
167536
147258
152839
149139
129384
170075
124881
129467
114826
121717
135622
132537
130383
143456
128356
116511
110124
105509
111661
114022
122086
116235
134950
133538
146345
135415
112217
144688
126208
130879
123355
141605
127902
127726
126440
128626
127313
125238
128916
130548
116577
115821
128179
123100
118653
123367
121254
125203
118221
141387
122131
129600
139870
135356
132238
132930
102072
125616
130417
145675
127341
140956
119774
136840
113147
128695
133505
127089
110610
142550
129432
114367
95155
98091
84959
105315
111478
112703
94144
126984
111363
96300
108770
108021
105754
112409
116511
108866
113847
124692
125159
112801
90232
111055
120574
120132
113440
100820
118930
133256
134057
138766
133651
112953
138683
121324
141241
149359
150934
129901
144465
140223
133838
128718
137865
137933
110133
125715
144528
149092
133801
128773
117382
127775
137775
132769
142758
125033
129475
128150
146492
102580
113852
116079
137266
113815
141388
122867
110178
111114
104886
124406
101884
130787
128772
129003
90813
106202
116018
123116
105663
108927
123828
108752
117084
111815
113840
126914
121495
104356
122860
120311
113557
130708
143683
149070
129608
134589
130735
129846
144658
149303
107262
134805
111241
124308
133663
116531
141306
127308
129968
134313
139820
139444
124472
114068
148224
125610
126929
130118
136096
141293
145334
133022
140554
144019
133108
102607
122024
125419
110418
93761
146930
156707
139549
116968
126576
94852
148395
148879
138282
137662
94207
111128
94808
116008
112440
140153
121853
145382
116482
98217
119500
143630
89076
118792
115932
132600
134154
113867
124345
119653
123090
119666
135575
129553
115028
113218
148362
117606
152788
149555
136693
146339
151371
146066
143289
135816
130885
142486
137205
141690
141067
152297
137152
145365
116068
93619
120362
129871
128930
111643
127298
129945
132738
125872
118721
119212
97820
117718
120223
104609
125154
128082
133559
133643
129459
131942
140523
139490
124013
140806
119779
117806
112674
118647
125261
122926
109581
110159
115764
106437
121989
106689
138802
140726
152203
121557
120066
126124
125451
122606
105135
126942
130043
122571
99760
124364
127707
137879
134143
120812
132678
115332
113971
110245
125845
121164
149803
139346
117962
129320
107729
126438
131288
134634
114754
118422
131128
136961
103515
137245
134205
140241
117918
138216
124428
132039
119585
119761
123284
117828
104044
115609
98980
105714
106983
100253
109292
99580
113218
130219
129999
117778
106840
130665
126536
126546
121267
98063
111347
127026
111693
101106
126198
115114
125835
120869
114183
118712
99948
123938
106552
102771
104874
148498
120657
121480
108168
122780
128336
123626
129813
102980
140230
107794
108224
122131
101979
116177
116849
142883
100922
114686
103454
113821
121315
129496
102441
91200
128944
124362
105915
121894
113847
117211
99733
115652
107840
120383
113023
116654
109611
150962
133794
129244
151368
139624
133030
121372
120775
123456
125940
122833
115765
121595
109276
125624
131312
143674
128966
128756
146200
122751
124393
125541
131099
134781
143408
139160
118386
127856
133074
137543
133255
138999
135564
103276
140917
139118
138868
118806
113674
126732
115261
122621
146895
118228
121275
125845
129802
104086
148605
150044
136751
87956
126927
159629
167735
139547
131699
136530
127900
138207
115175
148692
127211
130487
112882
112268
120112
146296
117170
98473
128135
121439
124970
128108
132163
148355
145692
145336
147124
128390
148409
132884
129854
128744
136253
134227
154518
140474
141219
140090
153585
142352
141534
157459
170955
156119
155265
149381
156970
144875
141739
158831
125502
133256
145141
140405
127041
119897
113419
119414
125950
117126
123241
120545
128727
120290
121881
132113
133791
117423
95109
99588
134399
98491
101383
101669
112579
113419
117409
110916
122273
119869
123051
126683
117878
132878
135330
120227
139199
94624
119075
103472
135147
137437
138493
109821
138413
136905
141873
136871
136298
141569
117614
113650
115030
117155
119352
116978
113154
116115
122766
123697
132997
109402
127714
134825
125104
118993
144197
120358
124579
108443
103556
148320
138933
132151
139093
129566
128222
127933
143532
121231
121308
128244
112480
128657
145191
89203
138973
116918
93425
146152
112315
132431
106595
98826
107738
115947
119495
117970
116059
125227
114110
133054
128063
123088
134940
135386
139504
136116
132594
115208
139803
133958
130198
123512
86298
127353
125575
126843
128661
132044
145655
147417
117426
106236
120237
108968
117399
120481
112999
102109
119795
120285
91770
131662
126431
129866
121513
89296
140194
120075
95471
97194
108674
105983
104992
105120
97053
100251
112440
106173
106827
121708
120822
87665
121270
108224
94405
139389
113917
114327
113953
93116
96889
99688
98482
102793
109879
113245
