182899 117
193029 112
186063 114
192588 109
196070 110
196309 109
196662 114
177778 110
211337 112
208991 113
203779 110
212895 112
212369 111
208926 113
210727 112
206153 109
212235 111
207284 107
222483 113
221794 113
180647 102
202555 127
223677 115
230147 120
228232 111
205423 123
234124 130
218053 104
208822 109
222082 124
204116 101
234558 109
246061 120
238984 118
218901 112
184609 110
209950 113
238476 112
253116 134
221456 114
231433 105
216430 107
189004 111
196100 103
195215 113
200426 119
192640 126
215620 121
223397 118
233029 129
191518 111
202590 112
204711 115
186837 111
226270 132
212139 115
214089 117
207980 120
217649 115
199740 116
212861 115
220332 112
226722 109
227571 114
231861 125
221644 106
220683 118
234585 123
229463 109
207218 107
211646 105
199365 107
202590 108
234953 128
199100 111
213598 111
210092 107
206675 118
211858 107
222799 117
235418 125
230277 123
220751 106
177716 115
233816 125
226758 125
228953 104
220139 115
232056 103
225250 109
197565 116
207540 118
192862 126
233834 103
208525 114
207288 119
209171 110
209523 118
193678 118
225246 128
166677 111
159417 108
168639 114
169520 111
166191 114
186729 114
154900 108
191264 115
173100 112
195621 114
205980 118
215017 118
183424 107
178170 106
204752 115
210104 118
197180 115
215666 121
202729 110
173137 111
209612 108
198157 109
177470 109
217652 127
205439 120
207696 116
216507 126
207089 110
178249 106
176312 118
190008 117
201912 121
194584 108
193700 110
231854 148
193304 119
249320 153
216413 116
214913 122
210284 118
212930 114
196446 108
217042 123
203182 124
167835 103
205779 111
214693 115
213428 122
203080 109
189975 106
163294 123
175984 113
172867 119
181820 106
152247 109
179448 112
168506 115
207989 125
205880 118
208487 120
214872 124
202723 109
208620 116
185282 114
192063 110
220242 125
195851 112
198275 107
216810 121
205958 118
213023 110
210116 112
212272 107
200919 102
236012 127
231179 122
228075 111
221537 108
226991 111
197248 116
242919 137
211871 112
230357 114
227793 108
214120 111
219425 112
207079 116
222558 116
220821 132
211766 113
206954 109
212272 116
188540 110
207838 110
188798 107
192796 105
213373 113
211638 106
202476 116
217365 108
192998 109
189039 107
175429 102
193975 113
194138 111
193132 123
183821 119
170931 120
190997 109
193678 116
191471 115
164464 111
186339 116
235804 140
224480 119
218619 118
216233 115
215848 111
198701 112
187424 107
201431 118
181972 111
203522 121
214055 115
202233 110
210912 130
235870 123
184216 108
225624 112
199861 108
201293 108
212669 113
214935 121
217615 106
204530 120
231884 113
216235 110
209959 119
206255 123
209582 115
194089 113
186456 109
207459 106
220268 125
221555 119
231606 108
206713 112
179121 108
211134 117
223200 123
195998 111
236508 128
235362 113
194892 125
236544 142
225670 107
223517 117
193689 101
197419 119
207111 122
208047 111
170247 116
210479 110
166100 109
168409 111
170156 111
152184 112
188652 112
199380 116
205220 113
192456 117
232379 134
236645 125
199878 111
210006 116
213268 115
205047 123
235658 132
209486 112
173897 103
218782 120
225203 117
185169 106
225238 113
218933 116
229904 111
221970 113
218947 109
233889 117
230568 119
222584 123
230885 115
222931 112
203207 111
198921 108
206982 111
205019 109
199849 102
204403 118
234225 126
216835 109
208649 119
200529 114
208059 107
170866 101
202531 110
230278 114
223063 110
186246 109
237883 144
196006 115
201321 109
194673 99
178779 116
178964 105
193961 107
212191 110
192847 120
190120 127
180947 109
229592 121
197807 112
219511 112
214034 134
182761 111
188648 111
233886 116
175983 123
227469 116
209361 109
240224 117
220050 111
230353 127
210430 116
225385 111
223806 109
248853 121
217877 121
241376 124
223742 120
217896 109
228076 122
196221 116
221061 106
218476 112
218893 111
219306 114
244751 127
222061 123
224585 113
226896 107
198907 103
222065 121
189589 116
220440 111
175593 104
198683 115
181011 106
229862 111
200174 110
200616 108
216348 106
182606 114
162119 114
201452 115
246432 135
194348 105
211917 104
202372 108
173056 107
200732 107
223854 116
190229 116
156719 114
206272 141
198033 116
175990 110
184673 107
190142 112
186905 110
205634 123
205975 124
212805 120
213207 128
209548 108
195787 110
210748 111
209598 115
225058 123
211952 113
182175 115
224018 119
179687 101
226162 124
184050 111
214967 112
224734 124
192555 110
193345 111
184040 109
169170 111
194323 111
202864 110
194522 112
201688 110
215379 125
207775 132
181674 122
221330 115
222430 119
223589 107
210517 106
215593 110
228928 117
181370 107
186022 115
251530 150
193777 115
194090 119
173997 107
200740 123
202190 118
181292 111
199856 113
166849 109
200931 102
171883 111
178651 104
175035 109
211030 115
184663 113
182239 108
194517 106
202165 115
199480 111
202616 106
222520 110
230765 117
215544 108
218760 117
232129 120
236723 137
204228 113
222536 110
240298 115
227762 117
212876 113
229370 135
211185 116
210864 109
223001 117
210234 107
216940 119
228659 122
195664 110
195036 105
236265 141
201357 121
196289 109
190178 116
199351 113
196658 112
186113 114
190987 120
195248 126
197687 104
241149 129
190905 119
187724 112
175772 118
203816 106
210495 116
188824 102
184455 101
167005 110
201410 111
232960 143
183322 121
191710 121
168613 113
172687 111
173617 118
187154 137
174340 111
180032 109
174904 110
201672 112
207334 110
211805 118
205341 114
208021 109
208924 111
210032 115
207996 115
229417 126
225520 114
249925 149
221987 115
216561 110
198466 115
226169 113
233831 125
210259 108
220000 117
244634 128
237193 127
236339 112
215328 108
250462 154
249857 143
212176 108
208315 104
227525 106
224462 127
235767 118
220666 119
195753 110
217023 117
224596 112
229440 141
237934 121
196742 105
200862 112
225034 120
196133 111
227092 124
250281 151
187749 116
166227 106
224810 114
183547 119
188693 121
228711 113
194123 108
219021 109
173277 115
190024 112
184471 123
182587 111
183540 116
218071 117
164649 114
163609 109
194426 115
205576 117
194213 108
213488 122
214771 113
223043 124
244577 144
216909 118
220277 113
209339 114
200892 109
206890 114
211535 115
211521 112
207168 115
196845 110
205679 103
204555 119
210619 113
199313 116
200653 120
216237 113
217699 115
204267 118
204044 108
226802 120
225450 122
221586 117
217455 119
219747 112
197176 109
190055 105
223915 113
238739 127
244661 131
246197 123
217749 120
214058 106
228725 130
228316 101
180831 115
241831 119
231096 118
181844 111
197384 119
207960 112
198836 113
214781 109
218206 121
214268 129
203844 111
184047 104
182679 113
199173 111
191658 125
213480 113
192204 120
216370 114
219694 110
213905 112
195746 114
197433 122
209428 109
221706 125
167263 104
194293 108
166924 101
189281 114
201408 113
197163 121
198791 118
202483 115
202097 116
207025 114
221651 126
158516 105
224977 114
213986 109
225264 113
224615 109
221153 116
204476 115
172377 114
184476 112
222333 112
177261 111
183392 119
197365 120
191962 112
195930 122
198725 125
204113 113
189889 110
173251 111
186725 114
173491 104
176228 119
222552 144
183347 112
187865 118
190965 111
181076 112
172783 108
174488 113
174448 110
176490 110
190781 118
192423 107
192280 112
182577 107
245250 141
233811 114
177798 108
232955 112
219176 126
236312 106
240975 143
180952 109
234396 116
184591 109
214537 127
204144 118
239337 114
191473 105
177131 102
205926 123
210041 104
214975 113
214808 116
202428 107
188125 119
212130 126
210189 119
222477 124
213521 117
246150 148
187825 104
176441 110
194404 114
174007 104
186192 110
190517 117
206173 115
224681 134
201797 110
173428 117
212309 113
199084 109
216457 120
229723 126
245922 141
157507 102
177569 102
175257 105
198871 140
205016 118
180255 110
196147 110
213942 112
178724 121
217278 116
185393 108
189650 110
188845 107
208407 119
209382 108
220659 115
214139 112
233525 125
215280 120
220824 109
222054 112
180944 107
239953 112
172087 104
242974 138
203540 109
186535 104
202477 126
209542 110
204503 107
248469 132
185775 103
204066 112
211814 116
185217 118
209989 113
198905 100
211790 102
224007 119
238048 122
189518 121
187286 121
184680 110
215000 114
187252 112
194846 116
185918 113
212771 140
185367 113
222848 149
211704 119
234301 140
218429 118
211887 109
217908 117
232895 128
186861 114
185300 116
167159 118
206236 107
209327 113
203088 112
216243 116
227659 125
187515 113
191522 109
196153 108
236053 123
204686 108
220698 110
200167 113
237469 130
220431 112
212048 111
215373 110
232729 121
227917 114
242110 126
247346 139
215852 111
178426 101
194238 104
225608 123
210554 116
183219 105
212817 110
196217 105
197057 108
204379 118
185701 116
207693 118
181859 105
211091 118
224014 118
159876 106
210081 112
190275 110
211984 112
201305 115
167843 104
211123 112
195058 107
186810 117
178225 102
187529 119
183258 102
188808 119
153855 109
171661 110
172681 115
176140 114
168261 115
194410 116
176911 115
186519 113
177152 118
156358 107
189514 112
195878 111
210708 129
194606 112
217673 117
230914 127
207832 110
200533 109
235082 116
229430 114
201587 109
234431 112
223603 110
227138 110
231358 122
230140 108
227831 120
231547 108
199768 103
178863 102
202585 123
218698 121
228738 125
213042 111
206259 106
214012 109
220100 109
214905 113
211521 108
207792 113
240321 135
193205 118
205560 110
206928 113
207622 106
209116 119
195517 111
207333 117
182452 111
167250 125
207045 109
186090 106
236898 149
207941 117
187664 120
187331 107
204871 119
172951 110
202545 111
216208 151
191632 116
176964 108
186541 115
165881 111
176564 108
205696 111
191651 114
211949 124
174924 101
217642 110
201744 110
222600 113
214265 115
221303 119
185607 115
186228 109
219597 109
234868 143
203928 114
228823 138
192916 109
222994 113
204638 107
234973 120
226350 113
194926 111
202015 112
193074 104
192946 114
212952 114
190722 108
193426 111
200641 139
225079 144
209564 122
186023 113
211006 132
192913 107
181925 137
207123 113
184013 112
186585 115
195046 119
182789 102
199652 111
210891 120
182815 122
206032 115
169652 108
170485 104
167941 119
169809 111
189813 123
196429 114
179319 110
186813 116
204030 116
171822 122
197966 109
215527 124
211017 105
196526 112
209573 107
222314 122
215741 118
211866 123
216061 112
216377 110
230094 123
219977 116
219714 111
229152 130
229348 119
198895 119
217369 109
231185 113
198772 115
198381 112
217973 120
222969 116
197919 112
218058 119
193858 102
200269 102
225033 110
198937 118
192952 110
178420 112
201988 106
206970 110
168056 116
227464 126
191247 122
209340 133
211845 123
175293 107
179633 106
196550 103
204315 110
177492 119
160765 119
173775 119
167516 101
198851 110
181403 123
173247 124
181238 118
160850 110
173555 116
190441 117
196309 120
191860 115
197569 116
195227 126
185384 108
196209 113
177534 107
207791 116
212063 122
213793 124
212125 118
201465 108
207074 106
212401 113
181809 121
184257 102
167255 105
169990 103
218005 113
234150 146
220017 121
205984 107
182586 104
204428 109
191697 114
194132 104
215614 131
204824 114
207304 137
