150665
150317
155142
150402
151286
149698
149756
150388
150486
149344
149413
150284
148692
149799
148755
150676
150726
148805
152680
152101
149531
149913
149402
147689
149490
151411
150479
152415
150243
150361
147693
150301
150540
149041
151941
149125
150915
151454
152217
146803
148880
148181
152220
150179
152401
149714
149370
151165
150936
151728
149664
149396
150471
151509
152130
149383
151220
150789
147670
147198
151731
151172
148551
149228
150442
146930
149517
150899
150451
151059
148763
152097
150082
150472
146427
148802
142713
154429
152356
150867
147599
150284
149008
147492
149227
149930
150510
152492
152305
149216
149095
152163
148879
151418
152042
148823
148347
152011
148682
148598
151274
149390
147235
146214
148834
147980
150197
149694
152757
150134
147720
152918
148908
149042
146949
151788
150009
151656
150974
151241
148740
136784
149916
149346
149378
150212
150403
147645
152923
148692
152284
145972
150398
150924
151007
149676
149775
150421
150637
148324
147990
150556
150082
151109
146514
150026
149451
151578
152282
150825
152002
153287
149634
153110
151465
150640
148575
153593
152018
152369
150389
151608
152236
149862
147200
149010
153865
152345
148178
151016
151113
148767
150058
150088
151227
148887
147010
151240
149422
150072
147989
148986
149977
151729
149699
149994
148953
149593
147504
150365
151671
149788
147319
150261
150460
149817
147465
149086
151630
151345
