179063 106
187979 108
199133 105
204549 107
212721 107
226257 107
226470 107
224951 107
229629 108
233345 107
174778 102
180061 107
178428 110
191420 106
210173 116
179141 101
185855 110
190658 104
212159 106
200554 98
167526 103
162825 103
188131 117
187426 108
179534 109
186512 108
184072 99
176604 106
192818 108
190211 109
180447 110
177945 101
179166 111
173919 107
183434 111
182411 109
182869 108
184945 108
195971 113
189947 117
169031 109
179814 109
173701 107
177648 109
194458 101
184863 109
203399 109
170737 109
192444 116
192635 105
182715 108
173614 108
179847 104
173018 98
192661 110
164661 103
181668 108
181978 108
175171 108
191445 113
178501 100
177727 108
180735 108
165743 101
167879 108
173468 110
185253 109
169781 100
189857 111
188381 108
179590 108
168622 98
178890 109
174719 113
168395 102
181387 108
166047 99
176656 110
187397 114
189201 114
187348 115
174507 98
171656 109
202056 111
162431 98
169063 98
174383 111
169278 108
174590 112
191429 113
189726 112
174590 112
173634 106
184923 109
181512 115
192258 117
188599 109
180318 107
175360 99
176788 108
171419 109
167648 98
173770 111
170924 110
178550 113
188167 101
169294 102
180617 107
175674 107
189406 114
194605 112
191439 112
173792 101
171357 99
182790 114
180556 99
185167 101
187669 98
172768 116
170839 103
169657 99
194746 108
171122 99
189717 115
171152 108
171634 105
191528 110
182961 104
173734 99
217214 135
170631 104
166551 101
182514 102
196861 110
176579 115
182797 116
161358 102
195573 112
161057 102
190330 110
174951 109
162213 97
206145 108
182365 102
186408 100
175678 108
172819 101
206197 110
179885 114
178435 109
191507 115
169738 98
180578 108
183289 108
168330 110
183936 111
174676 108
181309 113
192631 110
180433 113
156151 103
173895 98
176687 98
170869 101
179446 108
168431 107
174287 108
192097 109
176693 107
164853 100
182549 114
172750 109
186210 113
173707 99
183266 114
185420 110
166101 101
173772 98
186798 115
167916 98
169918 110
184839 113
177802 111
163444 99
191729 108
188062 110
163432 103
192730 112
177528 108
188043 107
178507 109
170099 102
176845 108
181808 111
191983 111
172213 107
177658 98
197187 109
190223 109
177246 110
187890 108
180745 107
173550 101
189283 113
166935 108
192518 108
170437 97
193631 101
179781 111
160271 98
206797 116
174321 114
194371 114
182588 111
171667 99
175711 109
169668 101
169215 108
160347 101
188790 113
200028 111
167494 102
204300 116
183301 111
179479 100
192364 108
171609 100
191755 110
169795 104
168003 100
175191 106
178237 110
176312 110
162283 100
163871 101
194261 109
185770 113
159483 101
183662 114
183338 100
164710 100
172860 108
174129 115
177504 111
175499 110
184096 103
191707 108
173647 108
170072 100
190183 121
188841 114
167252 108
197647 108
192772 114
187441 108
175148 100
175249 109
183169 109
191376 107
164981 111
170482 108
176516 111
183816 109
161905 99
172353 110
161250 99
170262 100
198903 112
177483 108
183231 109
174090 114
178735 108
176051 101
168884 108
190581 111
185011 109
181980 105
182307 113
166810 107
161984 100
177444 114
175731 102
180937 115
190075 111
176089 107
190968 109
168917 105
159356 99
192994 109
169050 110
171930 110
164460 100
185436 112
184532 112
180200 108
179515 113
176343 108
179816 101
174197 102
167589 110
200012 116
185491 109
164143 108
187080 110
169031 98
188300 120
191600 117
187070 105
170544 99
194099 113
186207 113
177552 114
189087 103
187928 110
176958 112
160827 97
193080 115
186041 103
189134 103
175875 110
170295 107
169155 98
163554 98
181866 108
190040 114
160774 98
178912 108
172552 109
189087 123
165817 100
183871 117
173303 111
170875 111
162156 98
180173 110
176041 100
169554 101
172809 97
169715 99
192314 113
176884 110
169536 99
173993 110
191233 114
160805 101
166090 109
171502 97
190728 109
173493 108
165431 100
190449 104
174794 107
197225 109
172029 110
173792 111
181804 101
160634 102
174322 108
182100 108
172465 108
183498 108
178156 116
194898 114
180402 114
169236 98
172409 108
161642 102
158067 99
172955 108
178915 102
172949 97
188250 110
185376 107
192000 108
175826 109
192051 111
172875 102
208070 107
183441 108
187965 102
178644 98
192766 110
162866 107
184317 109
175733 111
181562 103
194145 110
180637 108
174878 108
173341 108
195187 110
181020 108
171446 100
172495 103
176508 109
180430 104
191378 101
186951 108
185402 114
185237 101
173910 107
182062 98
205997 109
173062 107
187151 109
170904 109
159766 97
186989 111
164169 105
174978 111
189040 116
189414 108
184309 114
172147 110
173526 108
170777 100
181701 111
182948 110
174734 112
185823 116
182148 111
159161 100
181438 106
152892 100
186997 103
177850 108
179152 121
169817 111
161233 100
194381 110
175354 112
177981 107
168229 98
174972 112
187790 111
175850 107
180741 109
178401 107
167980 98
176634 97
167402 99
163068 107
203840 115
181745 99
189205 110
178496 111
171529 102
213202 109
164609 99
187669 107
173911 110
169142 113
177224 108
178466 108
179168 99
182877 110
181929 110
173028 115
188654 113
168236 110
174011 103
191609 115
187035 110
173187 109
165467 110
164750 109
185254 112
174414 110
188383 108
188541 119
167393 103
190171 112
172966 108
187782 116
178352 112
179468 112
182845 107
185991 111
188319 112
174705 100
187213 110
162938 100
164680 101
180470 104
195559 111
179744 112
173875 114
180482 111
186522 114
192226 109
182649 104
173044 107
177627 100
158966 108
169858 112
178567 112
169257 108
187131 110
178028 101
168994 100
187382 110
170874 103
166248 100
162440 107
184836 109
175401 110
182780 109
181513 108
165841 101
171299 101
198844 98
177920 108
182773 116
172725 108
186699 109
178513 110
154671 98
169157 110
178467 115
157877 100
174062 116
171857 110
177058 102
177285 98
182599 110
167412 98
190064 109
192726 118
176489 103
178105 109
174801 109
180998 111
165283 102
192914 111
193663 110
180594 111
198601 109
204312 117
177537 111
191396 110
180500 104
176719 110
180520 112
179222 97
190139 104
178179 112
172401 98
184995 108
164142 97
184625 98
186821 109
171784 111
178258 110
167780 109
179999 109
182241 109
166891 97
164720 108
185957 114
178378 102
164570 101
181609 113
187541 110
179094 109
181863 99
186714 115
189579 116
177481 111
164443 99
174232 98
167496 101
181221 110
163146 99
167143 100
199781 113
196581 108
172275 108
165702 104
165873 107
191961 109
170933 114
195348 109
169099 112
178688 110
174031 108
184266 107
172040 114
168324 99
173430 98
167762 107
183344 109
169815 100
188120 109
185863 108
177177 99
177391 109
214506 116
196423 112
188705 101
181539 110
200164 109
172513 110
183076 111
176678 100
181376 108
171628 109
187083 111
175927 109
164118 98
168071 111
182324 97
169235 102
175805 108
184304 110
177507 115
193954 108
178867 115
160589 97
184213 109
189235 109
209028 117
187125 108
174824 109
182578 110
179947 99
164740 100
176501 110
202374 117
172097 110
171295 112
172143 102
206563 110
183973 103
183486 108
172670 99
169725 114
174951 108
191638 106
192439 102
189581 108
161963 101
161716 98
205750 107
176616 109
190628 112
188880 108
180961 111
181447 109
162988 100
185829 111
176328 108
173118 115
194414 110
183501 111
170288 108
174585 99
178915 112
181506 109
180818 99
214294 117
168790 99
168660 102
174715 108
177272 100
182127 110
186662 109
162555 109
179107 117
177120 109
159855 99
183320 115
187595 108
184941 116
163640 99
165708 98
192086 110
190122 113
177809 113
177763 111
176568 98
180724 110
184796 109
189443 113
168832 114
164022 97
179697 112
170418 101
173455 108
181977 112
180586 108
173737 104
166912 109
177368 108
172960 110
178165 112
183716 107
173812 108
191209 119
179051 100
187272 108
177886 109
193698 109
176608 101
194401 108
178840 108
171061 107
179182 114
187158 109
188297 97
190326 109
186540 100
166250 101
186794 113
180047 109
174554 99
170210 99
182472 111
174826 97
184788 101
187343 114
188901 108
165326 112
166013 102
169937 103
181633 109
189469 108
189497 107
177971 110
181924 107
167209 100
173867 108
173374 106
184861 108
177381 101
175331 112
178222 109
179461 110
185792 110
167374 108
169073 107
164184 99
171366 110
191848 114
179554 110
181613 109
181324 107
184097 110
181483 108
187485 107
179821 109
189774 99
179721 112
164442 97
187356 106
181996 110
199355 110
179398 109
182605 108
194314 111
169915 99
179139 101
174054 103
174194 99
181030 114
177480 111
174058 104
166450 110
180256 108
188585 100
185853 111
163347 103
186799 98
198760 111
173573 102
186071 109
174623 110
165329 102
152595 100
175639 116
169012 101
182772 111
182697 115
180721 103
164071 108
176250 112
181668 109
191863 110
173778 110
188474 109
177831 114
176156 114
190331 109
182205 116
186545 109
171283 108
167500 108
176883 110
169998 109
165290 101
194423 109
180478 107
164970 101
172490 107
183521 105
182060 113
177454 109
211938 111
172960 100
170564 97
174145 112
181996 111
194169 117
159753 97
178261 108
178408 115
185550 100
178354 110
178099 100
180959 110
172469 109
193421 102
201208 108
176088 108
171604 114
161283 98
165282 109
179938 114
182903 118
183841 102
179100 117
181157 110
187949 96
192517 100
194800 116
169957 108
191341 109
191984 110
189922 110
183118 110
186973 113
175594 108
188039 109
188660 109
176938 113
189343 115
168422 100
199765 108
155559 99
183636 101
188838 106
168318 99
166849 112
157858 99
186836 117
174582 110
178441 111
186131 117
173247 109
172284 102
185868 115
161824 98
168682 107
185779 108
202103 111
182465 116
183221 108
177028 113
175074 99
181009 112
179908 113
163574 101
187765 113
181705 110
180240 99
185611 110
156765 100
168553 109
191056 110
164661 100
185478 112
190901 119
192056 112
178522 106
174874 108
197045 116
197768 110
208222 135
174074 101
179937 108
178871 101
173819 102
186381 110
207349 109
181790 110
196268 115
195247 109
164353 108
181552 110
188707 112
188889 111
156977 97
179004 108
189929 100
198710 115
163207 101
175853 107
163916 110
169912 101
171743 103
188393 110
167258 111
179872 110
168329 99
171042 107
179894 112
185564 98
187897 109
174686 110
173800 99
160733 107
195296 113
165139 107
172279 108
167649 109
170082 98
174493 114
187698 111
183356 107
194048 107
187729 108
206611 110
171650 99
178295 100
191374 110
164343 108
175424 110
190747 119
157767 98
188329 110
186789 104
179061 99
176796 108
179933 109
204710 119
167474 96
187411 98
172815 109
173745 110
207008 113
200686 116
163795 107
189526 108
187146 100
217355 108
183801 111
184346 110
179550 108
172041 105
192834 112
187577 108
183389 107
173874 98
163061 103
162944 100
198123 113
191282 116
167981 109
200123 117
206129 109
179165 108
175993 100
175185 102
182468 110
201872 114
204301 112
194915 115
200649 101
190793 115
195878 113
184898 115
183281 103
168973 98
193240 113
156802 99
183065 116
155114 97
164593 102
172633 110
170114 107
172644 102
174866 97
167825 103
174345 103
172182 101
164685 102
169297 108
192382 109
163233 110
194960 111
191888 117
