204706
212065
214476
211996
214851
227120
233787
237685
243905
238567
193694
208037
228697
216866
233595
236877
211698
220824
227670
224548
207392
216497
203778
209426
212607
199942
211705
200292
212882
207794
204459
208340
214021
204964
215737
221254
224914
223172
224413
239926
208225
196647
208383
192658
204139
209117
212721
216978
204894
224765
209594
205339
208722
213304
204629
209917
217078
212517
196728
216292
204394
204730
216372
204044
213609
196957
216203
199612
208783
232286
208170
193346
208927
201181
196900
219230
212766
208483
204350
215757
196925
207928
192124
192928
213288
206261
200860
204549
204397
201321
209123
199332
208882
208919
208650
204495
212524
216779
219513
204744
208437
212570
208824
208124
228458
204983
213256
213946
200343
213438
200054
197266
201834
208678
212771
208130
209023
200122
201676
203715
212299
207623
197024
209795
203942
200360
209104
199272
193527
204656
211549
197442
208417
200158
209004
209077
205788
221005
203901
212730
200403
196613
208971
204787
201413
208336
200379
207530
204325
212959
201104
208832
199969
208478
208391
208103
207696
209363
196812
216628
200305
212314
224864
212829
207917
207618
217243
208527
215263
216504
204738
212423
209114
199455
197107
208978
224344
225873
212595
216108
211970
198446
194177
200944
208366
200828
211356
219959
203745
212336
216703
209360
200723
200936
196143
207833
213033
217971
213240
217923
196992
203949
199974
209281
213271
200983
200576
192610
196136
198659
199925
204112
205173
212205
207323
207912
212731
228214
220971
220375
211853
215990
196318
209035
201585
200766
204770
203537
201123
213090
205156
210049
211919
213392
209120
204461
196064
210713
225354
224219
207944
205714
199341
205814
212741
212281
200530
200627
207506
220934
204759
196860
191116
200201
216139
208483
208452
208862
208437
216814
200378
208372
210326
200593
209794
212942
212370
200271
204576
210489
217053
216903
208034
212262
196021
207862
192783
204649
196354
196547
200331
208181
208834
200961
216867
204719
200193
208323
211785
217363
211902
196951
209114
208207
208217
208796
209156
203679
217915
208153
209242
212279
216427
208627
204334
204730
199929
200706
208585
201044
208748
204787
208777
216576
200667
208617
208761
195178
212628
208147
200530
220323
211132
208542
204419
204738
200916
200732
213129
200720
211804
200815
208762
221983
209110
195871
209009
220379
200324
212577
205607
216675
210661
236558
216626
212321
204200
217198
208217
208796
204738
217433
217295
216490
208599
224962
224479
216156
200739
204258
204502
204473
208728
208362
216113
219418
208651
224046
208636
194477
204572
204530
197133
200410
199963
208885
208517
209023
216271
211893
204755
200843
208421
208488
211343
212783
199292
220408
200279
216879
204128
204427
204699
204275
204993
216541
205436
207348
216068
212623
209068
208999
216070
204405
212133
208991
197525
220271
208596
208757
200252
205181
207482
196383
200748
200721
217093
201091
200338
201202
216479
200288
209598
205290
212572
197050
208747
213017
228673
203944
217275
212484
204127
205059
220445
200484
205450
204910
201047
197311
204392
205425
206515
221553
208520
204714
228631
228163
204321
212394
210494
200431
210346
204641
209493
221330
211561
200517
201129
220578
200974
204707
201043
216229
208698
203265
212789
213209
225949
205198
212857
215281
192665
220396
213922
193749
218676
208847
212146
200142
204654
201824
201945
211986
211174
208907
200384
208691
212334
212205
200322
200955
202574
204307
196642
212016
216912
209625
216543
207897
256392
204791
207730
200391
208488
208593
212790
204954
212080
213100
203699
212716
216951
208903
204628
197388
217236
208755
216244
207550
200618
211804
208836
212437
204483
213178
209125
211916
209070
213086
224746
207967
198374
209419
208288
209502
212886
197317
208863
214021
213837
208628
216405
220457
204049
208538
196799
201831
208251
220393
200585
205345
204990
200285
204475
200262
208379
211780
199985
212871
204487
212886
200952
200940
208185
197956
205247
204480
204733
217399
196081
204479
208618
212596
209036
196622
193680
208479
209125
208284
216599
192596
228601
205453
212811
201664
197373
192850
208773
244962
200626
228703
237340
213465
196543
217138
207912
209057
212285
200819
192374
204654
200354
216824
212441
203779
201392
213017
208560
206101
192490
204997
204574
200625
200168
217479
205252
195186
203785
196521
204326
201117
208339
209292
208488
199931
208457
193671
200215
197113
208556
208723
196953
196879
209906
200843
200248
201154
221646
212515
204776
209046
209207
200931
204586
204480
194238
204851
204779
208604
220305
208615
208461
193619
212438
208459
208943
216401
201034
196829
196650
216865
200914
204546
204611
211959
213211
212869
208517
228191
216589
196984
213217
204356
200282
205079
196543
208644
208309
216753
200560
197186
196831
206251
196848
212595
200144
208505
204883
213347
208806
216462
208602
219882
197174
200682
209223
197623
209093
213022
208737
208788
208347
208640
208729
208711
208999
200362
200837
211593
208992
204900
196896
196921
220330
216675
208741
209552
205703
213516
208306
220880
216599
224578
205125
208564
208890
204938
204641
208605
205414
208635
212550
208908
192575
197008
209030
212465
204769
201169
209065
208315
204392
196545
208656
200992
204634
196070
208446
221000
208540
209120
220565
212843
204510
216466
193084
209165
200888
197570
209171
196664
216683
212492
196308
205053
204635
200396
208456
192520
208111
192346
209683
208441
212774
208465
212599
196069
201196
191579
212896
204692
208936
212675
210477
213107
200866
197360
204384
211509
211948
209564
213233
209054
215956
204302
208857
200828
196869
208165
201645
208587
200477
200682
201292
207879
208641
204903
201896
201258
208944
216355
212603
204364
212901
205581
196528
217269
195881
203789
212494
192193
211887
212679
208745
216606
204892
204605
205673
204282
196969
197098
205323
208686
208204
212499
212764
208744
192652
196316
208925
192827
209168
208218
212870
216843
193043
208692
201042
209137
204351
208750
205183
208775
200543
208913
204749
208422
204874
192783
208625
200801
208834
200943
208233
196726
212580
204669
213052
208354
213233
200414
193231
205121
204791
208417
209025
212520
212649
203896
232496
212979
216082
208701
208943
200863
205694
216351
193739
197009
228501
216213
204342
196431
200640
208705
208863
216340
208472
196645
192610
204529
209080
222946
201022
212308
204872
204918
204983
208469
201665
217204
216499
212638
213381
196555
208282
213083
216806
200719
209985
205114
202457
209015
212934
201165
216619
200747
213191
197335
204745
200008
193395
212937
212506
208754
208638
203875
208332
196930
208469
212643
196345
212661
208345
201214
209214
199940
208805
216123
197741
204439
196617
225013
204759
200517
204748
201196
200811
204725
201291
196030
205182
196218
200564
208785
209994
208433
204676
212686
207911
208761
212760
213095
204915
208578
196239
200987
212386
213213
208801
208875
200715
204725
200740
208576
204721
200487
212815
208385
212741
200692
212796
216563
220362
204597
225095
196732
201158
196881
