204816
210374
211098
215122
206376
221127
218340
222666
211485
222246
228274
220834
213035
205406
226239
228385
220780
239903
222967
213088
228364
217675
224870
236902
238210
224246
216935
230361
253626
253593
246131
244145
244300
232204
239308
235130
240308
240668
250767
257698
203425
215174
216823
216285
217186
224211
226908
222894
225967
213986
210267
221669
225455
221889
218643
230473
231499
227039
246350
230352
236558
212322
232727
235179
243755
216763
237011
214134
237864
218516
228788
220106
224759
206508
228547
244559
245226
230904
234492
252778
205173
189231
198173
205686
214210
221441
220305
210889
221833
219250
224315
229580
217771
209724
240783
214865
234729
226701
229648
242532
227329
229260
222900
229800
219253
224051
219161
231413
229978
229338
245656
232481
237622
227175
221328
250824
223615
225302
240766
235919
202083
199931
203739
200102
194932
191029
202595
199028
206048
227150
219881
212004
194581
211240
213403
196826
216633
217788
223095
226045
221333
223030
204206
221947
222650
217295
221267
221512
215969
240701
215494
200253
232647
224575
200390
206409
225491
230919
225541
233760
194263
203912
206939
224127
204031
210359
193644
223559
210128
209315
233031
214778
218341
207675
225228
222457
219185
215291
219228
220222
215670
233334
223374
227225
221212
214373
223384
232196
236355
242459
208658
243639
228461
231458
225719
236110
227350
243996
214745
210536
225405
201775
186994
212338
207293
217723
190721
209321
222761
216937
198727
229765
212148
227224
197846
205980
207742
209181
218342
214297
202755
221456
209900
216608
226420
206924
208265
241176
210229
216732
231990
218498
206445
223041
224171
233163
233291
221399
206187
235423
207171
201585
206905
200455
239892
241406
199670
230744
209597
205619
198352
213300
212007
205834
218177
208207
212146
204112
208920
205789
198728
219998
213040
209948
221903
222214
201736
212577
208124
226058
211670
190010
216522
232288
206839
194703
208824
215842
215353
223244
204980
211880
198860
220053
206331
215645
207566
219479
203033
206978
198517
216542
200804
217857
198417
206097
203570
213246
217839
214624
243886
211082
225342
233278
238513
207981
249325
210423
204497
238650
224275
230180
192672
225636
223574
221155
248121
248642
244030
253455
225038
211326
216855
223636
216752
205711
210161
200776
200127
194676
228950
207783
209053
197401
211405
206402
218575
218887
206751
198124
204821
209546
199636
215811
211013
220778
228913
212586
221624
221951
209301
223864
220474
209506
215681
241837
205402
204539
245475
209506
226098
240400
217595
229537
219193
233305
240622
220474
203215
203698
221683
241251
206059
220253
202806
212856
205247
223171
225528
221208
206060
190141
206512
221333
203102
226228
205444
204160
222627
220797
205801
245476
238274
195485
209781
203535
218964
198111
220523
205532
214422
215249
214592
213613
193535
211030
204751
209180
210860
220215
219664
201241
245409
222813
232553
201691
219774
208054
223141
215825
230490
206429
211628
205121
207135
202800
209687
211020
210503
212974
208154
202724
197294
213120
229727
215448
219847
202735
203624
211293
196612
222143
209590
210794
230902
208310
198102
226923
245259
212145
224304
203986
211737
203091
232789
232409
211365
209650
199987
201234
200670
232681
211839
226012
214244
201216
212839
200598
216888
245762
224305
206767
227583
212177
201195
220114
201975
227090
236531
223109
218898
206848
216771
219084
214654
228840
205119
192907
217872
233076
213917
189017
214181
216384
226409
237646
213706
219266
189577
197454
217867
236479
221538
227233
227285
226925
221125
216900
224405
226568
220207
194100
232855
218165
207650
238612
216734
217737
208755
205044
213289
217155
208691
212672
231569
220387
221834
198742
202794
215334
234813
209260
227351
220367
221222
231991
213087
225658
238721
254860
220324
221033
205593
232121
227174
220646
213330
203602
224783
221682
232420
220846
225495
204525
220419
202824
213268
238899
221784
221779
209447
202325
208226
207519
220937
234178
226609
204447
216377
206384
206202
198917
203295
206946
208301
228159
209014
217995
227670
231151
230191
202467
222861
208622
210005
221518
219620
217154
192859
208701
207175
225584
213302
227710
197529
218385
211616
216412
215113
210461
207023
192899
227532
216825
244131
224780
225960
214440
224465
219713
209115
222681
228595
226228
220088
272278
223711
210743
205176
217274
214453
201453
207765
209520
215521
232933
228863
247112
232029
221003
218961
236718
241564
225070
228905
227035
232048
229109
246185
215733
216597
213210
208043
204982
212744
251038
215013
200850
189686
218052
193468
224689
220766
197841
204306
231461
199419
240659
219637
218869
224178
217161
197624
239849
231251
215737
220957
213245
220594
206466
214713
207816
236196
227997
227183
208644
229032
214456
220094
248342
215563
234506
220964
209592
239821
219623
233813
229486
232130
217598
199870
215626
231518
207641
224461
209943
201877
241644
208170
222247
199659
205053
209943
207093
214772
202425
210791
193770
200731
205997
188585
213497
209241
218647
210469
200598
209597
207467
220751
220259
220601
202055
236013
223645
226510
240692
224815
212222
205103
219414
211853
207909
247521
222341
229247
213298
214559
226355
214546
222036
224080
211180
241255
215626
210694
214574
220290
215156
214076
215685
222131
213086
216810
209357
199970
209955
198319
209263
203073
214123
204894
224887
202651
205230
213710
213544
212113
219406
222610
211038
220265
216160
206128
201451
208642
234080
236795
219347
203806
223475
212556
220873
221174
198955
233209
227040
220855
240498
222930
227033
225855
198241
214916
228527
232366
238843
216920
213310
230204
229373
256960
217053
221206
217406
205732
200420
222673
226570
227901
224230
248298
205098
199585
221639
244458
222511
246671
210098
234348
197612
204922
221718
212699
243747
225931
198904
222076
202484
213571
219651
187094
229388
219045
214465
216860
216896
226080
210862
210947
231900
223324
213280
222556
195666
207987
220917
218912
223501
224739
230219
208785
245699
219101
243535
215980
235789
222779
227398
224959
214844
246920
244848
262581
218662
236890
249892
232200
262001
236923
241291
227409
227995
220823
237414
209273
203651
202647
190156
214060
212237
251169
251258
220412
212597
218639
220164
192182
207274
232544
205724
202864
215592
207962
225372
199227
221837
205972
208916
240995
220910
201385
215688
206928
231978
220270
210461
201061
200583
220344
215821
223157
222443
206760
222136
194827
232390
207897
209818
227774
224097
208018
223767
210688
244949
222261
231042
235930
238683
231295
237606
219504
226142
208280
206288
235347
198642
213884
243771
217182
259249
215718
216900
220507
223121
219189
206933
219935
224599
241519
236132
223546
237599
205374
255856
229282
222307
243211
232794
252785
204858
219102
219664
211345
223329
202271
218734
218733
223847
245059
226174
223360
237556
245386
236110
199333
221288
207842
245620
240373
210147
194497
198579
210289
213358
228045
217390
205091
209476
220693
218913
224408
208110
221613
228940
223987
221701
222207
219706
229385
212960
