250947
251475
231675
242989
243083
243272
247652
246909
244068
243986
243196
240952
246964
247391
242567
247077
236103
247981
239388
248473
240581
248760
242288
248826
240590
259072
247911
245520
253987
243733
245665
241597
231293
255336
240123
243147
247956
245086
243446
240559
239484
244785
241128
245389
251426
254053
243215
232826
242780
239790
240019
243384
245223
239347
247295
244070
236347
230980
248198
246359
245935
241670
253234
243674
247860
240140
243810
245496
247270
243743
244855
241921
242001
245204
243979
236569
243655
248055
243778
247421
247463
244663
241303
243372
241174
243996
247913
244702
247880
243607
251437
243157
248256
244261
245276
251642
243149
245090
243798
244168
247851
247212
248319
247424
244243
243729
244027
240527
241051
245407
245871
245391
245128
236030
244622
243721
239535
248098
248527
245321
240844
247578
239535
244534
246012
236874
227694
237326
237421
249032
243429
243057
244400
243730
236069
251308
251402
244303
240224
243907
244261
248360
232138
244068
232686
244798
244175
246459
247852
246245
245445
245442
243954
247689
236087
247668
240047
247231
244398
247762
247519
244432
247618
237265
243775
247122
247398
243545
251837
244032
248627
287443
248580
252884
244166
248198
244324
244233
227451
238170
227866
244746
245620
247458
240147
252151
243426
251851
235321
248184
245009
247559
244949
249128
243530
245545
247510
243483
252352
245156
