94042
105703
99843
98866
103494
101272
102825
101495
102631
102288
99005
102261
102113
100824
104405
108464
102433
99801
95819
100956
100919
101269
103585
101239
102033
103038
100317
103739
101314
104567
100006
101158
100994
101635
99466
102118
101664
110265
100369
102157
101929
103147
103454
102070
103075
102275
100602
103721
101413
105393
102067
100551
100624
105607
104317
102533
102479
99805
95188
100918
102976
104906
100647
103430
101432
104242
99330
94913
102248
100978
99316
102322
103039
103785
105266
103379
102795
102356
103858
102303
102467
102025
99163
104690
103235
101752
101933
101888
99812
105146
102486
103995
103600
100942
101416
102736
102061
103016
104820
100521
104892
100856
102390
101902
103188
103021
102297
104483
102666
96436
102192
100685
98053
101203
105012
101672
104922
100726
101240
102575
100220
100366
99956
101367
97933
99940
102624
103083
100634
105243
102650
101535
103203
100521
100382
102437
100123
99729
101606
101958
102614
101951
103808
101024
101943
101311
102841
103949
102474
101969
102092
104493
102684
103763
100589
100058
102551
100043
100617
104207
102134
100077
101151
102830
102777
102279
104307
100806
103019
103201
101864
102941
102281
98335
102087
100635
101171
101580
100704
99264
99738
102660
99716
101916
99977
101341
103504
99457
105240
104378
102566
99877
102927
103706
103041
104281
99911
101901
102038
98390
102006
100377
103562
100251
105071
101381
102663
100634
104688
102077
105239
102835
102722
101301
101657
100787
98933
103302
100901
99725
99858
101850
102425
99839
102353
103696
101307
101807
101203
102521
100223
98791
95259
102360
99432
103003
103827
99449
103880
105050
102621
104032
103579
102404
104881
102158
100700
103192
103538
101885
99762
96359
98032
107999
103523
101266
100760
100178
100888
101601
99971
103298
101575
103928
100558
100907
99339
100859
94161
93398
93068
104099
101650
98905
103938
99762
104139
101672
100857
101740
99070
100017
102769
103432
98957
98911
100410
100137
101379
101560
100155
105100
100667
99892
101274
102366
102729
102571
101821
101695
99518
96036
97873
99724
102760
100274
101780
104992
100687
100712
99331
105325
94866
100465
101701
102426
102000
101428
102511
100492
101711
103013
102122
101312
102710
101890
101604
103398
103566
104848
103507
103028
98786
101626
100359
103175
100891
101958
103602
95632
97742
96998
100744
99613
101780
104407
103455
103540
103714
105843
104857
100600
98826
104465
96593
101008
103744
103838
102436
100620
100592
102121
104837
101286
102073
101360
103555
94624
101760
101523
101783
100229
100991
99023
101898
90631
98104
102587
101806
103185
101538
103404
103002
100752
99124
102263
100546
102498
105501
102993
101856
102300
103254
98318
101787
102148
103892
101540
101959
96535
97334
101076
102543
101298
100325
102906
101865
101727
103121
100598
100539
104949
96498
102581
101955
103463
102171
104114
102089
102689
103393
101363
103381
100120
102972
98414
96021
99446
99418
100241
100484
95573
97388
102833
104439
101153
99622
103248
99712
104119
101167
101965
96997
102283
99928
95550
96461
102185
101732
103284
101030
100881
105990
101535
94734
105138
102436
101552
102821
100545
102829
103462
100903
105158
101725
98895
103145
100672
102828
102966
102360
97297
102114
103067
101726
98135
101569
102326
103003
97691
98927
96051
100206
96125
102199
100241
99377
99653
100826
106223
102730
101229
99233
104070
100414
98799
99124
101097
103606
101132
