205934
224419
226158
225546
222656
212061
220805
207436
223801
223770
221124
229147
224043
227390
225373
226170
216763
231928
197288
212088
236665
220089
225677
238759
248756
244033
242837
255355
249114
245860
238411
242683
265390
263382
256709
239961
239583
245446
232183
246213
232753
235578
264400
258123
273673
278442
257716
251051
275094
293644
195788
203178
199240
197274
210852
206348
209898
208859
201287
201541
202092
215380
213313
217482
214929
223514
216810
203969
237816
207132
220651
240816
218965
222491
217344
229744
224463
260658
229126
230938
208639
221460
214943
205877
221043
197589
214248
253164
243451
261083
271555
235700
253315
233822
265903
266839
240867
226172
232394
273414
229936
209064
200528
211814
215232
222573
212336
221566
214150
226719
229580
242256
223806
215213
232394
221227
233130
233105
224124
259535
223288
223490
241956
218316
207895
215022
241236
229432
245133
228152
233535
249025
225035
240018
232653
252271
253639
255463
226736
217551
240365
236275
219989
269200
234415
216893
211032
225950
233610
214467
209877
204672
214916
214209
212449
216186
242015
210806
246626
225292
239889
254226
228108
232023
228441
217703
220071
257708
221617
256427
239424
222161
235877
231664
234350
233450
243432
216912
214524
220093
256967
231160
238931
239848
221731
215184
256305
207699
231681
197668
238551
192669
253652
238793
217375
222542
196257
249411
253387
213213
222368
215479
228918
247278
191152
217788
208143
242230
205974
214591
207293
222042
221481
205358
206232
237870
217045
228683
266589
223073
252582
221288
248425
229738
202368
252871
219823
242461
250925
235342
221558
241823
225204
214871
224536
227158
227250
207683
246662
220167
223392
222369
219570
225799
225457
241891
235971
198658
237431
243655
230761
245775
223721
226394
255542
230141
255444
222303
230806
263154
260484
222208
235629
238009
220116
265611
223976
221466
264493
238744
242060
244916
219853
230414
204508
238616
234205
244455
247523
247641
234948
232082
249814
211989
246523
251330
210896
246631
204311
205309
230400
220261
224107
196717
211764
213345
213121
223226
204350
207112
206190
238562
235030
219188
224369
233744
249340
231110
217558
218587
212201
216742
210024
220225
203495
232921
226916
222670
247536
215981
207221
236591
219757
230302
241047
218370
218466
224701
255918
250809
217404
228639
236893
239101
231608
229785
242410
247768
229394
216247
237138
235867
242973
232293
243024
212437
198732
250431
252542
248144
223857
205987
221103
210380
228458
220541
200583
215218
225748
242768
256940
217738
231764
219869
221720
225932
251091
224146
246931
232524
263191
226494
222934
257954
229574
250573
251081
228585
240986
224943
245427
236160
209563
204966
218091
246331
268402
228882
224615
221307
223252
229094
208512
203518
267914
260807
222194
227969
247456
229983
214389
217014
218348
207853
231525
218342
254579
251816
233720
233117
224740
237317
245165
229007
234700
241390
220364
205680
233967
225227
215605
244715
214008
224762
285872
235843
260523
246778
222017
224670
238727
253870
261902
247654
230846
251220
226462
233385
224997
233770
257916
235330
226468
245072
238652
234553
232307
247602
243942
243812
254306
229705
237383
247436
213516
236833
215377
206372
220216
216351
207039
216435
225067
202225
233483
215319
218100
219022
201331
229765
234793
225098
216785
209001
231659
225309
241704
225012
211578
211575
255051
206787
211786
229864
213877
197321
230535
231334
212213
218466
198972
211022
213959
224214
212532
221653
230109
215448
233783
221464
250075
216463
229629
228640
216813
232336
219969
217439
223030
229841
206998
224584
201825
207884
220686
203333
217173
232105
235591
209247
211015
224437
220112
200975
220673
225522
202897
223191
246460
243883
208154
208472
211289
240390
243974
209956
216467
265489
232486
224441
226534
238218
245024
262415
230521
233305
206735
221746
225297
219237
221214
217644
217832
220792
218001
243845
242351
247049
246067
222147
242516
250565
220094
266248
233583
239711
273334
259880
253799
253994
223500
234784
261833
226568
218557
245361
215435
233782
233645
218538
235615
259587
243256
253839
207332
251501
218300
224372
224136
240848
210654
202516
217239
219071
229837
219247
232277
222380
273360
207528
210531
222258
229096
197462
218949
239582
221946
210420
216939
199079
233774
219023
225372
250670
224124
200513
220019
208178
215408
224450
225198
211394
226789
239895
218696
229753
243829
217283
253754
230320
206678
226674
251120
240866
233050
230094
221452
239595
226557
200902
237459
239280
223827
206537
247012
252936
229833
206284
220735
242608
239401
251016
229367
209727
250289
216976
228399
182383
209463
245073
240246
213763
228973
241797
238507
229207
250302
214045
224751
223901
216203
236195
243011
194848
216080
227180
215463
218002
221620
214122
223668
219763
216079
226442
228957
228554
225319
256672
239769
273109
243280
242297
235726
240910
221320
230244
254345
271698
223214
237386
228022
236845
255859
253479
202973
205526
256902
228409
271689
253804
222595
238723
210861
204207
206228
245595
230709
214386
223739
195748
225084
230677
221273
253087
221096
225294
225945
238582
227732
226544
196771
232939
220152
222971
196674
214886
247273
237776
229579
225521
200114
209546
225489
218798
224499
221440
233534
222476
232895
223279
199109
225222
197009
195017
218633
235993
226318
230344
204611
212057
215162
242457
228820
209297
225564
226236
220972
241464
206992
230069
213464
230182
235300
242426
225199
225104
229061
249962
237695
242885
228139
222051
204579
207779
242129
206373
214653
241589
244400
217693
201031
204386
203181
227686
215606
208711
231796
222270
257563
232104
216109
234327
239053
211025
222495
229052
217668
224096
226952
227088
241738
218237
234697
221763
209834
221687
225330
220236
203723
224541
239931
217798
216858
223253
227375
215148
226465
227980
248739
246855
245478
234594
235966
212236
259383
218313
232798
267010
271564
232772
239751
219673
243951
213770
219104
237424
230774
229328
233076
248468
239463
199143
223828
216652
217284
217482
218151
243460
220663
240070
225971
235449
227361
247442
240141
245435
223769
222630
232562
212454
246372
202103
236593
226399
236263
237363
213918
237652
229271
218071
223790
221518
238654
241732
240406
228234
212614
239083
247621
198978
230671
218666
235764
236692
231593
239971
218713
224425
226147
263126
236065
260161
247362
245535
239781
222331
291918
254572
227149
228277
241235
232346
245407
256056
220986
248457
216884
229564
245529
241886
236290
211059
222466
244282
229523
233432
248531
227105
212679
214768
248802
204551
193169
219293
211832
216709
217271
215447
197792
231553
226011
250692
220406
212187
218362
230843
198875
228545
214387
217548
224499
273210
247164
229541
248469
211848
233068
221558
233710
226586
245021
218767
232891
235596
213847
218572
211038
233061
226690
225266
226134
210095
215232
208539
204203
208079
214722
201994
222026
199848
211718
204785
196876
226103
217935
201779
198466
197642
206963
203820
215550
206747
208212
216227
205454
223551
214336
229793
225221
213960
