212135 136
218148 139
215255 136
211884 137
216180 136
208292 133
213790 137
214626 135
215045 137
210459 135
230016 136
220713 138
204432 133
199227 130
210861 134
209857 134
209742 136
210665 133
220978 134
215718 137
208371 135
209419 133
214023 135
216109 137
213615 137
215642 136
221048 137
208571 133
209403 136
215259 137
215087 135
213361 137
217407 136
220494 136
208897 133
211690 134
219575 138
215956 135
218730 136
218069 134
221159 136
215486 134
214554 135
214477 139
209456 132
215476 134
213694 134
211059 133
210438 134
218814 137
216549 135
214914 137
218065 136
207695 134
216586 137
209309 134
202523 135
206884 132
224225 137
217648 136
212021 134
218044 137
220000 136
214925 136
209440 134
214105 137
215269 135
226709 137
215163 135
216201 137
212249 136
217172 136
214379 135
214250 135
222626 138
212904 133
207883 134
213087 134
226378 138
212097 133
214682 137
210491 134
209824 134
215642 136
215246 135
209816 136
206527 134
224445 136
212051 137
217777 136
216325 138
208852 134
213274 135
213845 135
223339 135
218035 138
213439 137
217225 135
210659 135
213689 134
208520 133
219560 137
211515 136
216530 137
212799 135
217555 138
219858 135
213494 135
222077 139
212180 135
206221 132
214407 136
218370 132
208138 131
216419 137
214781 135
209296 134
205680 134
202690 131
203024 131
212113 129
213934 137
219376 137
215619 134
208426 134
217840 138
215948 136
208794 133
221348 134
217719 138
220149 138
212310 134
221112 134
216241 137
216109 139
212103 133
211813 134
213636 137
210059 134
212336 136
210334 133
220026 137
214355 138
213939 135
218906 137
212453 134
210255 135
222938 134
215100 136
227725 136
208495 134
219290 134
217390 137
211756 133
218726 136
212043 138
213292 133
215258 134
212654 135
213772 134
226911 137
216757 137
209163 135
202876 129
213032 137
212922 134
213676 134
214365 134
216456 138
214976 136
213167 136
221889 136
218134 136
210217 134
210990 135
215042 138
214466 135
208383 134
214114 137
216789 134
209749 134
206354 132
202987 131
214365 134
216565 137
212129 136
218010 135
218135 137
210091 134
221870 138
217372 138
210142 134
215427 136
217300 134
216421 137
207590 135
216184 135
212920 135
213827 134
219364 136
210156 133
210713 134
209936 133
212171 134
212228 136
215509 137
216966 133
205434 134
215840 138
221745 138
219976 136
216703 137
220330 134
214884 135
228301 136
212912 136
205425 133
219701 133
211044 134
210667 134
212369 134
215725 136
211993 134
212118 138
210655 136
211522 135
215806 133
215542 138
220215 136
215368 134
217384 134
207717 135
210402 134
216315 134
208082 134
216483 135
212518 135
211458 136
205457 131
220445 136
211863 134
214397 136
215098 136
221412 136
210660 136
219690 134
211988 135
214509 136
214690 137
214028 136
218275 135
219174 136
214950 136
217740 136
213457 137
211928 135
218804 137
222307 137
216118 136
215573 136
214638 135
217066 137
209709 133
220852 139
212434 136
212371 136
219999 135
209817 134
213484 136
208503 135
212526 135
217711 137
220312 138
212110 136
212967 135
216223 138
215547 138
212562 136
216870 135
218902 135
209058 135
210623 134
215806 136
217546 136
211756 135
212384 137
217732 133
217558 139
216964 137
218523 135
213223 136
212651 136
207370 135
215432 136
213700 135
215895 136
217856 136
217955 137
214871 137
214835 137
207699 134
216945 138
216952 136
213600 135
214359 136
215280 136
209088 134
216528 140
214101 134
219755 138
214364 135
233736 138
216017 136
214915 137
210802 135
215026 137
224211 136
211553 135
218798 136
215228 136
220623 136
227264 137
215659 136
215830 135
217103 138
222242 140
211542 134
215213 135
214812 134
219602 137
213493 136
215622 134
210760 135
208052 135
214565 138
211792 136
213550 136
216248 136
217881 136
207305 134
224157 138
217285 137
205731 133
211356 129
219250 138
212441 134
211930 135
214898 138
212534 137
208356 133
217591 136
210141 136
223251 137
218697 136
214203 136
211450 135
215380 136
210262 134
217788 138
219718 137
216533 137
210818 134
225461 139
212585 136
215857 137
217247 136
221575 140
213515 137
214922 137
219720 136
213660 135
218667 137
218090 136
216301 133
211530 134
217385 134
222802 134
216467 134
215967 139
218094 135
215000 137
215138 136
209897 134
215710 137
211440 135
210840 134
214172 136
216635 133
215790 137
212721 136
204794 130
203200 130
213342 136
219133 138
212991 136
208789 134
214145 135
210129 134
207610 133
213888 136
219993 137
214132 136
219237 134
224048 137
221347 138
222110 137
214725 135
220621 137
214260 137
209951 134
215562 136
215709 135
215285 137
213790 136
211120 137
205336 130
203720 131
217046 134
213942 138
210228 135
208010 136
211400 135
211677 135
215611 137
204311 133
215958 138
215686 137
211836 135
207327 132
210587 134
215750 136
213227 136
214778 135
217278 136
209391 134
215579 137
211095 136
199611 129
208171 131
214339 135
208987 134
212612 136
210538 135
214190 136
217920 139
213549 134
223723 138
213134 136
217004 136
216844 136
216885 138
215696 137
217441 135
216092 135
212061 139
221710 136
219202 135
219657 137
218295 136
217873 136
216393 137
217041 135
217523 134
201394 130
204890 134
210973 132
208925 135
211280 134
218201 134
201581 131
208126 133
215674 135
212765 135
212102 134
216336 137
219702 134
212618 135
219008 137
212007 133
214144 137
212571 134
219268 138
215086 135
215706 136
220535 138
214228 134
218153 137
212054 137
214518 136
214723 137
207483 134
220579 138
216891 132
212501 134
215817 135
209348 136
219251 136
206855 134
211324 134
212137 134
211195 134
211517 135
218209 137
211560 136
200603 128
215226 134
210894 135
221927 137
210185 134
209348 137
225564 131
211123 134
218733 137
208865 134
213380 135
216567 139
211827 135
213713 134
212674 135
216540 137
213320 135
214787 135
220444 137
210501 136
217806 138
222006 141
214856 136
221109 135
204544 134
217634 137
210502 133
210242 135
210098 133
210816 134
210730 134
212874 135
214584 136
219200 136
211747 135
216389 139
206405 137
209428 129
212301 136
218067 136
207610 135
213024 137
216271 138
210556 134
211315 137
209772 136
214050 137
215884 137
212129 136
211827 134
214155 136
217471 136
218365 135
216825 137
206948 133
208018 135
219021 133
213602 137
229376 136
218527 137
218877 138
211365 136
209343 133
209038 134
209609 135
214764 135
215701 138
230467 137
213772 135
212591 137
216426 133
216231 138
215838 135
213875 135
212410 135
209087 135
218824 135
225558 138
214621 136
214451 135
228035 137
210870 137
216975 137
225569 138
220099 137
207122 131
200224 130
215519 130
205580 133
213604 129
207343 132
213052 135
214800 134
208131 133
210474 134
223214 138
214600 134
217197 137
215930 137
212303 135
213712 134
215832 138
213802 137
218170 133
217275 136
215792 137
211476 133
207903 135
216947 139
218397 136
216765 137
212454 134
207055 134
212530 136
217170 135
207887 133
216634 137
214247 134
210081 130
205215 132
212980 136
216071 136
215642 133
216705 137
215325 138
215032 136
213334 135
211717 134
220962 138
210118 133
217798 137
207981 134
217391 137
207394 134
214466 137
212333 135
219132 137
229415 137
212504 133
214714 136
211981 136
211680 134
215482 135
214498 137
213293 135
211932 136
215999 136
218400 135
214497 134
213688 138
215369 137
216259 139
223035 137
206794 134
220470 137
208090 132
215138 138
214352 136
207172 135
222851 137
213499 134
221486 135
220995 135
215197 134
217980 137
211096 135
212182 137
217527 136
216060 137
220726 136
211961 135
218569 136
212603 137
209804 135
209857 134
211968 134
210624 133
220015 136
218266 136
222163 137
208149 133
223228 135
209193 134
217985 137
219553 135
219272 134
206271 132
207045 131
213982 136
216087 133
211047 134
214175 135
214742 135
212260 135
211279 137
213172 136
216061 137
219153 139
214410 134
227349 138
222237 135
218562 133
229891 138
217082 138
216042 137
210149 133
214909 135
227193 138
214462 137
211689 135
222689 137
213216 135
213195 137
222501 139
214428 136
219111 135
214357 137
214959 136
220536 135
213048 136
209928 137
214175 137
204700 134
205692 130
213843 131
202827 130
209876 134
214108 137
211415 135
209521 136
221140 134
212338 135
212820 136
226909 138
213811 135
214372 138
207984 135
215526 136
217398 134
204654 134
205458 130
216662 134
215899 134
212121 135
213692 139
212076 131
206939 131
217955 134
219332 138
214012 133
219258 137
220846 140
221222 135
217538 139
214299 134
221508 138
214182 137
216558 137
214654 135
213376 138
214614 137
215425 137
222789 135
219388 136
209948 135
214159 138
213424 135
217933 138
219275 135
212075 137
209301 135
197947 130
204642 132
214916 134
221213 137
210004 135
220378 137
206207 130
202872 130
222125 138
217803 136
223726 137
228634 138
215600 135
218230 138
220848 138
217938 136
214100 136
211996 135
226920 138
215342 135
213000 136
218474 138
210499 134
218386 134
216023 134
214342 136
211162 136
210516 134
212177 134
208192 134
214844 137
215174 137
218796 136
216105 135
213136 137
211572 136
212519 134
219391 138
212418 134
209618 134
212109 135
229236 137
219952 137
221978 137
214685 138
216161 137
218223 136
207326 135
217377 138
208093 133
212091 134
215050 138
225627 139
207237 133
205774 130
208199 133
215473 135
200813 129
212002 136
217842 136
216090 135
207940 134
210544 134
214850 134
210865 134
219459 137
221274 136
215257 136
218829 136
213754 135
212669 136
212354 136
212936 136
218622 137
216696 136
215303 134
213153 134
214279 136
211221 129
204120 129
216001 137
229628 137
218783 137
213919 137
217393 136
218673 137
213186 135
211898 134
215363 137
220233 136
207395 133
216088 138
209891 133
214171 137
218985 137
214235 135
206986 133
209569 134
212405 134
223352 138
214521 135
215814 138
217613 135
214465 137
214757 137
211419 137
214177 137
217899 136
215339 135
226751 138
217549 137
212881 135
207616 134
211756 134
207529 134
204487 132
207765 133
220469 138
226408 134
215338 136
213985 137
216664 135
216674 136
215806 135
213696 136
206156 132
213151 134
214756 136
211008 134
217127 138
217243 137
212131 134
209544 134
220634 136
214888 137
216177 135
218412 136
212319 136
213547 133
208860 134
208308 134
217744 135
212884 134
225873 139
199783 129
211232 134
210921 134
209528 135
210143 134
209799 134
226864 137
213302 133
213736 135
217310 134
213703 139
209519 134
215435 134
214505 138
216912 135
208288 134
215878 134
218581 136
217254 138
214412 137
216205 132
219783 134
207207 135
215006 134
209048 136
212519 134
210360 134
210837 133
211141 134
215857 135
210570 135
216220 133
211628 135
207000 135
208874 132
207761 134
209937 133
219989 137
225373 135
213598 133
215210 136
209891 133
216932 136
215514 136
212253 135
219374 135
216264 136
213660 134
219084 134
215675 136
211772 134
220976 136
218948 136
211524 134
212848 134
211272 137
211544 136
214405 135
208324 133
206547 134
202580 129
216459 139
212975 136
218614 136
213633 138
226334 135
217134 137
210114 136
218762 136
211944 134
210751 133
206942 133
204571 131
214892 136
212374 136
212472 136
216424 136
213845 137
213539 135
217992 136
216949 136
