124974 0.000000
124974 0.001000
132013 0.002000
133607 0.003000
138127 0.004000
138331 0.005000
139763 0.006000
140022 0.007000
140730 0.008000
140772 0.009000
142143 0.010000
142146 0.011000
143125 0.012000
144236 0.013000
144811 0.014000
145464 0.015000
147202 0.016000
147728 0.017000
148198 0.018000
148396 0.019000
148878 0.020000
148973 0.021000
149071 0.022000
149833 0.023000
150100 0.024000
150227 0.025000
150505 0.026000
150533 0.027000
150964 0.028000
151208 0.029000
151289 0.030000
151640 0.031000
151683 0.032000
151811 0.033000
151963 0.034000
151995 0.035000
152050 0.036000
152055 0.037000
152131 0.038000
152231 0.039000
152232 0.040000
152352 0.041000
152446 0.042000
152520 0.043000
153044 0.044000
153270 0.045000
153345 0.046000
153611 0.047000
153718 0.048000
153809 0.049000
153822 0.050000
153977 0.051000
154093 0.052000
154445 0.053000
154646 0.054000
154727 0.055000
155359 0.056000
155360 0.057000
155560 0.058000
155630 0.059000
155825 0.060000
156425 0.061000
156440 0.062000
156489 0.063000
156618 0.064000
156688 0.065000
156731 0.066000
156842 0.067000
157051 0.068000
157152 0.069000
157205 0.070000
157586 0.071000
157721 0.072000
157735 0.073000
157820 0.074000
157890 0.075000
158089 0.076000
158119 0.077000
158367 0.078000
158442 0.079000
158755 0.080000
159047 0.081000
159162 0.082000
159261 0.083000
159271 0.084000
159344 0.085000
159518 0.086000
159598 0.087000
159622 0.088000
159697 0.089000
159744 0.090000
159756 0.091000
159811 0.092000
159840 0.093000
159845 0.094000
159942 0.095000
159955 0.096000
159975 0.097000
160023 0.098000
160064 0.099000
160213 0.100000
160469 0.101000
160493 0.102000
160553 0.103000
160572 0.104000
160763 0.105000
161060 0.106000
161061 0.107000
161066 0.108000
161186 0.109000
161508 0.110000
161771 0.111000
161776 0.112000
162029 0.113000
162044 0.114000
162159 0.115000
162534 0.116000
162741 0.117000
162766 0.118000
162769 0.119000
162826 0.120000
162851 0.121000
162881 0.122000
163014 0.123000
163100 0.124000
163186 0.125000
163239 0.126000
163351 0.127000
163404 0.128000
163430 0.129000
163544 0.130000
163623 0.131000
163772 0.132000
163779 0.133000
163806 0.134000
163963 0.135000
164057 0.136000
164066 0.137000
164236 0.138000
164237 0.139000
164324 0.140000
164398 0.141000
164506 0.142000
164600 0.143000
164752 0.144000
164780 0.145000
164860 0.146000
165028 0.147000
165167 0.148000
165208 0.149000
165213 0.150000
165249 0.151000
165433 0.152000
165560 0.153000
165826 0.154000
166030 0.155000
166061 0.156000
166094 0.157000
166196 0.158000
166278 0.159000
166327 0.160000
166378 0.161000
166426 0.162000
166442 0.163000
166487 0.164000
166564 0.165000
166609 0.166000
166611 0.167000
166630 0.168000
166638 0.169000
166700 0.170000
166720 0.171000
166789 0.172000
166862 0.173000
166914 0.174000
166940 0.175000
166945 0.176000
167050 0.177000
167196 0.178000
167219 0.179000
167301 0.180000
167310 0.181000
167352 0.182000
167420 0.183000
167469 0.185000
167553 0.186000
167624 0.187000
167644 0.188000
167701 0.189000
167740 0.190000
167820 0.191000
167940 0.192000
168145 0.193000
168155 0.194000
168399 0.195000
168403 0.196000
168458 0.197000
168653 0.198000
168755 0.199000
168758 0.200000
168778 0.201000
168840 0.202000
168911 0.203000
168955 0.204000
169087 0.205000
169105 0.206000
169178 0.207000
169207 0.208000
169525 0.209000
169607 0.210000
169650 0.211000
169830 0.212000
169882 0.213000
169925 0.214000
170199 0.215000
170226 0.216000
170426 0.217000
170438 0.218000
170552 0.220000
170667 0.221000
170691 0.222000
170721 0.223000
170744 0.224000
170900 0.225000
170920 0.226000
171016 0.227000
171076 0.228000
171334 0.229000
171373 0.230000
171418 0.231000
171499 0.232000
171554 0.233000
171561 0.234000
171589 0.235000
171625 0.236000
171638 0.237000
171707 0.238000
171834 0.239000
171862 0.240000
171930 0.241000
171937 0.242000
172033 0.243000
172088 0.244000
172115 0.245000
172137 0.246000
172138 0.247000
172185 0.248000
172205 0.249000
172215 0.250000
172311 0.251000
172335 0.252000
172362 0.253000
172370 0.254000
172468 0.255000
172476 0.256000
172697 0.257000
172809 0.258000
173058 0.259000
173075 0.260000
173077 0.261000
173125 0.262000
173150 0.263000
173183 0.264000
173341 0.265000
173407 0.266000
173414 0.267000
173431 0.268000
173481 0.269000
173484 0.270000
173539 0.271000
173540 0.272000
173550 0.273000
173625 0.274000
173689 0.275000
173737 0.276000
173868 0.277000
173879 0.278000
173956 0.279000
173958 0.280000
174023 0.281000
174048 0.282000
174105 0.283000
174200 0.284000
174258 0.285000
174293 0.286000
174308 0.287000
174397 0.288000
174416 0.289000
174457 0.290000
174459 0.291000
174478 0.292000
174536 0.293000
174549 0.294000
174844 0.295000
175036 0.296000
175042 0.297000
175077 0.298000
175166 0.299000
175240 0.300000
175250 0.301000
175329 0.302000
175501 0.303000
175512 0.304000
175581 0.305000
175588 0.306000
175596 0.307000
175651 0.308000
175712 0.309000
175733 0.310000
175781 0.311000
175854 0.312000
175889 0.313000
175937 0.314000
175972 0.315000
176021 0.316000
176055 0.317000
176087 0.318000
176344 0.319000
176551 0.320000
176566 0.321000
176588 0.322000
176609 0.323000
176622 0.324000
176778 0.325000
176781 0.326000
176824 0.327000
176881 0.328000
176886 0.329000
176904 0.330000
176922 0.331000
176984 0.332000
176996 0.333000
177009 0.334000
177176 0.335000
177196 0.336000
177240 0.337000
177250 0.338000
177264 0.339000
177325 0.340000
177356 0.341000
177361 0.342000
177403 0.343000
177650 0.344000
177654 0.345000
177727 0.346000
177728 0.347000
177869 0.348000
177875 0.349000
178102 0.350000
178132 0.351000
178136 0.352000
178148 0.353000
178151 0.354000
178163 0.355000
178199 0.356000
178208 0.357000
178286 0.358000
178309 0.359000
178323 0.360000
178383 0.361000
178540 0.362000
178555 0.363000
178562 0.364000
178579 0.365000
178632 0.366000
178633 0.367000
178671 0.368000
178684 0.369000
178688 0.370000
178692 0.371000
178707 0.372000
178837 0.373000
178862 0.374000
178895 0.375000
178935 0.376000
179008 0.377000
179010 0.378000
179095 0.379000
179109 0.380000
179122 0.381000
179264 0.382000
179358 0.383000
179373 0.384000
179421 0.385000
179440 0.386000
179454 0.387000
179492 0.388000
179494 0.389000
179510 0.391000
179531 0.392000
179570 0.393000
179574 0.394000
179588 0.395000
179592 0.396000
179594 0.397000
179681 0.398000
179684 0.399000
179745 0.400000
179752 0.401000
179838 0.402000
179910 0.403000
179969 0.404000
179994 0.405000
180052 0.406000
180061 0.407000
180085 0.408000
180112 0.409000
180113 0.410000
180132 0.411000
180154 0.412000
180174 0.413000
180203 0.414000
180280 0.415000
180287 0.416000
180300 0.417000
180358 0.418000
180411 0.419000
180679 0.420000
180701 0.421000
180747 0.422000
180767 0.423000
180825 0.424000
180850 0.425000
180955 0.426000
180999 0.427000
181053 0.428000
181180 0.429000
181185 0.430000
181226 0.431000
181269 0.432000
181277 0.433000
181453 0.434000
181636 0.435000
181675 0.437000
181686 0.438000
181850 0.439000
181931 0.440000
181959 0.441000
181977 0.442000
181985 0.443000
182012 0.444000
182086 0.445000
182118 0.446000
182196 0.447000
182242 0.448000
182414 0.449000
182507 0.450000
182517 0.451000
182601 0.452000
182655 0.453000
182686 0.454000
182750 0.455000
182794 0.456000
182898 0.457000
182912 0.458000
182952 0.459000
182960 0.460000
183014 0.461000
183086 0.462000
183345 0.463000
183362 0.464000
183434 0.465000
183435 0.466000
183507 0.467000
183644 0.468000
183685 0.469000
183728 0.470000
183730 0.471000
183895 0.472000
183981 0.473000
183984 0.474000
184013 0.475000
184021 0.476000
184022 0.477000
184044 0.478000
184110 0.479000
184173 0.480000
184191 0.481000
184238 0.482000
184267 0.483000
184307 0.485000
184379 0.486000
184512 0.487000
184600 0.488000
184857 0.489000
184972 0.490000
185015 0.491000
185148 0.492000
185152 0.493000
185204 0.494000
185207 0.495000
185302 0.496000
185306 0.497000
185321 0.498000
185345 0.499000
185383 0.500000
185393 0.501000
185481 0.502000
185492 0.503000
185527 0.504000
185534 0.505000
185571 0.506000
185603 0.507000
185620 0.508000
185788 0.509000
185791 0.510000
185810 0.511000
185839 0.512000
185862 0.513000
185943 0.514000
185958 0.515000
186084 0.516000
186151 0.517000
186166 0.518000
186272 0.519000
186386 0.520000
186576 0.521000
186609 0.522000
186638 0.523000
186655 0.524000
186767 0.525000
186814 0.526000
186842 0.527000
186896 0.528000
186957 0.529000
187013 0.530000
187031 0.531000
187057 0.532000
187077 0.533000
187277 0.534000
187299 0.535000
187328 0.536000
187464 0.537000
187521 0.538000
187523 0.539000
187565 0.540000
187585 0.541000
187668 0.542000
187722 0.543000
187743 0.544000
187912 0.545000
187941 0.546000
187972 0.547000
188059 0.548000
188101 0.549000
188111 0.550000
188117 0.551000
188139 0.552000
188240 0.553000
188368 0.554000
188397 0.555000
188449 0.556000
188468 0.557000
188499 0.558000
188591 0.559000
188726 0.560000
188739 0.561000
188758 0.562000
188774 0.563000
188936 0.565000
189052 0.566000
189082 0.567000
189128 0.568000
189207 0.569000
189231 0.570000
189239 0.571000
189285 0.572000
189378 0.573000
189418 0.574000
189456 0.575000
189563 0.576000
189582 0.577000
189589 0.578000
189620 0.579000
189648 0.580000
189693 0.581000
189698 0.582000
189734 0.583000
189754 0.584000
189864 0.585000
189886 0.586000
189934 0.587000
190110 0.588000
190298 0.589000
190515 0.590000
190611 0.591000
190622 0.592000
190681 0.593000
190713 0.594000
190743 0.595000
190898 0.596000
191108 0.597000
191159 0.598000
191175 0.599000
191207 0.600000
191221 0.601000
191275 0.602000
191313 0.603000
191352 0.604000
191376 0.605000
191404 0.606000
191422 0.607000
191432 0.608000
191454 0.609000
191553 0.610000
191556 0.611000
191569 0.612000
191623 0.613000
191652 0.614000
191725 0.615000
191932 0.616000
191942 0.617000
191969 0.618000
192067 0.619000
192074 0.620000
192125 0.621000
192255 0.622000
192267 0.623000
192293 0.624000
192296 0.625000
192396 0.626000
192477 0.627000
192509 0.628000
192586 0.629000
192644 0.630000
192648 0.631000
192667 0.632000
192711 0.633000
192725 0.634000
192773 0.635000
192789 0.636000
192913 0.637000
192973 0.638000
193035 0.639000
193045 0.640000
193107 0.641000
193121 0.642000
193235 0.643000
193338 0.644000
193416 0.645000
193499 0.646000
193564 0.647000
193574 0.648000
193589 0.649000
193592 0.650000
194127 0.651000
194218 0.652000
194283 0.653000
194444 0.654000
194461 0.655000
194519 0.656000
194731 0.657000
194740 0.658000
194792 0.659000
194846 0.660000
194937 0.661000
194965 0.662000
195040 0.663000
195110 0.664000
195136 0.665000
195186 0.666000
195323 0.667000
195393 0.668000
195437 0.669000
195537 0.670000
195565 0.671000
195668 0.672000
195750 0.673000
195808 0.674000
195847 0.675000
195917 0.676000
196035 0.677000
196127 0.678000
196129 0.679000
196141 0.680000
196166 0.681000
196171 0.682000
196231 0.683000
196288 0.684000
196347 0.685000
196523 0.686000
196589 0.687000
196645 0.688000
196683 0.689000
196860 0.690000
196887 0.691000
196909 0.692000
196914 0.693000
196943 0.694000
197064 0.695000
197073 0.696000
197140 0.697000
197166 0.698000
197329 0.699000
197340 0.700000
197341 0.701000
197349 0.702000
197573 0.703000
197576 0.704000
197658 0.705000
197682 0.706000
197745 0.707000
197768 0.708000
197934 0.709000
197952 0.710000
197953 0.711000
197972 0.712000
198059 0.713000
198082 0.714000
198187 0.715000
198320 0.716000
198326 0.717000
198343 0.718000
198344 0.719000
198685 0.720000
198822 0.721000
198874 0.722000
198954 0.723000
198961 0.724000
198975 0.725000
198994 0.726000
199295 0.727000
199350 0.728000
199425 0.729000
199434 0.730000
199598 0.731000
199650 0.732000
199671 0.733000
199780 0.734000
199786 0.735000
199836 0.736000
199898 0.737000
199909 0.738000
200035 0.739000
200125 0.740000
200169 0.741000
200241 0.742000
200252 0.743000
200264 0.744000
200390 0.745000
200429 0.746000
200441 0.747000
200451 0.748000
200778 0.749000
200809 0.750000
200815 0.751000
200862 0.752000
200889 0.753000
200970 0.754000
201041 0.755000
201231 0.756000
201236 0.757000
201338 0.758000
201366 0.759000
201433 0.760000
201456 0.761000
201474 0.762000
201593 0.763000
201616 0.764000
201736 0.765000
201755 0.766000
201758 0.767000
201789 0.768000
201829 0.769000
201942 0.770000
201986 0.771000
202028 0.772000
202057 0.773000
202204 0.774000
202396 0.775000
202622 0.776000
202623 0.777000
202636 0.778000
202692 0.779000
202695 0.780000
202734 0.781000
202748 0.782000
202771 0.783000
202818 0.784000
202996 0.785000
203005 0.786000
203157 0.787000
203185 0.788000
203356 0.789000
203358 0.790000
203379 0.791000
203380 0.792000
203469 0.793000
203514 0.794000
203533 0.795000
203542 0.796000
203572 0.797000
203656 0.798000
203745 0.799000
203764 0.800000
203859 0.801000
203908 0.802000
203932 0.803000
204010 0.804000
204037 0.805000
204051 0.806000
204124 0.807000
204286 0.808000
204342 0.809000
204375 0.810000
204606 0.811000
204651 0.812000
204727 0.813000
204762 0.814000
204812 0.815000
204879 0.816000
204885 0.817000
205016 0.818000
205025 0.819000
205038 0.820000
205171 0.821000
205209 0.822000
205323 0.823000
205333 0.824000
205404 0.825000
205409 0.826000
205433 0.827000
205467 0.828000
205523 0.829000
205660 0.830000
205824 0.831000
205937 0.832000
206083 0.833000
206092 0.834000
206283 0.835000
206303 0.836000
206555 0.837000
206583 0.838000
206783 0.839000
206821 0.840000
206903 0.841000
206928 0.842000
207027 0.843000
207039 0.844000
207334 0.845000
207417 0.846000
207515 0.847000
207557 0.848000
207564 0.849000
207737 0.850000
207835 0.851000
207853 0.852000
208034 0.853000
208109 0.854000
208289 0.855000
208393 0.856000
208482 0.857000
208581 0.858000
208721 0.859000
208812 0.860000
208869 0.861000
208950 0.862000
208998 0.863000
209031 0.864000
209060 0.865000
209082 0.866000
209178 0.867000
209417 0.868000
209470 0.869000
209545 0.870000
209631 0.871000
209640 0.872000
209697 0.873000
209986 0.874000
210023 0.875000
210078 0.876000
210142 0.877000
210226 0.878000
210279 0.879000
210284 0.880000
210372 0.881000
210409 0.882000
210564 0.883000
210828 0.884000
210983 0.885000
211235 0.886000
211419 0.887000
211439 0.888000
211486 0.889000
211495 0.890000
211591 0.891000
211760 0.892000
211906 0.893000
211949 0.894000
212163 0.895000
212296 0.896000
212458 0.897000
212968 0.898000
213067 0.899000
213443 0.900000
213481 0.901000
213528 0.902000
214214 0.903000
214495 0.904000
214658 0.905000
214886 0.906000
214901 0.907000
214913 0.908000
214954 0.909000
214971 0.910000
214993 0.911000
215339 0.912000
215363 0.913000
215901 0.914000
216276 0.915000
216304 0.916000
216388 0.917000
216563 0.918000
216976 0.919000
217152 0.920000
217361 0.921000
217577 0.922000
217708 0.923000
217833 0.924000
217938 0.925000
218173 0.926000
218302 0.927000
218622 0.928000
219096 0.929000
219103 0.930000
219782 0.931000
220033 0.932000
220248 0.933000
220738 0.934000
220759 0.935000
220994 0.936000
221437 0.937000
221578 0.938000
221750 0.939000
222082 0.940000
222385 0.941000
222963 0.942000
223282 0.943000
223329 0.944000
223348 0.945000
223436 0.946000
223661 0.947000
223759 0.948000
223825 0.949000
223979 0.950000
224070 0.951000
224449 0.952000
224550 0.953000
224573 0.954000
224937 0.955000
225249 0.956000
225251 0.957000
225332 0.958000
225949 0.959000
225977 0.960000
226282 0.961000
226541 0.962000
227195 0.963000
227268 0.964000
227702 0.965000
227980 0.966000
228002 0.967000
228285 0.968000
228779 0.969000
229925 0.970000
230029 0.971000
231319 0.972000
231489 0.973000
231858 0.974000
233368 0.975000
233506 0.976000
233764 0.977000
234147 0.978000
235005 0.979000
235066 0.980000
236041 0.981000
236568 0.982000
236696 0.983000
236701 0.984000
236702 0.985000
237996 0.986000
239898 0.987000
241661 0.988000
242899 0.989000
244669 0.990000
246286 0.991000
246704 0.992000
248525 0.993000
250570 0.994000
255887 0.995000
258138 0.996000
258596 0.997000
282230 0.998000
300196 0.999000
301525 1.000000


92 0.000000
92 0.003000
95 0.005000
96 0.006000
97 0.007000
98 0.011000
99 0.016000
100 0.026000
101 0.033000
102 0.038000
103 0.047000
104 0.061000
105 0.073000
106 0.090000
107 0.101000
108 0.112000
109 0.132000
110 0.147000
111 0.166000
112 0.186000
113 0.204000
114 0.225000
115 0.252000
116 0.270000
117 0.299000
118 0.326000
119 0.348000
120 0.372000
121 0.406000
122 0.435000
123 0.465000
124 0.484000
125 0.515000
126 0.542000
127 0.559000
128 0.584000
129 0.602000
130 0.627000
131 0.646000
132 0.669000
133 0.682000
134 0.699000
135 0.720000
136 0.738000
137 0.758000
138 0.775000
139 0.787000
140 0.798000
141 0.809000
142 0.824000
143 0.839000
144 0.848000
145 0.860000
146 0.867000
147 0.875000
148 0.884000
149 0.897000
150 0.901000
151 0.908000
152 0.919000
153 0.926000
154 0.930000
155 0.934000
156 0.938000
157 0.941000
158 0.945000
159 0.950000
160 0.951000
161 0.955000
162 0.962000
163 0.966000
164 0.969000
165 0.972000
166 0.973000
167 0.975000
168 0.977000
169 0.978000
171 0.980000
172 0.982000
173 0.986000
174 0.987000
175 0.989000
177 0.990000
180 0.992000
184 0.993000
187 0.994000
198 0.995000
201 0.996000
203 0.997000
213 0.998000
217 0.999000
233 1.000000


