196475 0.000000
196475 0.001000
202328 0.002000
204305 0.003000
204712 0.004000
204877 0.005000
208743 0.006000
211532 0.007000
216172 0.008000
218097 0.009000
219196 0.010000
219895 0.011000
220296 0.012000
223357 0.013000
224863 0.014000
224931 0.015000
225238 0.016000
225899 0.017000
231934 0.018000
232202 0.019000
232505 0.020000
232890 0.021000
233396 0.022000
233467 0.023000
233633 0.024000
233704 0.025000
234643 0.026000
235198 0.027000
235236 0.028000
235772 0.029000
236473 0.030000
236986 0.031000
238153 0.032000
238208 0.033000
238315 0.034000
239242 0.035000
239317 0.036000
239382 0.037000
239665 0.038000
239860 0.039000
239920 0.040000
240377 0.041000
240785 0.042000
240863 0.043000
241065 0.044000
241132 0.045000
241366 0.046000
241782 0.047000
241952 0.048000
242126 0.049000
242200 0.050000
242382 0.051000
243386 0.052000
243460 0.053000
243561 0.054000
243651 0.055000
243683 0.056000
244354 0.057000
244411 0.058000
244982 0.059000
245177 0.060000
245554 0.061000
246402 0.062000
246525 0.063000
246716 0.064000
247006 0.065000
247235 0.066000
247590 0.067000
247650 0.068000
247659 0.069000
247835 0.070000
248122 0.071000
248171 0.072000
248183 0.073000
248228 0.074000
248489 0.075000
248616 0.076000
248813 0.077000
248907 0.078000
249262 0.079000
249561 0.080000
250001 0.081000
250630 0.082000
250894 0.083000
250955 0.084000
251049 0.085000
251555 0.086000
251594 0.087000
251625 0.088000
251629 0.089000
252250 0.090000
252397 0.091000
252497 0.092000
252637 0.093000
252725 0.094000
253056 0.095000
253103 0.096000
253984 0.097000
254110 0.098000
254162 0.099000
254305 0.100000
254466 0.101000
254899 0.102000
255109 0.103000
255210 0.104000
255469 0.105000
255481 0.106000
255891 0.107000
256013 0.108000
256825 0.109000
257099 0.110000
257264 0.111000
257306 0.112000
257546 0.113000
257879 0.114000
258310 0.115000
258371 0.116000
258615 0.117000
258779 0.118000
258842 0.119000
259052 0.120000
259441 0.121000
259456 0.122000
259475 0.123000
259525 0.124000
259561 0.125000
260319 0.126000
260904 0.127000
260907 0.128000
260942 0.129000
261028 0.130000
261298 0.131000
261314 0.132000
261394 0.133000
261470 0.134000
261817 0.135000
261853 0.136000
261857 0.137000
262074 0.138000
262164 0.139000
262198 0.140000
262401 0.141000
262479 0.142000
262561 0.143000
262626 0.144000
263310 0.145000
263537 0.146000
263655 0.147000
264088 0.148000
264189 0.149000
264319 0.150000
264375 0.151000
264413 0.152000
264670 0.153000
264918 0.154000
264931 0.155000
265147 0.156000
265216 0.157000
265649 0.158000
265848 0.159000
265911 0.160000
266080 0.161000
266315 0.162000
266396 0.163000
266624 0.164000
266687 0.165000
266724 0.166000
266816 0.167000
267060 0.168000
267352 0.169000
267385 0.170000
267943 0.171000
267977 0.172000
267995 0.173000
268172 0.174000
268187 0.175000
268347 0.176000
268349 0.177000
269055 0.178000
269110 0.179000
269210 0.180000
269275 0.181000
269329 0.182000
269515 0.183000
269973 0.184000
270011 0.185000
270115 0.186000
270129 0.187000
270143 0.188000
270277 0.189000
270568 0.190000
270752 0.191000
270761 0.192000
271089 0.193000
271347 0.194000
271737 0.195000
271773 0.196000
271874 0.197000
271890 0.198000
271914 0.199000
272330 0.200000
272432 0.201000
272801 0.202000
273007 0.203000
273013 0.204000
273017 0.205000
273412 0.206000
273479 0.207000
273551 0.208000
274171 0.209000
274289 0.210000
274375 0.211000
274415 0.212000
274476 0.213000
274541 0.214000
274942 0.215000
275007 0.216000
275026 0.217000
275170 0.218000
275594 0.219000
275642 0.220000
275695 0.221000
275764 0.222000
275850 0.223000
275885 0.224000
275900 0.225000
275918 0.226000
275953 0.227000
276065 0.228000
276069 0.229000
276248 0.230000
276528 0.231000
276623 0.232000
276648 0.233000
276656 0.234000
276684 0.235000
276756 0.236000
276954 0.237000
276972 0.238000
277597 0.239000
277881 0.240000
277885 0.241000
278264 0.242000
278293 0.243000
278401 0.244000
278447 0.245000
278697 0.246000
279220 0.247000
279274 0.248000
279404 0.249000
279657 0.250000
279765 0.251000
279826 0.252000
280095 0.253000
280171 0.254000
280260 0.255000
280483 0.256000
280726 0.257000
281041 0.258000
281654 0.259000
281704 0.260000
281792 0.261000
281864 0.262000
282041 0.263000
282228 0.264000
282271 0.265000
282327 0.266000
282508 0.267000
282664 0.268000
283224 0.269000
283465 0.270000
283536 0.271000
283596 0.272000
283630 0.273000
283637 0.274000
283792 0.275000
283864 0.276000
283866 0.277000
284218 0.278000
284281 0.279000
284509 0.280000
284755 0.281000
284830 0.282000
284844 0.283000
284896 0.284000
285279 0.285000
285494 0.286000
285627 0.287000
285696 0.288000
285858 0.289000
285989 0.290000
286023 0.291000
286054 0.292000
286067 0.293000
286110 0.294000
286141 0.295000
286337 0.296000
286402 0.297000
286553 0.298000
286618 0.299000
286977 0.300000
287012 0.301000
287088 0.302000
287129 0.303000
287139 0.304000
287220 0.305000
287454 0.306000
287503 0.307000
288102 0.308000
288129 0.309000
288194 0.310000
288402 0.311000
288464 0.312000
289085 0.313000
289349 0.314000
289390 0.315000
289814 0.316000
289951 0.317000
290081 0.318000
290172 0.319000
290179 0.320000
290400 0.321000
290431 0.322000
290475 0.323000
290587 0.324000
290592 0.325000
290871 0.326000
290919 0.327000
291016 0.328000
291055 0.329000
291351 0.330000
291367 0.331000
291489 0.332000
291594 0.333000
291638 0.334000
291659 0.335000
291814 0.336000
291831 0.337000
291839 0.338000
291849 0.339000
291856 0.340000
291916 0.341000
292139 0.342000
292164 0.343000
292262 0.344000
292338 0.345000
292393 0.346000
292406 0.347000
292586 0.348000
292685 0.349000
292743 0.350000
292872 0.351000
293057 0.352000
293066 0.353000
293099 0.354000
293473 0.355000
293541 0.356000
293784 0.357000
293820 0.358000
293990 0.359000
294011 0.360000
294140 0.361000
294175 0.362000
294384 0.363000
294531 0.364000
294912 0.365000
294935 0.366000
294972 0.367000
295012 0.368000
295031 0.369000
295171 0.370000
295192 0.371000
295322 0.372000
295419 0.373000
295596 0.374000
295951 0.375000
295988 0.376000
295992 0.377000
296064 0.378000
296198 0.379000
296335 0.380000
296349 0.381000
296408 0.382000
296485 0.383000
296776 0.384000
296872 0.385000
297214 0.386000
297406 0.387000
297437 0.388000
297523 0.389000
297665 0.390000
297824 0.391000
298275 0.392000
298466 0.393000
298494 0.394000
298626 0.395000
298631 0.396000
298969 0.397000
298976 0.398000
299046 0.399000
299055 0.400000
299088 0.401000
299189 0.402000
299440 0.403000
299494 0.404000
299604 0.405000
299686 0.406000
299767 0.407000
299846 0.408000
299873 0.409000
299953 0.410000
300000 0.411000
300070 0.412000
300169 0.413000
300182 0.414000
300223 0.415000
300226 0.416000
300232 0.417000
300279 0.418000
300332 0.419000
300456 0.420000
300524 0.421000
300699 0.422000
300833 0.423000
300843 0.424000
300854 0.425000
301264 0.426000
301328 0.427000
301343 0.428000
301472 0.429000
301475 0.430000
301661 0.431000
301850 0.432000
301958 0.433000
301970 0.434000
302028 0.435000
302267 0.436000
302301 0.437000
302306 0.438000
302377 0.439000
302400 0.440000
302504 0.441000
302584 0.442000
302595 0.443000
302620 0.444000
302860 0.445000
302891 0.446000
302913 0.447000
303003 0.448000
303081 0.449000
303142 0.450000
303145 0.451000
303277 0.452000
303933 0.453000
303976 0.454000
304057 0.455000
304211 0.456000
304415 0.457000
304668 0.458000
304676 0.459000
304728 0.460000
305024 0.461000
305096 0.462000
305173 0.463000
305206 0.464000
305257 0.465000
305616 0.466000
305728 0.467000
306354 0.468000
306808 0.469000
306849 0.470000
306923 0.471000
307019 0.472000
307116 0.473000
307185 0.474000
307331 0.475000
307373 0.476000
307688 0.477000
307703 0.478000
307807 0.479000
307825 0.480000
307845 0.481000
308026 0.482000
308054 0.483000
308155 0.484000
308156 0.485000
308331 0.486000
308356 0.487000
308409 0.488000
308430 0.489000
308453 0.490000
308514 0.491000
308758 0.492000
308795 0.493000
308913 0.494000
309099 0.495000
309441 0.496000
309513 0.497000
309595 0.498000
309922 0.499000
310094 0.500000
310316 0.501000
310384 0.502000
310564 0.503000
310576 0.504000
310715 0.505000
310766 0.506000
310850 0.507000
310929 0.508000
311088 0.509000
311124 0.510000
311394 0.511000
311409 0.512000
311437 0.513000
312014 0.514000
312017 0.515000
312100 0.516000
312135 0.517000
312154 0.518000
312183 0.519000
312295 0.520000
312324 0.521000
312436 0.522000
312516 0.523000
312546 0.524000
312566 0.525000
312645 0.526000
312700 0.527000
312829 0.528000
312860 0.529000
312950 0.530000
313156 0.531000
313166 0.532000
313563 0.533000
313724 0.534000
314012 0.535000
314082 0.536000
314154 0.537000
314393 0.538000
314400 0.539000
314827 0.540000
314920 0.541000
314963 0.542000
314966 0.543000
314985 0.544000
315078 0.545000
315091 0.546000
315108 0.547000
315284 0.548000
315424 0.549000
315683 0.550000
315965 0.551000
316010 0.552000
316075 0.553000
316196 0.554000
316320 0.555000
316400 0.556000
316471 0.557000
316786 0.558000
316821 0.559000
316962 0.560000
316982 0.561000
317190 0.562000
317236 0.563000
317353 0.564000
317408 0.565000
317518 0.566000
317554 0.567000
317567 0.568000
317628 0.569000
317649 0.570000
317779 0.571000
318013 0.572000
318031 0.573000
318134 0.574000
318203 0.575000
318373 0.576000
318672 0.577000
318941 0.578000
318978 0.579000
319047 0.580000
319090 0.581000
319137 0.582000
319269 0.583000
319372 0.584000
319511 0.586000
319783 0.587000
319924 0.588000
320018 0.589000
320193 0.590000
320477 0.591000
320615 0.592000
320825 0.593000
320843 0.594000
321008 0.595000
321122 0.596000
321193 0.597000
321217 0.598000
321267 0.599000
321336 0.600000
321372 0.601000
321454 0.602000
321527 0.603000
321867 0.604000
321873 0.605000
322018 0.606000
322043 0.607000
322170 0.608000
322294 0.609000
322325 0.610000
322574 0.611000
322737 0.612000
322786 0.613000
322825 0.614000
322838 0.615000
322991 0.616000
323202 0.617000
323497 0.618000
323610 0.619000
323615 0.620000
323622 0.621000
323671 0.622000
323849 0.623000
323867 0.624000
324129 0.625000
324170 0.626000
324258 0.627000
324353 0.628000
324702 0.629000
324712 0.630000
324774 0.631000
324793 0.632000
324976 0.633000
325113 0.634000
325505 0.635000
325506 0.636000
325543 0.637000
325716 0.638000
325724 0.639000
325734 0.640000
326048 0.641000
326227 0.642000
326245 0.643000
326552 0.644000
326657 0.645000
326712 0.646000
326718 0.647000
326840 0.648000
326913 0.649000
326945 0.650000
326947 0.651000
327400 0.652000
327710 0.653000
328003 0.654000
328009 0.655000
328055 0.656000
328321 0.657000
328579 0.658000
328604 0.659000
328751 0.660000
328885 0.661000
328923 0.662000
328963 0.663000
329109 0.664000
329166 0.665000
329169 0.666000
329172 0.667000
329718 0.668000
329863 0.669000
329886 0.670000
329962 0.671000
330112 0.672000
330329 0.673000
330504 0.674000
330601 0.675000
331046 0.676000
331049 0.677000
331100 0.678000
331193 0.679000
331487 0.680000
331612 0.681000
331629 0.682000
331725 0.683000
331748 0.684000
331823 0.685000
331837 0.686000
332161 0.687000
332252 0.688000
332390 0.689000
332391 0.690000
332565 0.691000
332594 0.692000
332875 0.693000
333114 0.694000
333375 0.695000
333457 0.696000
333467 0.697000
333963 0.698000
334224 0.699000
334316 0.700000
334333 0.701000
334410 0.702000
334411 0.703000
334687 0.704000
334737 0.705000
334777 0.706000
334994 0.707000
335123 0.708000
335155 0.709000
335215 0.710000
335436 0.711000
335500 0.712000
335571 0.713000
335663 0.714000
335905 0.715000
335925 0.716000
335980 0.717000
336004 0.718000
336128 0.719000
336131 0.720000
336161 0.721000
336183 0.722000
336394 0.723000
336442 0.724000
336919 0.725000
337152 0.726000
337248 0.727000
337390 0.728000
337657 0.729000
337853 0.730000
337943 0.731000
337999 0.732000
338287 0.733000
338381 0.734000
338388 0.735000
338489 0.736000
338687 0.737000
338711 0.739000
338788 0.740000
338805 0.741000
338837 0.742000
338854 0.743000
339046 0.744000
339117 0.745000
339239 0.746000
339242 0.747000
339313 0.748000
339784 0.749000
339853 0.750000
339946 0.751000
340013 0.752000
340034 0.753000
340054 0.754000
340079 0.755000
340198 0.756000
340206 0.757000
340400 0.758000
340512 0.759000
340594 0.760000
341291 0.761000
341543 0.762000
342033 0.763000
342077 0.764000
342258 0.765000
342631 0.766000
342965 0.767000
343562 0.768000
343708 0.769000
343885 0.770000
343954 0.771000
344037 0.772000
344041 0.773000
344046 0.774000
344147 0.775000
344196 0.776000
344234 0.777000
344260 0.778000
344282 0.779000
344308 0.780000
344586 0.781000
344663 0.782000
345231 0.783000
345240 0.784000
345302 0.785000
345397 0.786000
345535 0.787000
345914 0.788000
346787 0.789000
347064 0.790000
347101 0.791000
347170 0.792000
347372 0.793000
347406 0.794000
347559 0.795000
347742 0.796000
347905 0.797000
348090 0.798000
348368 0.799000
348435 0.800000
348937 0.801000
349123 0.802000
349385 0.803000
349415 0.804000
349621 0.805000
349700 0.806000
350673 0.807000
350821 0.808000
350897 0.809000
350902 0.810000
350955 0.811000
350976 0.812000
350989 0.813000
351022 0.814000
351212 0.815000
351224 0.816000
351321 0.817000
351447 0.818000
351546 0.819000
351559 0.820000
351669 0.821000
351943 0.822000
351944 0.823000
352780 0.824000
353578 0.825000
353771 0.826000
353800 0.827000
353948 0.828000
354265 0.829000
354768 0.830000
355032 0.831000
355579 0.832000
355723 0.833000
355912 0.834000
355945 0.835000
355972 0.836000
356143 0.837000
357179 0.838000
357434 0.839000
357784 0.840000
358585 0.841000
358752 0.842000
359049 0.843000
359058 0.844000
359080 0.845000
359232 0.846000
359805 0.847000
359974 0.848000
360040 0.849000
361178 0.850000
361390 0.851000
361680 0.852000
361827 0.853000
361894 0.854000
361998 0.855000
362461 0.856000
362587 0.857000
362604 0.858000
363051 0.859000
363053 0.860000
363238 0.861000
363313 0.862000
363367 0.863000
363427 0.864000
363434 0.865000
363475 0.866000
363541 0.867000
363644 0.868000
363761 0.869000
363940 0.870000
363949 0.871000
364091 0.872000
364229 0.873000
364433 0.874000
364512 0.875000
364541 0.876000
364644 0.877000
364951 0.878000
365096 0.879000
365462 0.880000
365525 0.881000
365527 0.882000
365530 0.883000
365729 0.884000
365744 0.885000
365765 0.886000
365991 0.887000
366448 0.888000
366899 0.889000
366960 0.890000
367071 0.891000
367386 0.892000
367431 0.893000
367435 0.894000
367456 0.895000
367658 0.896000
368027 0.897000
368039 0.898000
368060 0.899000
368285 0.900000
368454 0.901000
368829 0.902000
369154 0.903000
369481 0.904000
369886 0.905000
369914 0.906000
369971 0.907000
370019 0.908000
370464 0.909000
370474 0.910000
370774 0.911000
371162 0.912000
371225 0.913000
371483 0.914000
372402 0.915000
372726 0.916000
372756 0.917000
373321 0.918000
373407 0.919000
373688 0.920000
374035 0.921000
374096 0.922000
374371 0.923000
374759 0.924000
374764 0.925000
376390 0.926000
376453 0.927000
376476 0.928000
376710 0.929000
376979 0.930000
377741 0.931000
377795 0.932000
378255 0.933000
378766 0.934000
379213 0.935000
380079 0.936000
380697 0.937000
380801 0.938000
380916 0.939000
381584 0.940000
381684 0.941000
383569 0.942000
384250 0.943000
384909 0.944000
384938 0.945000
385888 0.946000
386379 0.947000
386569 0.948000
386600 0.949000
387389 0.950000
387885 0.951000
388018 0.952000
388070 0.953000
388125 0.954000
388138 0.955000
388519 0.956000
388575 0.957000
389012 0.958000
391163 0.959000
391224 0.960000
392918 0.961000
393093 0.962000
393353 0.963000
393660 0.964000
394421 0.965000
394426 0.966000
394635 0.967000
395490 0.968000
395559 0.969000
396796 0.970000
397993 0.971000
398003 0.972000
398146 0.973000
399180 0.974000
399665 0.975000
400041 0.976000
400190 0.977000
400273 0.978000
400533 0.979000
401419 0.980000
401716 0.981000
402662 0.982000
402853 0.983000
403482 0.984000
403552 0.985000
403853 0.986000
404083 0.987000
409243 0.988000
410870 0.989000
410900 0.990000
412683 0.991000
414223 0.992000
417908 0.993000
419797 0.994000
421030 0.995000
421097 0.996000
421184 0.997000
431623 0.998000
438793 0.999000
450355 1.000000


