135807 0.000000
135807 0.001000
297234 0.002000
321608 0.003000
335376 0.004000
345482 0.005000
346827 0.006000
361712 0.007000
374160 0.008000
382785 0.009000
391639 0.010000
393719 0.011000
405925 0.012000
405955 0.013000
410350 0.014000
412018 0.015000
416119 0.016000
426769 0.017000
430589 0.018000
433781 0.019000
435601 0.020000
437300 0.021000
441636 0.022000
442333 0.023000
443363 0.024000
444799 0.025000
446544 0.026000
446930 0.027000
447957 0.028000
452271 0.029000
460950 0.030000
464211 0.031000
464481 0.032000
464515 0.033000
466734 0.034000
470117 0.035000
472918 0.036000
476979 0.037000
478825 0.038000
479252 0.039000
483567 0.040000
484637 0.041000
486550 0.042000
486618 0.043000
490806 0.044000
491484 0.045000
492838 0.046000
494154 0.047000
494380 0.048000
495194 0.049000
496035 0.050000
497426 0.051000
501294 0.052000
501869 0.053000
502196 0.054000
502463 0.055000
504164 0.056000
506714 0.057000
507358 0.058000
508590 0.059000
509147 0.060000
509537 0.061000
510110 0.062000
510145 0.063000
514033 0.064000
514202 0.065000
515932 0.066000
522861 0.067000
523330 0.068000
524818 0.069000
524979 0.070000
525154 0.071000
529182 0.072000
532520 0.073000
533067 0.074000
533667 0.075000
534029 0.076000
538582 0.077000
539806 0.078000
541401 0.079000
541814 0.080000
543309 0.081000
544841 0.082000
545981 0.083000
547097 0.084000
547327 0.085000
549279 0.086000
550430 0.087000
556566 0.088000
556577 0.089000
557255 0.090000
557815 0.091000
559356 0.092000
560769 0.093000
562430 0.094000
563637 0.095000
563713 0.096000
563807 0.097000
564847 0.098000
566016 0.099000
566179 0.100000
566561 0.101000
567013 0.102000
567349 0.103000
567449 0.104000
568025 0.105000
568605 0.106000
568938 0.107000
569176 0.108000
570477 0.109000
571002 0.110000
571462 0.111000
571545 0.112000
571760 0.113000
572419 0.114000
573908 0.115000
580799 0.116000
580872 0.117000
581987 0.118000
584982 0.119000
585001 0.120000
585298 0.121000
585398 0.122000
587099 0.123000
587694 0.124000
589029 0.125000
590358 0.126000
591260 0.127000
592096 0.128000
592398 0.129000
593147 0.130000
594718 0.131000
594747 0.132000
595786 0.133000
596188 0.134000
597602 0.135000
598972 0.136000
600084 0.137000
600410 0.138000
600745 0.139000
600873 0.140000
602223 0.141000
604067 0.142000
604368 0.143000
604521 0.144000
605309 0.145000
606584 0.146000
607337 0.147000
607431 0.148000
607836 0.149000
608049 0.150000
608523 0.151000
609076 0.152000
610014 0.153000
611541 0.154000
612253 0.155000
612347 0.156000
613707 0.157000
613938 0.158000
616510 0.159000
616782 0.160000
616980 0.161000
617314 0.162000
618551 0.163000
619912 0.164000
619934 0.165000
620646 0.166000
621627 0.167000
623814 0.168000
624911 0.169000
626208 0.170000
627751 0.171000
628443 0.172000
628768 0.173000
629823 0.174000
630003 0.175000
630375 0.176000
631373 0.177000
631590 0.178000
632058 0.179000
633151 0.180000
633453 0.181000
633649 0.182000
634218 0.183000
634411 0.184000
634569 0.185000
635147 0.186000
636551 0.187000
636909 0.188000
637666 0.189000
637725 0.190000
638391 0.191000
638977 0.192000
640422 0.193000
640487 0.194000
640575 0.195000
640996 0.196000
641011 0.197000
641244 0.198000
641535 0.199000
641930 0.200000
643138 0.201000
643216 0.202000
645165 0.203000
645679 0.204000
646451 0.205000
647450 0.206000
648965 0.207000
650318 0.208000
652888 0.209000
652927 0.210000
653353 0.211000
654045 0.212000
654628 0.213000
654823 0.214000
655189 0.215000
655881 0.216000
656824 0.217000
657020 0.218000
657730 0.219000
658681 0.220000
658834 0.221000
659321 0.222000
659388 0.223000
659412 0.224000
659816 0.225000
660921 0.226000
661101 0.227000
661288 0.228000
661461 0.229000
662460 0.230000
664181 0.231000
665137 0.232000
665316 0.233000
666864 0.234000
667634 0.235000
667884 0.236000
667900 0.237000
668716 0.238000
668920 0.239000
669041 0.240000
669836 0.241000
670091 0.242000
670224 0.243000
670681 0.244000
671315 0.245000
672077 0.246000
672543 0.247000
672771 0.248000
672965 0.249000
673199 0.250000
673312 0.251000
673343 0.252000
673524 0.253000
675130 0.254000
675448 0.255000
675551 0.256000
675596 0.257000
676538 0.258000
679295 0.259000
679783 0.260000
679951 0.261000
680044 0.262000
680899 0.263000
681005 0.264000
681277 0.265000
682243 0.266000
684193 0.267000
684823 0.268000
685749 0.269000
686127 0.270000
686255 0.271000
686487 0.272000
686917 0.273000
687152 0.274000
687230 0.275000
687330 0.276000
687375 0.277000
687490 0.278000
687868 0.279000
688068 0.280000
688168 0.281000
688837 0.282000
689046 0.283000
689576 0.284000
689739 0.285000
689747 0.286000
689979 0.287000
690171 0.288000
690251 0.289000
690653 0.290000
690718 0.291000
691697 0.292000
691762 0.293000
692170 0.294000
692641 0.295000
692794 0.296000
694852 0.297000
695027 0.298000
695481 0.299000
696296 0.300000
696540 0.301000
697482 0.302000
697554 0.303000
697752 0.304000
697866 0.305000
697906 0.306000
698001 0.307000
699022 0.308000
700099 0.309000
700250 0.310000
700308 0.311000
700479 0.312000
700709 0.313000
700866 0.314000
700874 0.315000
701106 0.316000
701166 0.317000
701361 0.318000
701929 0.319000
702652 0.320000
702751 0.321000
702796 0.322000
703429 0.323000
703717 0.324000
703816 0.325000
704365 0.326000
704878 0.327000
704923 0.328000
705300 0.329000
705309 0.330000
705378 0.331000
705538 0.332000
705647 0.333000
705873 0.334000
705985 0.335000
706615 0.336000
706823 0.337000
707273 0.338000
707615 0.339000
708031 0.340000
708712 0.341000
708728 0.342000
708942 0.343000
709166 0.344000
709214 0.345000
709686 0.346000
709775 0.347000
709932 0.348000
710422 0.349000
710431 0.350000
710489 0.351000
710541 0.352000
711328 0.353000
711337 0.354000
711358 0.355000
711511 0.356000
711937 0.357000
712183 0.358000
712209 0.359000
712721 0.360000
713562 0.361000
714887 0.362000
715577 0.363000
715601 0.364000
717235 0.365000
717965 0.366000
718257 0.367000
719339 0.368000
720548 0.369000
721252 0.370000
721665 0.371000
722365 0.372000
722864 0.373000
723241 0.374000
724337 0.375000
725105 0.376000
725328 0.377000
725732 0.378000
725906 0.379000
726229 0.380000
726461 0.381000
727370 0.382000
727373 0.383000
727581 0.384000
727596 0.385000
728674 0.386000
729104 0.387000
729262 0.388000
730377 0.389000
730457 0.390000
731052 0.391000
731493 0.392000
732307 0.393000
732810 0.394000
733344 0.395000
734298 0.396000
734643 0.397000
735078 0.398000
735839 0.399000
735977 0.400000
736430 0.401000
736585 0.402000
737796 0.403000
737992 0.404000
738208 0.405000
738255 0.406000
738281 0.407000
739093 0.408000
739150 0.409000
739182 0.410000
739564 0.411000
739709 0.412000
739759 0.413000
740215 0.414000
741924 0.415000
742196 0.416000
742604 0.417000
743414 0.418000
744348 0.419000
744361 0.420000
744421 0.421000
744532 0.422000
744591 0.423000
744708 0.424000
744943 0.425000
745205 0.426000
746122 0.427000
746427 0.428000
747033 0.429000
747384 0.430000
747716 0.431000
747752 0.432000
748065 0.433000
748183 0.434000
748299 0.435000
748363 0.436000
748677 0.437000
749180 0.438000
749595 0.439000
750357 0.440000
750421 0.441000
750972 0.442000
752212 0.443000
752331 0.444000
752370 0.445000
752418 0.446000
752885 0.447000
753079 0.448000
753819 0.449000
754287 0.450000
754333 0.451000
754660 0.452000
755338 0.453000
755433 0.454000
755469 0.455000
755557 0.456000
756475 0.457000
756585 0.458000
758051 0.459000
758760 0.460000
759209 0.461000
759392 0.462000
759518 0.463000
759677 0.464000
760414 0.465000
760516 0.466000
760568 0.467000
760858 0.468000
762067 0.469000
762157 0.470000
763290 0.471000
763659 0.472000
764094 0.473000
764977 0.474000
765129 0.475000
765200 0.476000
765202 0.477000
765570 0.478000
766458 0.479000
766692 0.480000
766748 0.481000
767323 0.482000
767625 0.483000
767634 0.484000
767976 0.485000
768544 0.486000
769587 0.487000
769625 0.488000
770513 0.489000
771643 0.490000
772389 0.491000
772811 0.492000
772990 0.493000
773325 0.494000
773384 0.495000
774206 0.496000
775007 0.497000
775898 0.498000
776255 0.499000
776733 0.500000
776822 0.501000
776914 0.502000
777042 0.503000
777232 0.504000
777494 0.505000
777645 0.506000
777948 0.507000
778134 0.508000
778254 0.509000
778531 0.510000
779121 0.511000
779440 0.512000
779582 0.513000
780025 0.514000
780029 0.515000
780037 0.516000
780615 0.517000
781236 0.518000
781239 0.519000
781659 0.520000
781811 0.521000
781877 0.522000
781921 0.523000
782217 0.524000
782511 0.525000
783292 0.526000
783531 0.527000
784218 0.528000
784279 0.529000
784446 0.530000
784577 0.531000
784852 0.532000
785764 0.533000
785847 0.534000
786439 0.535000
787335 0.536000
788109 0.537000
788121 0.538000
788143 0.539000
788338 0.540000
788575 0.541000
789045 0.542000
789182 0.543000
789564 0.544000
789904 0.545000
789960 0.546000
790270 0.547000
790790 0.548000
791942 0.549000
791953 0.550000
792000 0.551000
792196 0.552000
792295 0.553000
792325 0.554000
792436 0.555000
792955 0.556000
793422 0.557000
793659 0.558000
793744 0.559000
794282 0.560000
794288 0.561000
794414 0.562000
794859 0.563000
795667 0.564000
797296 0.565000
798513 0.566000
799221 0.567000
799607 0.568000
799779 0.569000
801357 0.570000
801943 0.571000
802128 0.572000
802385 0.573000
802502 0.574000
802696 0.575000
802744 0.576000
803265 0.577000
803443 0.578000
804070 0.579000
804275 0.580000
804427 0.581000
804438 0.582000
806549 0.583000
806777 0.584000
807436 0.585000
807709 0.586000
808057 0.587000
809130 0.588000
809131 0.589000
809566 0.590000
809588 0.591000
810280 0.592000
810360 0.593000
811216 0.594000
811339 0.595000
811393 0.596000
811982 0.597000
812256 0.598000
812489 0.599000
812871 0.600000
812901 0.601000
813145 0.602000
813506 0.603000
813858 0.604000
813988 0.605000
814046 0.606000
814104 0.607000
814295 0.608000
815100 0.609000
815617 0.610000
815693 0.611000
816088 0.612000
816633 0.613000
816979 0.614000
817157 0.615000
817405 0.616000
817693 0.617000
817850 0.618000
818050 0.619000
818306 0.620000
818965 0.621000
819044 0.622000
819165 0.623000
819455 0.624000
819505 0.625000
819816 0.626000
820826 0.627000
821239 0.628000
821444 0.629000
821577 0.630000
822370 0.631000
823027 0.632000
823210 0.633000
823236 0.634000
823980 0.635000
824311 0.636000
824318 0.637000
824571 0.638000
824779 0.639000
825220 0.640000
825265 0.641000
825596 0.642000
826024 0.643000
826197 0.644000
828241 0.645000
828444 0.646000
828787 0.647000
828825 0.648000
829058 0.649000
829913 0.650000
830464 0.651000
830574 0.652000
830798 0.653000
831334 0.654000
832424 0.655000
832433 0.656000
832443 0.657000
832839 0.658000
833125 0.659000
833190 0.660000
834347 0.661000
834763 0.662000
835569 0.663000
836525 0.664000
836710 0.665000
836827 0.666000
837007 0.667000
837440 0.668000
839374 0.669000
839731 0.670000
840108 0.671000
840484 0.672000
840553 0.673000
841007 0.674000
841152 0.675000
842142 0.676000
843347 0.677000
843613 0.678000
843760 0.679000
844461 0.680000
844494 0.681000
844534 0.682000
845557 0.683000
846131 0.684000
846811 0.685000
847191 0.686000
847349 0.687000
847516 0.688000
847700 0.689000
847890 0.690000
848506 0.691000
848554 0.692000
848726 0.693000
848882 0.694000
850038 0.695000
850494 0.696000
850595 0.697000
851466 0.698000
851692 0.699000
852323 0.700000
852474 0.701000
852759 0.702000
853627 0.703000
854480 0.704000
854915 0.705000
855341 0.706000
855799 0.707000
856090 0.708000
856226 0.709000
856295 0.710000
857509 0.711000
858342 0.712000
858399 0.713000
858720 0.714000
859040 0.715000
859624 0.716000
860014 0.717000
860029 0.718000
860437 0.719000
861080 0.720000
861737 0.721000
865050 0.722000
865116 0.723000
865156 0.724000
865415 0.725000
865682 0.726000
865993 0.727000
866208 0.728000
867064 0.729000
867317 0.730000
867713 0.731000
868314 0.732000
868582 0.733000
868749 0.734000
868752 0.735000
868777 0.736000
869204 0.737000
870203 0.738000
871013 0.739000
871104 0.740000
871161 0.741000
872070 0.742000
872600 0.743000
873081 0.744000
873151 0.745000
873525 0.746000
873643 0.747000
873840 0.748000
873879 0.749000
873923 0.750000
874429 0.751000
874890 0.752000
874986 0.753000
875039 0.754000
875165 0.755000
875337 0.756000
875418 0.757000
875661 0.758000
876212 0.759000
876511 0.760000
876998 0.761000
877458 0.762000
877832 0.763000
877931 0.764000
878172 0.765000
878246 0.766000
878403 0.767000
878468 0.768000
878531 0.769000
878593 0.770000
878703 0.771000
880112 0.773000
880670 0.774000
882610 0.775000
882998 0.776000
884864 0.777000
885268 0.778000
885272 0.779000
885465 0.780000
886953 0.781000
887064 0.782000
888039 0.783000
888596 0.784000
889092 0.785000
889348 0.786000
889354 0.787000
889679 0.788000
889831 0.789000
890406 0.790000
891957 0.791000
892149 0.792000
892538 0.793000
892911 0.794000
893739 0.795000
894647 0.796000
894795 0.797000
895048 0.798000
895477 0.799000
895762 0.800000
895792 0.801000
896401 0.802000
897172 0.803000
897318 0.804000
898198 0.805000
898407 0.806000
898793 0.807000
898808 0.808000
898956 0.809000
899502 0.810000
899517 0.811000
901030 0.812000
901739 0.813000
901929 0.814000
903057 0.815000
903717 0.816000
904014 0.817000
904164 0.818000
906082 0.819000
906213 0.820000
906559 0.821000
906721 0.822000
907515 0.823000
907530 0.824000
908038 0.825000
908441 0.826000
908569 0.827000
908611 0.828000
910240 0.829000
911426 0.830000
911538 0.831000
911827 0.832000
912047 0.833000
912652 0.834000
914015 0.835000
914381 0.836000
914549 0.837000
914994 0.838000
917319 0.839000
918379 0.840000
919547 0.841000
920028 0.842000
920789 0.843000
920812 0.844000
921460 0.845000
921721 0.846000
921739 0.847000
922440 0.848000
922972 0.849000
924419 0.850000
924939 0.851000
925255 0.852000
925259 0.853000
925936 0.854000
927164 0.855000
927480 0.856000
927690 0.857000
927748 0.858000
928066 0.859000
928718 0.860000
929609 0.861000
929971 0.862000
930634 0.863000
931188 0.864000
931285 0.865000
931814 0.866000
932581 0.867000
932630 0.868000
934065 0.869000
934188 0.870000
934396 0.871000
936165 0.872000
936441 0.873000
937048 0.874000
937216 0.875000
938119 0.876000
941238 0.877000
941570 0.878000
942050 0.879000
942583 0.880000
942631 0.881000
942931 0.882000
943260 0.883000
943732 0.884000
944877 0.885000
945972 0.886000
946268 0.887000
946555 0.888000
947319 0.889000
947804 0.890000
948289 0.891000
949069 0.892000
949655 0.893000
949789 0.894000
950530 0.895000
950595 0.896000
950614 0.897000
950981 0.898000
951752 0.899000
951794 0.900000
952729 0.901000
953477 0.902000
953792 0.903000
955256 0.904000
955642 0.905000
955819 0.906000
956584 0.907000
958143 0.908000
958711 0.909000
959318 0.910000
960269 0.911000
960470 0.912000
961085 0.913000
961209 0.914000
961563 0.915000
961964 0.916000
965552 0.917000
965749 0.918000
966109 0.919000
966141 0.920000
966488 0.921000
966529 0.922000
967214 0.923000
967766 0.924000
967878 0.925000
970136 0.926000
970936 0.927000
971207 0.928000
971769 0.929000
972973 0.930000
974261 0.931000
975127 0.932000
977601 0.933000
977860 0.934000
978277 0.935000
978408 0.936000
980240 0.937000
980337 0.938000
981443 0.939000
981996 0.940000
982018 0.941000
983406 0.942000
984278 0.943000
984848 0.944000
986254 0.945000
987699 0.946000
989984 0.947000
990830 0.948000
992195 0.949000
993080 0.950000
994196 0.951000
994657 0.952000
996314 0.953000
997400 0.954000
998097 0.955000
999130 0.956000
1000421 0.957000
1001534 0.958000
1002114 0.959000
1002231 0.960000
1004118 0.961000
1004461 0.962000
1005215 0.963000
1007386 0.964000
1007526 0.965000
1008561 0.966000
1009440 0.967000
1009766 0.968000
1012090 0.969000
1014710 0.970000
1015774 0.971000
1016601 0.972000
1018190 0.973000
1019669 0.974000
1021281 0.975000
1027194 0.976000
1030798 0.977000
1030811 0.978000
1034726 0.979000
1036863 0.980000
1041860 0.981000
1045262 0.982000
1049117 0.983000
1049876 0.984000
1051224 0.985000
1051670 0.986000
1052609 0.987000
1058179 0.988000
1061062 0.989000
1065697 0.990000
1066632 0.991000
1067324 0.992000
1068446 0.993000
1072903 0.994000
1074474 0.995000
1088095 0.996000
1089217 0.997000
1090549 0.998000
1095068 0.999000
1100439 1.000000


108 0.000000
108 0.001000
188 0.002000
208 0.003000
237 0.004000
241 0.005000
244 0.006000
265 0.007000
270 0.009000
276 0.010000
279 0.011000
287 0.012000
288 0.014000
299 0.015000
301 0.016000
308 0.017000
317 0.019000
324 0.020000
325 0.022000
327 0.024000
329 0.025000
330 0.026000
334 0.027000
336 0.028000
344 0.029000
348 0.030000
349 0.031000
350 0.032000
354 0.035000
357 0.037000
359 0.038000
361 0.039000
367 0.040000
368 0.042000
369 0.044000
372 0.045000
375 0.046000
376 0.047000
377 0.049000
378 0.050000
380 0.051000
384 0.052000
390 0.053000
393 0.054000
394 0.057000
400 0.059000
401 0.060000
402 0.061000
403 0.062000
405 0.063000
407 0.064000
409 0.065000
410 0.067000
413 0.068000
414 0.069000
415 0.070000
416 0.072000
417 0.074000
418 0.075000
419 0.076000
420 0.079000
422 0.082000
423 0.084000
424 0.085000
425 0.086000
433 0.090000
434 0.093000
435 0.094000
438 0.095000
439 0.097000
441 0.098000
442 0.099000
443 0.100000
444 0.101000
446 0.102000
447 0.103000
448 0.104000
449 0.105000
450 0.106000
452 0.108000
453 0.109000
455 0.110000
456 0.111000
458 0.113000
459 0.114000
460 0.120000
461 0.121000
462 0.122000
463 0.124000
464 0.125000
465 0.126000
466 0.128000
467 0.130000
468 0.133000
469 0.136000
470 0.137000
471 0.139000
474 0.140000
475 0.141000
476 0.143000
477 0.144000
479 0.146000
482 0.148000
484 0.150000
485 0.151000
487 0.152000
488 0.153000
489 0.155000
491 0.156000
492 0.158000
493 0.159000
494 0.161000
495 0.163000
497 0.165000
498 0.167000
499 0.168000
500 0.170000
503 0.171000
504 0.172000
505 0.174000
506 0.175000
507 0.178000
508 0.179000
509 0.180000
510 0.181000
511 0.186000
512 0.187000
513 0.188000
515 0.189000
516 0.191000
518 0.194000
520 0.196000
521 0.198000
522 0.199000
523 0.201000
524 0.202000
525 0.205000
526 0.206000
527 0.208000
528 0.209000
529 0.210000
531 0.213000
533 0.216000
534 0.217000
535 0.219000
536 0.220000
537 0.223000
538 0.224000
539 0.226000
540 0.229000
541 0.232000
542 0.236000
543 0.237000
544 0.242000
545 0.243000
546 0.248000
547 0.249000
548 0.252000
549 0.253000
550 0.254000
551 0.257000
552 0.261000
553 0.263000
554 0.264000
555 0.268000
556 0.269000
557 0.273000
558 0.277000
559 0.278000
560 0.280000
561 0.283000
562 0.284000
563 0.288000
564 0.291000
565 0.293000
566 0.296000
567 0.300000
568 0.305000
569 0.306000
570 0.307000
571 0.309000
572 0.311000
573 0.319000
574 0.322000
575 0.325000
576 0.331000
577 0.332000
579 0.333000
580 0.337000
581 0.342000
582 0.343000
583 0.347000
584 0.348000
585 0.354000
586 0.358000
587 0.361000
588 0.363000
589 0.366000
590 0.369000
591 0.373000
592 0.375000
593 0.380000
594 0.382000
595 0.384000
596 0.388000
597 0.393000
598 0.395000
599 0.396000
600 0.399000
601 0.401000
602 0.404000
603 0.406000
604 0.408000
605 0.409000
607 0.412000
608 0.414000
609 0.422000
610 0.428000
611 0.430000
612 0.431000
613 0.433000
614 0.436000
615 0.438000
616 0.439000
617 0.443000
618 0.448000
619 0.451000
620 0.453000
621 0.457000
622 0.459000
623 0.461000
624 0.467000
625 0.468000
626 0.473000
627 0.475000
628 0.477000
629 0.481000
630 0.483000
631 0.487000
632 0.488000
633 0.489000
635 0.496000
636 0.499000
637 0.500000
638 0.502000
639 0.506000
640 0.508000
641 0.512000
643 0.516000
644 0.519000
645 0.522000
646 0.523000
647 0.530000
648 0.533000
649 0.537000
650 0.538000
651 0.544000
652 0.549000
653 0.551000
654 0.555000
655 0.556000
656 0.558000
657 0.563000
658 0.566000
659 0.570000
660 0.574000
661 0.577000
662 0.580000
663 0.583000
665 0.585000
666 0.587000
667 0.589000
669 0.593000
670 0.595000
671 0.600000
672 0.601000
673 0.603000
674 0.607000
675 0.613000
676 0.615000
677 0.618000
678 0.620000
679 0.625000
680 0.631000
681 0.633000
682 0.637000
683 0.640000
684 0.643000
685 0.644000
686 0.646000
687 0.649000
688 0.652000
689 0.654000
690 0.656000
691 0.658000
692 0.662000
693 0.665000
694 0.666000
695 0.670000
696 0.672000
697 0.674000
699 0.677000
700 0.680000
701 0.684000
702 0.690000
703 0.693000
704 0.696000
705 0.697000
706 0.701000
707 0.704000
708 0.705000
709 0.706000
710 0.709000
711 0.710000
712 0.711000
713 0.715000
714 0.717000
715 0.719000
716 0.720000
717 0.722000
718 0.723000
719 0.724000
720 0.727000
721 0.732000
722 0.733000
723 0.734000
724 0.736000
725 0.737000
727 0.741000
728 0.746000
729 0.747000
730 0.748000
731 0.752000
732 0.754000
733 0.756000
734 0.758000
735 0.762000
736 0.765000
737 0.766000
738 0.767000
739 0.769000
740 0.772000
741 0.776000
743 0.777000
744 0.779000
745 0.780000
746 0.781000
747 0.785000
748 0.788000
749 0.793000
750 0.797000
751 0.798000
752 0.799000
753 0.800000
754 0.802000
755 0.805000
756 0.806000
757 0.807000
758 0.810000
760 0.815000
762 0.817000
763 0.820000
764 0.823000
765 0.824000
767 0.827000
768 0.829000
770 0.831000
772 0.832000
773 0.836000
774 0.837000
776 0.841000
777 0.843000
778 0.845000
779 0.846000
780 0.847000
781 0.849000
783 0.850000
786 0.853000
787 0.856000
788 0.859000
789 0.860000
790 0.862000
791 0.863000
793 0.869000
794 0.870000
795 0.872000
796 0.873000
799 0.875000
800 0.877000
803 0.878000
804 0.880000
806 0.883000
807 0.886000
808 0.887000
809 0.890000
810 0.891000
811 0.892000
812 0.894000
813 0.897000
814 0.899000
815 0.900000
816 0.902000
817 0.906000
818 0.908000
819 0.910000
820 0.911000
822 0.914000
825 0.917000
826 0.918000
827 0.921000
828 0.923000
829 0.926000
830 0.927000
831 0.931000
832 0.932000
833 0.934000
835 0.936000
836 0.937000
837 0.938000
838 0.940000
839 0.942000
840 0.943000
841 0.944000
842 0.947000
844 0.948000
848 0.949000
849 0.950000
850 0.951000
851 0.952000
852 0.954000
856 0.955000
859 0.956000
861 0.957000
862 0.959000
863 0.960000
865 0.962000
866 0.964000
869 0.966000
870 0.967000
871 0.969000
872 0.970000
873 0.972000
875 0.973000
877 0.975000
878 0.976000
882 0.977000
886 0.979000
888 0.980000
889 0.981000
892 0.982000
893 0.983000
896 0.984000
899 0.986000
900 0.987000
905 0.989000
908 0.990000
921 0.991000
924 0.992000
925 0.993000
926 0.994000
927 0.995000
938 0.996000
944 0.997000
948 0.998000
952 0.999000
964 1.000000


