479568 0.000000
479568 0.001000
681288 0.002000
768713 0.003000
808221 0.004000
824487 0.005000
838951 0.006000
859440 0.007000
881081 0.008000
882555 0.009000
916402 0.010000
949407 0.011000
970778 0.012000
972307 0.013000
993416 0.014000
1003296 0.015000
1016027 0.016000
1022987 0.017000
1036605 0.018000
1043430 0.019000
1049538 0.020000
1056582 0.021000
1065124 0.022000
1076190 0.023000
1078543 0.024000
1086610 0.025000
1086699 0.026000
1089204 0.027000
1099170 0.028000
1099745 0.029000
1102839 0.030000
1107486 0.031000
1108265 0.032000
1111408 0.033000
1117446 0.034000
1123510 0.035000
1124158 0.036000
1125352 0.037000
1125562 0.038000
1125674 0.039000
1130729 0.040000
1133603 0.041000
1133916 0.042000
1135348 0.043000
1136567 0.044000
1139316 0.045000
1141796 0.046000
1145010 0.047000
1151563 0.048000
1160648 0.049000
1160695 0.050000
1166098 0.051000
1167479 0.052000
1168348 0.053000
1173192 0.054000
1176345 0.055000
1181962 0.056000
1181967 0.057000
1186262 0.058000
1188093 0.059000
1189680 0.060000
1194133 0.061000
1194652 0.062000
1204895 0.063000
1209075 0.064000
1211938 0.065000
1212224 0.066000
1214040 0.067000
1215972 0.068000
1218722 0.069000
1220180 0.070000
1220659 0.071000
1224219 0.072000
1225139 0.073000
1225983 0.074000
1226801 0.075000
1227432 0.076000
1227724 0.077000
1231707 0.078000
1231767 0.079000
1236560 0.080000
1236872 0.081000
1240210 0.082000
1243018 0.083000
1251334 0.084000
1251464 0.085000
1251486 0.086000
1256697 0.087000
1257720 0.088000
1260070 0.089000
1260445 0.090000
1264311 0.091000
1264512 0.092000
1265413 0.093000
1266212 0.094000
1268163 0.095000
1272222 0.096000
1272870 0.097000
1273728 0.098000
1275920 0.099000
1276027 0.100000
1276318 0.101000
1276671 0.102000
1277103 0.103000
1278298 0.104000
1282108 0.105000
1286746 0.106000
1288005 0.107000
1288179 0.108000
1288783 0.109000
1288828 0.110000
1295511 0.111000
1295940 0.112000
1297176 0.113000
1298499 0.114000
1301542 0.115000
1301692 0.116000
1301849 0.117000
1301987 0.118000
1302170 0.119000
1302248 0.120000
1303590 0.121000
1303702 0.122000
1304461 0.123000
1306236 0.124000
1306416 0.125000
1306970 0.126000
1308184 0.127000
1308228 0.128000
1308286 0.129000
1309117 0.130000
1309620 0.131000
1309747 0.132000
1310494 0.133000
1311235 0.134000
1311976 0.135000
1312877 0.136000
1313243 0.137000
1315055 0.138000
1315426 0.139000
1316317 0.140000
1316384 0.141000
1316722 0.142000
1317134 0.143000
1318034 0.144000
1319120 0.145000
1320499 0.146000
1321127 0.147000
1322034 0.148000
1322590 0.149000
1322619 0.150000
1324912 0.151000
1324980 0.152000
1328938 0.153000
1331205 0.154000
1331337 0.155000
1332665 0.156000
1333857 0.157000
1334020 0.158000
1334870 0.159000
1335967 0.160000
1336001 0.161000
1336525 0.162000
1337093 0.163000
1337644 0.164000
1337778 0.165000
1337902 0.166000
1338522 0.167000
1339440 0.168000
1341274 0.169000
1341334 0.170000
1341914 0.171000
1342550 0.172000
1342561 0.173000
1342797 0.174000
1343577 0.175000
1344117 0.176000
1344536 0.177000
1344813 0.178000
1345108 0.179000
1345524 0.180000
1345814 0.181000
1346002 0.182000
1346271 0.183000
1346566 0.184000
1346677 0.185000
1347044 0.186000
1347283 0.187000
1348010 0.188000
1348393 0.189000
1349610 0.190000
1350840 0.191000
1351086 0.192000
1351678 0.193000
1352262 0.194000
1352411 0.195000
1352947 0.196000
1353429 0.197000
1354099 0.198000
1354852 0.199000
1354886 0.200000
1355069 0.201000
1355411 0.202000
1355525 0.203000
1355591 0.204000
1356137 0.205000
1356452 0.206000
1357607 0.207000
1358118 0.208000
1359263 0.209000
1360950 0.210000
1361124 0.211000
1361755 0.212000
1361903 0.213000
1361941 0.214000
1362239 0.215000
1364191 0.216000
1364747 0.217000
1365266 0.218000
1365596 0.219000
1365945 0.220000
1366126 0.221000
1366323 0.222000
1366571 0.223000
1366858 0.224000
1367094 0.225000
1367762 0.226000
1368076 0.227000
1368771 0.228000
1369223 0.229000
1369396 0.230000
1370326 0.231000
1370673 0.232000
1371113 0.233000
1371463 0.234000
1372179 0.235000
1372394 0.236000
1372396 0.237000
1372716 0.238000
1372783 0.239000
1373137 0.240000
1373532 0.241000
1374901 0.242000
1375123 0.243000
1376244 0.244000
1377851 0.245000
1378289 0.246000
1379229 0.247000
1379234 0.248000
1379448 0.249000
1379735 0.250000
1380588 0.251000
1380837 0.252000
1381297 0.253000
1381338 0.254000
1381387 0.255000
1381532 0.256000
1381808 0.257000
1382813 0.258000
1384404 0.259000
1384669 0.260000
1385354 0.261000
1385414 0.262000
1385460 0.263000
1385497 0.264000
1386234 0.265000
1386296 0.266000
1386412 0.267000
1386423 0.268000
1386540 0.269000
1386685 0.270000
1387267 0.271000
1388132 0.272000
1388393 0.273000
1388807 0.274000
1388852 0.275000
1388876 0.276000
1389524 0.277000
1389532 0.278000
1389574 0.279000
1389644 0.280000
1389858 0.281000
1390189 0.282000
1390214 0.283000
1391512 0.284000
1391528 0.285000
1393002 0.286000
1393232 0.287000
1393245 0.288000
1393752 0.289000
1393970 0.290000
1394128 0.291000
1394819 0.292000
1394986 0.293000
1396176 0.294000
1396683 0.295000
1397346 0.296000
1397568 0.297000
1397836 0.298000
1398183 0.299000
1398258 0.300000
1399050 0.301000
1399059 0.302000
1399419 0.303000
1399854 0.304000
1399858 0.305000
1400882 0.306000
1400993 0.307000
1401808 0.308000
1402000 0.309000
1403407 0.310000
1404272 0.311000
1404522 0.312000
1404610 0.313000
1404614 0.314000
1405159 0.315000
1405198 0.316000
1405325 0.317000
1405421 0.318000
1406022 0.319000
1406090 0.320000
1406250 0.321000
1406348 0.322000
1406502 0.323000
1406506 0.324000
1406657 0.325000
1406885 0.326000
1407965 0.327000
1408093 0.328000
1408270 0.329000
1408980 0.330000
1408989 0.331000
1409209 0.332000
1410100 0.333000
1410406 0.334000
1410567 0.335000
1410596 0.336000
1411917 0.337000
1412038 0.338000
1412069 0.339000
1412154 0.340000
1412294 0.341000
1412362 0.342000
1412814 0.343000
1413566 0.344000
1413661 0.345000
1414081 0.346000
1414486 0.347000
1414645 0.348000
1414821 0.349000
1416086 0.350000
1416520 0.351000
1416602 0.352000
1417061 0.353000
1417093 0.354000
1417318 0.355000
1418090 0.356000
1418188 0.357000
1418247 0.358000
1418663 0.359000
1418770 0.360000
1418850 0.361000
1419338 0.362000
1420131 0.363000
1421429 0.364000
1421845 0.365000
1422225 0.366000
1422744 0.367000
1422954 0.368000
1423150 0.369000
1423575 0.370000
1423602 0.371000
1423897 0.372000
1424353 0.373000
1424635 0.374000
1425431 0.375000
1426214 0.376000
1426632 0.377000
1427200 0.378000
1427251 0.379000
1428602 0.380000
1428649 0.381000
1428831 0.382000
1429097 0.383000
1429555 0.384000
1429610 0.385000
1429704 0.386000
1429781 0.387000
1429877 0.388000
1430157 0.389000
1430679 0.390000
1430842 0.391000
1430892 0.392000
1431082 0.393000
1431150 0.394000
1431615 0.395000
1432885 0.396000
1433158 0.397000
1433250 0.398000
1433254 0.399000
1433309 0.400000
1434524 0.401000
1434755 0.402000
1435503 0.403000
1435588 0.404000
1435687 0.405000
1435856 0.406000
1436169 0.407000
1436475 0.408000
1437693 0.409000
1437924 0.410000
1438012 0.411000
1438064 0.412000
1438993 0.413000
1439011 0.414000
1439457 0.415000
1439650 0.416000
1441380 0.417000
1441710 0.418000
1441977 0.419000
1442388 0.420000
1442566 0.421000
1442886 0.422000
1443046 0.423000
1443769 0.424000
1443792 0.425000
1444777 0.426000
1444965 0.427000
1444982 0.428000
1445030 0.429000
1446660 0.430000
1446822 0.431000
1447371 0.432000
1448339 0.433000
1448610 0.434000
1448645 0.435000
1449067 0.436000
1449215 0.437000
1450115 0.438000
1450484 0.439000
1450731 0.440000
1451587 0.441000
1451620 0.442000
1451637 0.443000
1451990 0.444000
1452016 0.445000
1452570 0.446000
1452587 0.447000
1452641 0.448000
1452690 0.449000
1452723 0.450000
1453164 0.451000
1453190 0.452000
1453364 0.453000
1454706 0.454000
1454899 0.455000
1454977 0.456000
1455311 0.457000
1455878 0.458000
1456196 0.459000
1456239 0.460000
1456578 0.461000
1457059 0.462000
1457265 0.463000
1457336 0.464000
1457507 0.465000
1457661 0.466000
1457870 0.467000
1458370 0.468000
1458609 0.469000
1458637 0.470000
1458659 0.471000
1458832 0.472000
1458857 0.473000
1458932 0.474000
1458962 0.475000
1458987 0.476000
1459024 0.477000
1459717 0.478000
1459749 0.479000
1459759 0.480000
1459800 0.481000
1460143 0.482000
1460166 0.483000
1460417 0.484000
1460611 0.485000
1460779 0.486000
1461142 0.487000
1461249 0.488000
1461579 0.489000
1461990 0.490000
1462545 0.491000
1462671 0.492000
1463300 0.493000
1464259 0.494000
1464324 0.495000
1464700 0.496000
1465269 0.497000
1465289 0.498000
1465917 0.499000
1465990 0.500000
1465997 0.501000
1466280 0.502000
1466286 0.503000
1466399 0.504000
1466710 0.505000
1467871 0.506000
1468115 0.507000
1468453 0.508000
1468543 0.509000
1468782 0.510000
1469270 0.511000
1469292 0.512000
1469415 0.513000
1469939 0.514000
1469945 0.515000
1470265 0.516000
1470475 0.517000
1470548 0.518000
1470789 0.519000
1470957 0.520000
1471175 0.521000
1471715 0.522000
1471758 0.523000
1471869 0.524000
1471895 0.525000
1472046 0.526000
1472219 0.527000
1472243 0.528000
1472534 0.529000
1472632 0.530000
1472676 0.531000
1473487 0.532000
1473620 0.533000
1473660 0.534000
1473940 0.535000
1474288 0.536000
1474297 0.537000
1474529 0.538000
1474851 0.539000
1475536 0.540000
1476313 0.542000
1477904 0.543000
1478004 0.544000
1478190 0.545000
1478529 0.546000
1478729 0.547000
1478753 0.548000
1478780 0.549000
1478852 0.550000
1478978 0.551000
1479427 0.552000
1479787 0.553000
1480797 0.554000
1481015 0.555000
1481275 0.556000
1481357 0.557000
1481749 0.558000
1482851 0.559000
1483363 0.560000
1483418 0.561000
1483426 0.562000
1483449 0.563000
1483494 0.564000
1484356 0.565000
1485070 0.566000
1485436 0.567000
1485437 0.568000
1485513 0.569000
1486555 0.570000
1487124 0.571000
1487228 0.572000
1487535 0.573000
1487954 0.574000
1488219 0.575000
1488936 0.576000
1489173 0.577000
1489294 0.578000
1489514 0.579000
1489561 0.580000
1489568 0.581000
1489974 0.582000
1490215 0.583000
1490416 0.584000
1490874 0.585000
1490957 0.586000
1491664 0.587000
1491687 0.588000
1491814 0.589000
1492456 0.590000
1492711 0.591000
1492767 0.592000
1493133 0.593000
1493184 0.594000
1493539 0.595000
1493746 0.596000
1493979 0.597000
1494408 0.598000
1494619 0.599000
1495072 0.600000
1495198 0.601000
1495203 0.602000
1497113 0.603000
1497577 0.604000
1498020 0.605000
1498103 0.606000
1498284 0.607000
1498361 0.608000
1498413 0.609000
1498827 0.610000
1499252 0.611000
1499641 0.612000
1499657 0.613000
1499702 0.614000
1499718 0.615000
1499991 0.616000
1500303 0.617000
1501319 0.618000
1501527 0.619000
1501892 0.620000
1502481 0.621000
1502763 0.622000
1502772 0.623000
1503333 0.624000
1503541 0.625000
1503623 0.626000
1504255 0.627000
1504328 0.628000
1505672 0.629000
1505893 0.630000
1506293 0.631000
1506525 0.632000
1506681 0.633000
1506815 0.634000
1506916 0.635000
1507184 0.636000
1507401 0.637000
1507617 0.638000
1507695 0.639000
1507784 0.640000
1508203 0.641000
1508455 0.642000
1508618 0.643000
1509038 0.644000
1509159 0.645000
1509223 0.646000
1509340 0.647000
1509456 0.648000
1509965 0.649000
1510085 0.650000
1510174 0.651000
1510380 0.652000
1510572 0.653000
1511161 0.654000
1511177 0.655000
1511213 0.656000
1511495 0.657000
1511774 0.658000
1512096 0.659000
1512130 0.660000
1512407 0.661000
1512625 0.662000
1512950 0.663000
1513300 0.664000
1513444 0.665000
1513578 0.666000
1513762 0.667000
1513795 0.668000
1514090 0.669000
1514545 0.670000
1514849 0.671000
1515140 0.672000
1515245 0.673000
1516151 0.674000
1516168 0.675000
1516649 0.676000
1517392 0.677000
1517570 0.678000
1517582 0.679000
1517650 0.680000
1517828 0.681000
1518013 0.682000
1518422 0.683000
1519517 0.684000
1519891 0.685000
1520698 0.686000
1520855 0.687000
1521201 0.688000
1521840 0.689000
1521879 0.690000
1521945 0.691000
1522297 0.692000
1523027 0.693000
1523051 0.694000
1523356 0.695000
1523506 0.696000
1523510 0.697000
1523534 0.698000
1524808 0.699000
1524838 0.700000
1525055 0.701000
1525241 0.702000
1526075 0.703000
1526525 0.704000
1527214 0.705000
1527589 0.706000
1527953 0.707000
1528109 0.708000
1528125 0.709000
1528795 0.710000
1528944 0.711000
1529178 0.712000
1530085 0.713000
1530198 0.714000
1530226 0.715000
1530740 0.716000
1530749 0.717000
1531295 0.718000
1531317 0.719000
1531456 0.720000
1531511 0.721000
1531620 0.722000
1531804 0.723000
1532366 0.724000
1532805 0.725000
1532838 0.726000
1532951 0.727000
1533039 0.728000
1533164 0.729000
1533794 0.730000
1533932 0.731000
1533993 0.732000
1534376 0.733000
1535614 0.734000
1535655 0.735000
1535726 0.736000
1536210 0.737000
1536577 0.738000
1537000 0.739000
1537698 0.740000
1537997 0.741000
1538001 0.742000
1538084 0.743000
1538471 0.744000
1539329 0.745000
1540082 0.746000
1540558 0.747000
1540717 0.748000
1541095 0.749000
1541963 0.750000
1542245 0.751000
1542747 0.752000
1542770 0.753000
1543504 0.754000
1543636 0.755000
1543752 0.756000
1543818 0.757000
1543837 0.758000
1543994 0.759000
1544394 0.760000
1544489 0.761000
1544557 0.762000
1544853 0.763000
1546731 0.764000
1546742 0.765000
1546770 0.766000
1546870 0.767000
1547040 0.768000
1547219 0.769000
1547481 0.770000
1547555 0.771000
1548208 0.772000
1548451 0.773000
1549603 0.774000
1550166 0.775000
1550212 0.776000
1550739 0.777000
1551497 0.778000
1551609 0.779000
1551640 0.780000
1551919 0.781000
1553287 0.782000
1554434 0.783000
1554642 0.784000
1554723 0.785000
1555563 0.786000
1555702 0.787000
1555825 0.788000
1556394 0.789000
1556622 0.790000
1556750 0.791000
1556804 0.792000
1556868 0.793000
1557456 0.794000
1558452 0.795000
1559008 0.796000
1559072 0.797000
1559311 0.798000
1559349 0.799000
1560821 0.800000
1560930 0.801000
1561363 0.802000
1561464 0.803000
1562003 0.804000
1562012 0.805000
1562294 0.806000
1562860 0.807000
1563363 0.808000
1563455 0.809000
1563582 0.810000
1563638 0.811000
1563952 0.812000
1564052 0.813000
1564313 0.814000
1564485 0.815000
1564864 0.816000
1565520 0.817000
1565854 0.818000
1567077 0.819000
1567100 0.820000
1567110 0.821000
1567482 0.822000
1567528 0.823000
1568135 0.824000
1568531 0.825000
1569584 0.826000
1569773 0.827000
1571075 0.828000
1572020 0.829000
1572549 0.830000
1572822 0.831000
1572996 0.832000
1573118 0.833000
1573805 0.834000
1574768 0.835000
1575379 0.836000
1576673 0.837000
1577918 0.838000
1578080 0.839000
1578634 0.840000
1578927 0.841000
1579892 0.842000
1580096 0.843000
1580498 0.844000
1580653 0.845000
1580709 0.846000
1581103 0.847000
1581767 0.848000
1582037 0.849000
1586644 0.850000
1587206 0.851000
1588037 0.852000
1588249 0.853000
1588266 0.854000
1588706 0.855000
1590243 0.856000
1590518 0.857000
1590738 0.858000
1591385 0.859000
1591503 0.860000
1592111 0.861000
1593179 0.862000
1593507 0.863000
1593915 0.864000
1596508 0.865000
1596589 0.866000
1597008 0.867000
1597392 0.868000
1598027 0.869000
1598981 0.870000
1600149 0.871000
1600255 0.872000
1600538 0.873000
1600729 0.874000
1601634 0.875000
1603200 0.876000
1603406 0.877000
1603942 0.878000
1604352 0.879000
1605112 0.880000
1605323 0.881000
1605333 0.882000
1605367 0.883000
1605392 0.884000
1606220 0.885000
1607097 0.886000
1608237 0.887000
1611024 0.888000
1611028 0.889000
1611352 0.890000
1611727 0.891000
1611934 0.892000
1612174 0.893000
1613899 0.894000
1614066 0.895000
1614170 0.896000
1614790 0.897000
1615724 0.898000
1616018 0.899000
1616323 0.900000
1616328 0.901000
1616666 0.902000
1618029 0.903000
1618846 0.904000
1618853 0.905000
1619744 0.906000
1620331 0.907000
1620972 0.908000
1621075 0.909000
1621177 0.910000
1621213 0.911000
1622486 0.912000
1622760 0.913000
1622944 0.914000
1623874 0.915000
1624121 0.916000
1624839 0.917000
1624852 0.918000
1625207 0.919000
1627095 0.920000
1627501 0.921000
1628246 0.922000
1628351 0.923000
1628629 0.924000
1630181 0.925000
1630823 0.926000
1630854 0.927000
1631906 0.928000
1631942 0.929000
1632529 0.930000
1632801 0.931000
1632872 0.932000
1633636 0.933000
1635164 0.934000
1637694 0.935000
1637851 0.936000
1640226 0.937000
1640923 0.938000
1641329 0.939000
1642333 0.940000
1642642 0.941000
1646444 0.942000
1647821 0.943000
1651746 0.944000
1652055 0.945000
1652073 0.946000
1652448 0.947000
1653861 0.948000
1660337 0.949000
1662544 0.950000
1666907 0.951000
1667490 0.952000
1667917 0.953000
1671966 0.954000
1672120 0.955000
1673604 0.956000
1674083 0.957000
1674103 0.958000
1675479 0.959000
1676815 0.960000
1677047 0.961000
1677708 0.962000
1679003 0.963000
1679717 0.964000
1680403 0.965000
1684701 0.966000
1687912 0.967000
1688970 0.968000
1689239 0.969000
1689672 0.970000
1689846 0.971000
1690849 0.972000
1691063 0.973000
1693202 0.974000
1694625 0.975000
1695127 0.976000
1695687 0.977000
1697826 0.978000
1702722 0.979000
1703486 0.980000
1708520 0.981000
1710287 0.982000
1712335 0.983000
1715599 0.984000
1729026 0.985000
1729631 0.986000
1730843 0.987000
1730882 0.988000
1733217 0.989000
1734653 0.990000
1744485 0.991000
1745429 0.992000
1749389 0.993000
1752873 0.994000
1754216 0.995000
1756136 0.996000
1766946 0.997000
1770798 0.998000
1789119 0.999000
1805524 1.000000


