226196 0.000000
226196 0.001000
299555 0.002000
339351 0.003000
352356 0.004000
385271 0.005000
390834 0.006000
403799 0.007000
411575 0.008000
418638 0.009000
442678 0.010000
445866 0.011000
460854 0.012000
463945 0.013000
465600 0.014000
469265 0.015000
470351 0.016000
472040 0.017000
474934 0.018000
483544 0.019000
490095 0.020000
492010 0.021000
492584 0.022000
494710 0.023000
497997 0.024000
499900 0.025000
501131 0.026000
504338 0.027000
504457 0.028000
505939 0.029000
507887 0.030000
508926 0.031000
510039 0.032000
510431 0.033000
510983 0.034000
515950 0.035000
517474 0.036000
518115 0.037000
521621 0.038000
523860 0.039000
524081 0.040000
528816 0.041000
529045 0.042000
531089 0.043000
531479 0.044000
534368 0.045000
534468 0.046000
536637 0.047000
538036 0.048000
542369 0.049000
542406 0.050000
543581 0.051000
544437 0.052000
545882 0.053000
548372 0.054000
553861 0.055000
557591 0.056000
558127 0.057000
558798 0.058000
559784 0.059000
561013 0.060000
561428 0.061000
566012 0.062000
568193 0.063000
569668 0.064000
571512 0.065000
572522 0.066000
574179 0.067000
575782 0.068000
577897 0.069000
578548 0.070000
579722 0.071000
582051 0.072000
583313 0.073000
584080 0.074000
584099 0.075000
584135 0.076000
584700 0.077000
586027 0.078000
586458 0.079000
587449 0.080000
587747 0.081000
588926 0.082000
589447 0.083000
589769 0.084000
591069 0.085000
593343 0.086000
593632 0.087000
594745 0.088000
594919 0.089000
594955 0.090000
595258 0.091000
595440 0.092000
596942 0.093000
598758 0.094000
599455 0.095000
599876 0.096000
601204 0.097000
601252 0.098000
601372 0.099000
601381 0.100000
602719 0.101000
603141 0.102000
605395 0.103000
605885 0.104000
606804 0.105000
607971 0.106000
608346 0.107000
608901 0.108000
609113 0.109000
609452 0.110000
609699 0.111000
610192 0.112000
610801 0.113000
611088 0.114000
612472 0.115000
612567 0.116000
613321 0.117000
614250 0.118000
614565 0.119000
615788 0.120000
617827 0.121000
617875 0.122000
618285 0.123000
618857 0.124000
621558 0.125000
622522 0.126000
622965 0.127000
623279 0.128000
623288 0.129000
623786 0.130000
630216 0.131000
630862 0.132000
631212 0.133000
632079 0.134000
632141 0.135000
633069 0.136000
635689 0.137000
635811 0.138000
638080 0.139000
638224 0.140000
639556 0.141000
641075 0.142000
641595 0.143000
641621 0.144000
642561 0.145000
643070 0.146000
643981 0.147000
645029 0.148000
645048 0.149000
645412 0.150000
647849 0.151000
648752 0.152000
649031 0.153000
649153 0.154000
649807 0.155000
650019 0.156000
651065 0.157000
651549 0.158000
652037 0.159000
654141 0.160000
654447 0.161000
655045 0.162000
655753 0.163000
656115 0.164000
657766 0.165000
657968 0.166000
658344 0.167000
658448 0.168000
658894 0.169000
658931 0.170000
660509 0.171000
663393 0.172000
664001 0.173000
664714 0.174000
664883 0.175000
665298 0.176000
667257 0.177000
667788 0.178000
668039 0.179000
668078 0.180000
668401 0.181000
668579 0.182000
669614 0.183000
670089 0.184000
670215 0.185000
670492 0.186000
670817 0.187000
671162 0.188000
671664 0.189000
671924 0.190000
672637 0.191000
673789 0.192000
674737 0.193000
674839 0.194000
675016 0.195000
675104 0.196000
675294 0.197000
675331 0.198000
675956 0.199000
676824 0.200000
678900 0.201000
678958 0.202000
679132 0.203000
679738 0.204000
680709 0.205000
681035 0.206000
681496 0.207000
682833 0.208000
683913 0.209000
683996 0.210000
684993 0.211000
685313 0.212000
685532 0.213000
685586 0.214000
686170 0.215000
686568 0.216000
686621 0.217000
686733 0.218000
686769 0.219000
688543 0.220000
688870 0.221000
689260 0.222000
689535 0.223000
689737 0.224000
689910 0.225000
690604 0.226000
690679 0.227000
692498 0.228000
692594 0.229000
693638 0.230000
693880 0.231000
694685 0.232000
695099 0.233000
695337 0.234000
695426 0.235000
696277 0.236000
696579 0.237000
696623 0.238000
697180 0.239000
698041 0.240000
698633 0.241000
699006 0.242000
699283 0.243000
699450 0.244000
700434 0.245000
700510 0.246000
700694 0.247000
700894 0.248000
701290 0.249000
701775 0.250000
704483 0.251000
704545 0.252000
704945 0.253000
705198 0.254000
705395 0.255000
705626 0.256000
705756 0.257000
707381 0.258000
708741 0.259000
708783 0.260000
708940 0.261000
709215 0.262000
709521 0.263000
710619 0.264000
711797 0.265000
712048 0.266000
712313 0.267000
712864 0.268000
712893 0.269000
713374 0.270000
713426 0.271000
714089 0.272000
714737 0.273000
715020 0.274000
715482 0.275000
715922 0.276000
715965 0.277000
716259 0.278000
717130 0.279000
717305 0.280000
717309 0.281000
718123 0.282000
719006 0.283000
719071 0.284000
719325 0.285000
719961 0.286000
720256 0.287000
720861 0.288000
721142 0.289000
721195 0.290000
721201 0.291000
721939 0.292000
721985 0.293000
722121 0.294000
722916 0.295000
723345 0.296000
724140 0.297000
724360 0.298000
724389 0.300000
725317 0.301000
725627 0.302000
725818 0.303000
726190 0.304000
726845 0.305000
726984 0.306000
727128 0.307000
727516 0.308000
727708 0.309000
727915 0.310000
727979 0.311000
728020 0.312000
728057 0.313000
728897 0.314000
729250 0.315000
729313 0.316000
729387 0.317000
729904 0.318000
729962 0.319000
730057 0.320000
730684 0.321000
731424 0.322000
731738 0.323000
732143 0.324000
732297 0.325000
732599 0.326000
732794 0.327000
732957 0.328000
733220 0.329000
733522 0.330000
733692 0.331000
734442 0.332000
734582 0.333000
734772 0.334000
735124 0.335000
735287 0.336000
735555 0.337000
736054 0.338000
736910 0.339000
737210 0.340000
737386 0.341000
737567 0.342000
740292 0.343000
740457 0.344000
740473 0.345000
741477 0.346000
741479 0.347000
741702 0.348000
741710 0.349000
741712 0.350000
742364 0.351000
742395 0.352000
742646 0.353000
743757 0.354000
743771 0.355000
743825 0.356000
743927 0.357000
744616 0.358000
744640 0.359000
744873 0.360000
745734 0.361000
745866 0.362000
745974 0.363000
746577 0.364000
747724 0.365000
748058 0.366000
748165 0.367000
748314 0.368000
748451 0.369000
748532 0.370000
749030 0.371000
749547 0.372000
749945 0.373000
750201 0.374000
750511 0.375000
750725 0.376000
750946 0.377000
751010 0.378000
751170 0.379000
751439 0.380000
751981 0.381000
752034 0.382000
752180 0.383000
752587 0.384000
753889 0.385000
754028 0.386000
754679 0.387000
755400 0.388000
756558 0.389000
756855 0.390000
757657 0.391000
757922 0.392000
758194 0.393000
759645 0.394000
759693 0.395000
760515 0.396000
760875 0.397000
761028 0.398000
762049 0.399000
762444 0.400000
762573 0.401000
762718 0.402000
762878 0.403000
763020 0.404000
763729 0.405000
764733 0.406000
764776 0.407000
764870 0.408000
765616 0.409000
765793 0.410000
766008 0.411000
766085 0.412000
766228 0.413000
766256 0.414000
766532 0.415000
766567 0.416000
767120 0.417000
767123 0.418000
767288 0.419000
767688 0.420000
767945 0.421000
768074 0.422000
768223 0.423000
768562 0.424000
768813 0.425000
769142 0.426000
769945 0.427000
770050 0.428000
770996 0.429000
771187 0.430000
771213 0.431000
771598 0.432000
771794 0.433000
772435 0.434000
773020 0.435000
773253 0.436000
773297 0.437000
773302 0.438000
773510 0.439000
773645 0.440000
774268 0.441000
775066 0.442000
776219 0.443000
776422 0.444000
776574 0.445000
776920 0.446000
776987 0.447000
777390 0.448000
777896 0.449000
778202 0.450000
778359 0.451000
778824 0.452000
778999 0.453000
779021 0.454000
779306 0.455000
779435 0.456000
779448 0.457000
779538 0.458000
779601 0.459000
779622 0.460000
779626 0.461000
780001 0.462000
780093 0.463000
780520 0.464000
781250 0.465000
781405 0.466000
781471 0.467000
781782 0.468000
782076 0.469000
782361 0.470000
784363 0.471000
784701 0.472000
784911 0.473000
786473 0.474000
786762 0.475000
787499 0.476000
787599 0.477000
788339 0.478000
788559 0.479000
788566 0.480000
788772 0.481000
789156 0.482000
789386 0.483000
789847 0.484000
789849 0.485000
789907 0.486000
790071 0.487000
790079 0.488000
790338 0.489000
790855 0.490000
790881 0.491000
791567 0.492000
791673 0.493000
792465 0.494000
792932 0.495000
793095 0.496000
793312 0.497000
793439 0.498000
793683 0.499000
794463 0.500000
794684 0.501000
795787 0.502000
796109 0.503000
796453 0.504000
796495 0.505000
796551 0.506000
796959 0.507000
797193 0.508000
798363 0.509000
798764 0.510000
799211 0.511000
799527 0.512000
799729 0.513000
799980 0.514000
799994 0.515000
800218 0.516000
800247 0.517000
800399 0.518000
800477 0.519000
801024 0.520000
801089 0.521000
801117 0.522000
801349 0.523000
801460 0.524000
801865 0.525000
802860 0.526000
802991 0.527000
803168 0.528000
803350 0.529000
804137 0.530000
804149 0.531000
805434 0.532000
805504 0.533000
805574 0.534000
805632 0.535000
805668 0.536000
806374 0.537000
806773 0.538000
807118 0.539000
807360 0.540000
807435 0.541000
807623 0.542000
807675 0.543000
807797 0.544000
808142 0.545000
808152 0.546000
808410 0.547000
808645 0.548000
808743 0.549000
808964 0.550000
809352 0.551000
809460 0.552000
809658 0.553000
809694 0.554000
809928 0.555000
810095 0.556000
810121 0.557000
810326 0.558000
810396 0.559000
810582 0.560000
813070 0.561000
813253 0.562000
813962 0.563000
814900 0.564000
815975 0.565000
816020 0.566000
816174 0.567000
816282 0.568000
816722 0.569000
816794 0.570000
817914 0.571000
818115 0.572000
818180 0.573000
818416 0.574000
818458 0.575000
818559 0.576000
818905 0.577000
820413 0.578000
820496 0.579000
821071 0.580000
821221 0.581000
821314 0.582000
821533 0.583000
823802 0.584000
824092 0.585000
824197 0.586000
824213 0.587000
824360 0.588000
824672 0.589000
824883 0.590000
825099 0.591000
825364 0.592000
825401 0.593000
825460 0.594000
825604 0.595000
825726 0.596000
826653 0.597000
827879 0.598000
827884 0.599000
828263 0.600000
828332 0.601000
829318 0.602000
830038 0.603000
830745 0.604000
831982 0.605000
833823 0.606000
834517 0.607000
834833 0.608000
834975 0.609000
834995 0.610000
835466 0.611000
835560 0.612000
835886 0.613000
835954 0.614000
836006 0.615000
836085 0.616000
836108 0.617000
836492 0.618000
836961 0.619000
837352 0.620000
837572 0.621000
838011 0.622000
838629 0.623000
838906 0.624000
839128 0.625000
839372 0.626000
839509 0.627000
839966 0.628000
839968 0.629000
840683 0.630000
841461 0.631000
841612 0.632000
842001 0.633000
842117 0.634000
842210 0.635000
843127 0.636000
843850 0.637000
845103 0.638000
845510 0.639000
845662 0.640000
847090 0.641000
847111 0.642000
847424 0.643000
847820 0.644000
847870 0.645000
848609 0.646000
849916 0.647000
850249 0.648000
850309 0.649000
850844 0.650000
851350 0.651000
851404 0.652000
851408 0.653000
851432 0.654000
851471 0.655000
851555 0.656000
851808 0.657000
852286 0.658000
852777 0.659000
853117 0.660000
853625 0.661000
853777 0.662000
853816 0.663000
854440 0.664000
854544 0.665000
854679 0.666000
854838 0.667000
855034 0.668000
855274 0.669000
855416 0.670000
855602 0.671000
855686 0.672000
856948 0.673000
857226 0.674000
857292 0.675000
857612 0.676000
857877 0.677000
857936 0.678000
858173 0.679000
858501 0.680000
858696 0.681000
858731 0.682000
858816 0.683000
861555 0.684000
862877 0.685000
863212 0.686000
863978 0.687000
864316 0.688000
864363 0.689000
864826 0.690000
864942 0.691000
865056 0.692000
865650 0.693000
866395 0.694000
866457 0.695000
866820 0.696000
866877 0.697000
866941 0.698000
867057 0.699000
867111 0.700000
867381 0.701000
867461 0.702000
867875 0.703000
868087 0.704000
868197 0.705000
868704 0.706000
868713 0.707000
868806 0.708000
868953 0.709000
870268 0.710000
870454 0.711000
870705 0.712000
872905 0.713000
874057 0.714000
874623 0.715000
875365 0.716000
875734 0.717000
875751 0.718000
875975 0.719000
876540 0.720000
876547 0.721000
877324 0.722000
877742 0.723000
877963 0.724000
878292 0.725000
878540 0.726000
878799 0.727000
878914 0.728000
879713 0.729000
880053 0.730000
880240 0.731000
881045 0.732000
881380 0.733000
881461 0.734000
881923 0.735000
883065 0.736000
883414 0.737000
884075 0.738000
884486 0.739000
884822 0.740000
885273 0.741000
885721 0.742000
885722 0.743000
886023 0.744000
887721 0.745000
887831 0.746000
888816 0.747000
888961 0.748000
889312 0.749000
891410 0.750000
892562 0.751000
892853 0.752000
893477 0.753000
893548 0.754000
893772 0.755000
894556 0.756000
894685 0.757000
895131 0.758000
895389 0.759000
895964 0.760000
896740 0.761000
896787 0.762000
896820 0.763000
896834 0.764000
896864 0.765000
898154 0.766000
898685 0.767000
898953 0.768000
899669 0.769000
899855 0.770000
900142 0.771000
900320 0.772000
900517 0.773000
900565 0.774000
901029 0.775000
901601 0.776000
901900 0.777000
902575 0.778000
903178 0.779000
904148 0.780000
905319 0.781000
905749 0.782000
905800 0.783000
906480 0.784000
906602 0.785000
906614 0.786000
906777 0.787000
908116 0.788000
908173 0.789000
908877 0.790000
909339 0.791000
909590 0.792000
911371 0.793000
911693 0.794000
912362 0.795000
913246 0.796000
913518 0.797000
914108 0.798000
914530 0.799000
914688 0.800000
915005 0.801000
916063 0.802000
918218 0.803000
918251 0.804000
918302 0.805000
918497 0.806000
919115 0.807000
919497 0.808000
919537 0.809000
919681 0.810000
919690 0.811000
920421 0.812000
920817 0.813000
920825 0.814000
920960 0.815000
921504 0.816000
921969 0.817000
922975 0.818000
923977 0.819000
924019 0.820000
924176 0.821000
924764 0.822000
924947 0.823000
926528 0.824000
927835 0.825000
927959 0.826000
928406 0.827000
928483 0.828000
928706 0.829000
928871 0.830000
928962 0.831000
929504 0.832000
929666 0.833000
929902 0.834000
930128 0.835000
930311 0.836000
931192 0.837000
931326 0.838000
932203 0.839000
932934 0.840000
933385 0.841000
933735 0.842000
934366 0.843000
935125 0.844000
935720 0.845000
936402 0.846000
936686 0.847000
937653 0.848000
937772 0.849000
937956 0.850000
938942 0.851000
939421 0.853000
939512 0.854000
940663 0.855000
940937 0.856000
943588 0.857000
943927 0.858000
944088 0.859000
945749 0.860000
945779 0.861000
947049 0.862000
947151 0.863000
947463 0.864000
947466 0.865000
948756 0.866000
949193 0.867000
949617 0.868000
950505 0.869000
950524 0.870000
950998 0.871000
951262 0.872000
951564 0.873000
952424 0.874000
952593 0.875000
953424 0.876000
954362 0.877000
956137 0.878000
956511 0.879000
956900 0.880000
957114 0.881000
958046 0.882000
958876 0.883000
958995 0.884000
959153 0.885000
959930 0.886000
960309 0.887000
961811 0.888000
963130 0.889000
965333 0.890000
966530 0.891000
967673 0.892000
968320 0.893000
969138 0.894000
969529 0.895000
969950 0.896000
970668 0.897000
970870 0.898000
970941 0.899000
971010 0.900000
971510 0.901000
972435 0.902000
972925 0.903000
973312 0.904000
973880 0.905000
974044 0.906000
975352 0.907000
975784 0.908000
975902 0.909000
975912 0.910000
975988 0.911000
978182 0.912000
978790 0.913000
979948 0.914000
981298 0.915000
981824 0.916000
982028 0.917000
982048 0.918000
982876 0.919000
983716 0.920000
984342 0.921000
985060 0.922000
985296 0.923000
985319 0.924000
985366 0.925000
985435 0.926000
985474 0.927000
985720 0.928000
986291 0.929000
986673 0.930000
987042 0.931000
989003 0.932000
989312 0.933000
990129 0.934000
990505 0.935000
990987 0.936000
991449 0.937000
992077 0.938000
993220 0.939000
994535 0.940000
997594 0.941000
998093 0.942000
998126 0.943000
998235 0.944000
999445 0.945000
1000473 0.946000
1001857 0.947000
1001950 0.948000
1002772 0.949000
1006161 0.950000
1006322 0.951000
1008477 0.952000
1008604 0.953000
1009562 0.954000
1012709 0.955000
1012757 0.956000
1015544 0.957000
1018491 0.958000
1018973 0.959000
1019248 0.960000
1019592 0.961000
1019632 0.962000
1021915 0.963000
1022341 0.964000
1024761 0.965000
1024935 0.966000
1026477 0.967000
1027224 0.968000
1029261 0.969000
1034986 0.970000
1037856 0.971000
1045700 0.972000
1047368 0.973000
1048042 0.974000
1051148 0.975000
1055819 0.976000
1058633 0.977000
1061359 0.978000
1066247 0.979000
1067231 0.980000
1069604 0.981000
1072816 0.982000
1080111 0.983000
1080452 0.984000
1085284 0.985000
1086324 0.986000
1091059 0.987000
1093943 0.988000
1101926 0.989000
1106327 0.990000
1112278 0.991000
1116272 0.992000
1120773 0.993000
1128186 0.994000
1136696 0.995000
1140028 0.996000
1158169 0.997000
1160101 0.998000
1160315 0.999000
1197363 1.000000


167 0.000000
167 0.001000
247 0.002000
248 0.003000
258 0.004000
281 0.005000
294 0.006000
300 0.007000
318 0.008000
321 0.009000
326 0.010000
329 0.012000
330 0.013000
333 0.015000
335 0.016000
345 0.018000
346 0.019000
354 0.020000
366 0.021000
369 0.022000
371 0.023000
373 0.024000
374 0.025000
377 0.026000
379 0.027000
380 0.028000
382 0.029000
383 0.030000
385 0.031000
387 0.032000
388 0.033000
390 0.034000
393 0.036000
394 0.037000
396 0.038000
397 0.039000
400 0.040000
402 0.042000
412 0.043000
413 0.044000
415 0.045000
418 0.046000
419 0.047000
420 0.048000
421 0.050000
422 0.051000
426 0.052000
428 0.054000
435 0.055000
436 0.056000
437 0.057000
438 0.060000
439 0.062000
440 0.063000
441 0.064000
442 0.065000
443 0.068000
444 0.069000
447 0.070000
448 0.071000
450 0.072000
451 0.075000
452 0.076000
453 0.078000
454 0.080000
455 0.081000
457 0.083000
458 0.084000
462 0.085000
463 0.086000
465 0.087000
466 0.089000
467 0.090000
470 0.091000
471 0.092000
474 0.093000
475 0.097000
476 0.098000
477 0.099000
478 0.101000
479 0.102000
480 0.105000
481 0.106000
483 0.108000
486 0.111000
488 0.112000
489 0.116000
490 0.117000
491 0.119000
492 0.122000
493 0.123000
494 0.125000
495 0.127000
496 0.129000
499 0.131000
501 0.133000
502 0.135000
503 0.136000
505 0.138000
508 0.140000
510 0.141000
511 0.144000
512 0.145000
513 0.150000
515 0.152000
516 0.156000
518 0.157000
519 0.158000
521 0.161000
522 0.164000
523 0.165000
524 0.166000
526 0.167000
527 0.168000
529 0.170000
530 0.174000
531 0.175000
532 0.179000
533 0.181000
534 0.182000
535 0.183000
536 0.184000
537 0.190000
538 0.191000
540 0.195000
541 0.197000
542 0.198000
543 0.199000
544 0.200000
545 0.202000
546 0.207000
548 0.210000
549 0.212000
550 0.214000
552 0.216000
554 0.217000
555 0.218000
556 0.220000
557 0.222000
558 0.225000
559 0.228000
560 0.229000
561 0.231000
562 0.234000
564 0.236000
565 0.238000
566 0.242000
568 0.244000
569 0.247000
570 0.249000
572 0.251000
573 0.252000
574 0.254000
575 0.256000
576 0.259000
577 0.262000
578 0.266000
579 0.269000
580 0.270000
582 0.273000
583 0.276000
584 0.279000
585 0.285000
586 0.288000
587 0.291000
588 0.296000
589 0.298000
590 0.301000
591 0.302000
593 0.303000
594 0.304000
595 0.309000
596 0.312000
597 0.314000
598 0.316000
599 0.322000
600 0.324000
601 0.328000
602 0.332000
603 0.335000
604 0.338000
605 0.342000
606 0.344000
607 0.346000
608 0.350000
609 0.351000
610 0.355000
611 0.357000
612 0.362000
613 0.366000
614 0.370000
615 0.373000
616 0.375000
617 0.379000
618 0.381000
619 0.383000
620 0.387000
621 0.391000
622 0.395000
623 0.398000
624 0.399000
625 0.401000
626 0.404000
627 0.407000
628 0.409000
629 0.411000
630 0.416000
631 0.419000
632 0.423000
633 0.425000
634 0.429000
635 0.433000
636 0.435000
637 0.438000
639 0.442000
640 0.445000
641 0.446000
642 0.447000
643 0.449000
644 0.453000
645 0.456000
646 0.461000
647 0.464000
648 0.467000
649 0.470000
650 0.474000
651 0.478000
652 0.481000
653 0.483000
654 0.487000
655 0.489000
656 0.495000
657 0.498000
658 0.502000
659 0.503000
660 0.508000
661 0.509000
662 0.512000
663 0.513000
664 0.518000
665 0.520000
666 0.525000
667 0.530000
668 0.533000
669 0.536000
670 0.538000
671 0.541000
672 0.544000
673 0.548000
674 0.550000
675 0.552000
676 0.555000
677 0.561000
678 0.565000
679 0.569000
680 0.570000
681 0.573000
682 0.575000
683 0.579000
684 0.581000
685 0.586000
686 0.593000
687 0.594000
688 0.596000
689 0.600000
690 0.602000
691 0.606000
692 0.609000
693 0.614000
694 0.618000
695 0.620000
696 0.624000
697 0.626000
698 0.628000
699 0.632000
700 0.636000
702 0.638000
703 0.639000
704 0.642000
705 0.645000
706 0.649000
707 0.653000
708 0.656000
709 0.657000
710 0.660000
711 0.661000
712 0.665000
713 0.670000
714 0.674000
715 0.678000
716 0.681000
717 0.685000
718 0.688000
719 0.691000
720 0.697000
721 0.700000
722 0.703000
723 0.707000
724 0.712000
725 0.714000
726 0.715000
727 0.718000
728 0.721000
729 0.724000
730 0.727000
731 0.729000
732 0.730000
733 0.731000
734 0.734000
735 0.736000
736 0.737000
737 0.739000
738 0.740000
739 0.744000
740 0.748000
741 0.750000
742 0.752000
743 0.755000
744 0.758000
745 0.761000
746 0.765000
747 0.768000
748 0.769000
749 0.771000
750 0.773000
751 0.774000
752 0.777000
753 0.780000
754 0.782000
756 0.783000
757 0.788000
758 0.789000
759 0.793000
760 0.796000
761 0.798000
762 0.801000
763 0.802000
764 0.803000
765 0.804000
767 0.806000
768 0.807000
769 0.808000
770 0.810000
771 0.813000
772 0.815000
773 0.820000
775 0.826000
777 0.827000
778 0.829000
779 0.833000
780 0.838000
781 0.840000
782 0.843000
784 0.844000
785 0.845000
786 0.847000
787 0.850000
788 0.851000
789 0.853000
790 0.854000
791 0.855000
792 0.860000
793 0.862000
794 0.863000
795 0.865000
796 0.866000
797 0.868000
798 0.873000
800 0.874000
801 0.876000
802 0.877000
803 0.878000
804 0.881000
805 0.883000
806 0.885000
807 0.887000
809 0.889000
810 0.892000
812 0.894000
813 0.899000
815 0.902000
816 0.904000
818 0.906000
819 0.907000
820 0.909000
822 0.911000
824 0.912000
825 0.914000
826 0.915000
827 0.918000
828 0.920000
829 0.922000
830 0.924000
831 0.927000
832 0.928000
833 0.931000
835 0.934000
836 0.936000
837 0.937000
838 0.938000
839 0.939000
840 0.940000
841 0.941000
843 0.943000
844 0.944000
846 0.945000
848 0.947000
850 0.948000
852 0.949000
853 0.950000
855 0.951000
856 0.953000
859 0.954000
860 0.955000
861 0.956000
862 0.958000
863 0.959000
865 0.960000
867 0.961000
868 0.964000
869 0.965000
870 0.966000
874 0.967000
875 0.969000
877 0.971000
878 0.972000
880 0.974000
882 0.976000
885 0.978000
888 0.979000
891 0.980000
899 0.981000
900 0.982000
917 0.983000
921 0.984000
924 0.985000
934 0.986000
935 0.987000
940 0.989000
945 0.990000
948 0.991000
950 0.992000
960 0.994000
975 0.995000
983 0.996000
987 0.997000
991 0.998000
1016 0.999000
1094 1.000000


