112299 0.000000
112299 0.001000
112546 0.002000
112589 0.003000
112607 0.004000
112655 0.005000
112665 0.006000
112673 0.007000
112675 0.009000
112680 0.010000
112681 0.011000
112688 0.012000
112695 0.013000
112705 0.015000
112718 0.016000
112729 0.017000
112737 0.018000
112739 0.019000
112754 0.020000
112759 0.021000
112761 0.023000
112763 0.024000
112764 0.025000
112765 0.027000
112767 0.029000
112769 0.030000
112773 0.031000
112774 0.032000
112779 0.034000
112780 0.035000
112786 0.036000
112788 0.038000
112792 0.039000
112796 0.042000
112801 0.043000
112802 0.044000
112805 0.045000
112807 0.047000
112811 0.048000
112812 0.049000
112813 0.050000
112817 0.052000
112818 0.053000
112820 0.054000
112826 0.056000
112828 0.057000
112830 0.058000
112833 0.059000
112836 0.060000
112838 0.062000
112846 0.064000
112847 0.065000
112848 0.066000
112852 0.068000
112855 0.069000
112856 0.070000
112857 0.071000
112860 0.072000
112865 0.073000
112866 0.074000
112868 0.075000
112870 0.076000
112871 0.077000
112872 0.078000
112873 0.079000
112878 0.081000
112881 0.084000
112883 0.087000
112885 0.088000
112886 0.089000
112890 0.091000
112891 0.092000
112893 0.093000
112894 0.094000
112896 0.095000
112898 0.096000
112903 0.098000
112908 0.099000
112912 0.101000
112913 0.102000
112914 0.103000
112916 0.104000
112918 0.106000
112920 0.107000
112921 0.108000
112923 0.109000
112927 0.110000
112929 0.111000
112930 0.112000
112933 0.113000
112936 0.115000
112939 0.116000
112940 0.117000
112941 0.118000
112948 0.119000
112949 0.121000
112950 0.122000
112952 0.123000
112954 0.125000
112957 0.126000
112959 0.127000
112960 0.128000
112962 0.129000
112966 0.130000
112967 0.133000
112968 0.134000
112970 0.135000
112971 0.136000
112973 0.137000
112974 0.138000
112975 0.139000
112977 0.140000
112979 0.141000
112980 0.142000
112981 0.143000
112984 0.144000
112985 0.146000
112986 0.147000
112987 0.149000
112988 0.150000
112992 0.152000
112993 0.153000
112994 0.154000
112995 0.155000
112996 0.157000
112997 0.158000
112999 0.159000
113004 0.160000
113007 0.161000
113008 0.163000
113009 0.164000
113010 0.166000
113012 0.168000
113013 0.169000
113014 0.170000
113016 0.171000
113017 0.174000
113019 0.176000
113022 0.177000
113023 0.178000
113024 0.179000
113025 0.181000
113029 0.184000
113030 0.187000
113031 0.188000
113032 0.189000
113034 0.191000
113036 0.193000
113038 0.194000
113039 0.195000
113040 0.196000
113042 0.197000
113044 0.198000
113046 0.200000
113047 0.201000
113052 0.203000
113054 0.205000
113055 0.206000
113056 0.207000
113060 0.208000
113069 0.209000
113070 0.210000
113071 0.211000
113075 0.213000
113076 0.215000
113078 0.216000
113079 0.217000
113086 0.218000
113088 0.220000
113089 0.221000
113091 0.222000
113092 0.223000
113093 0.224000
113094 0.225000
113096 0.228000
113098 0.230000
113104 0.231000
113107 0.232000
113113 0.233000
113115 0.234000
113117 0.235000
113119 0.236000
113123 0.239000
113124 0.240000
113125 0.241000
113126 0.242000
113130 0.244000
113133 0.245000
113140 0.247000
113147 0.248000
113150 0.249000
113152 0.251000
113154 0.252000
113160 0.253000
113163 0.254000
113166 0.255000
113167 0.256000
113168 0.257000
113172 0.259000
113177 0.260000
113178 0.261000
113179 0.262000
113181 0.264000
113182 0.265000
113191 0.266000
113192 0.267000
113194 0.268000
113195 0.269000
113196 0.270000
113200 0.271000
113207 0.272000
113211 0.273000
113212 0.274000
113226 0.275000
113239 0.276000
113244 0.277000
113251 0.279000
113254 0.280000
113257 0.281000
113283 0.282000
113310 0.283000
113316 0.284000
113332 0.286000
113337 0.287000
113338 0.288000
113340 0.289000
113348 0.290000
113397 0.291000
113458 0.292000
113490 0.293000
113517 0.294000
113544 0.296000
113645 0.297000
113649 0.298000
113696 0.299000
113700 0.300000
113744 0.301000
113828 0.302000
113846 0.303000
113887 0.304000
121013 0.305000
128150 0.306000
128161 0.307000
128182 0.308000
128201 0.309000
128212 0.310000
128220 0.311000
128278 0.312000
128303 0.313000
128352 0.314000
128420 0.315000
128439 0.316000
128474 0.317000
128480 0.318000
128481 0.319000
128484 0.320000
128498 0.321000
128506 0.322000
128520 0.323000
128544 0.324000
128548 0.325000
128551 0.326000
128553 0.328000
128554 0.329000
128555 0.330000
128556 0.331000
128557 0.332000
128558 0.333000
128562 0.334000
128563 0.335000
128565 0.336000
128566 0.337000
128568 0.338000
128569 0.340000
128572 0.341000
128575 0.342000
128576 0.343000
128579 0.344000
128583 0.345000
128584 0.346000
128591 0.348000
128595 0.349000
128596 0.352000
128599 0.353000
128601 0.354000
128602 0.355000
128609 0.356000
128610 0.357000
128612 0.358000
128614 0.359000
128615 0.360000
128616 0.361000
128621 0.362000
128624 0.363000
128626 0.365000
128627 0.366000
128633 0.368000
128635 0.369000
128641 0.370000
128643 0.371000
128650 0.372000
128652 0.374000
128653 0.375000
128655 0.376000
128656 0.377000
128658 0.378000
128661 0.379000
128664 0.381000
128671 0.382000
128673 0.383000
128675 0.385000
128676 0.387000
128683 0.388000
128684 0.390000
128685 0.391000
128689 0.392000
128690 0.395000
128692 0.397000
128695 0.399000
128697 0.400000
128698 0.401000
128703 0.402000
128706 0.403000
128707 0.404000
128708 0.405000
128709 0.406000
128710 0.407000
128711 0.408000
128712 0.409000
128714 0.410000
128717 0.411000
128719 0.412000
128721 0.413000
128722 0.415000
128724 0.416000
128728 0.419000
128730 0.421000
128731 0.423000
128733 0.424000
128734 0.425000
128735 0.426000
128737 0.427000
128738 0.428000
128740 0.429000
128742 0.431000
128743 0.432000
128746 0.433000
128747 0.436000
128748 0.438000
128753 0.440000
128755 0.443000
128757 0.444000
128759 0.447000
128760 0.449000
128762 0.450000
128763 0.452000
128768 0.455000
128771 0.456000
128773 0.457000
128774 0.458000
128776 0.460000
128777 0.461000
128778 0.462000
128779 0.463000
128780 0.464000
128781 0.465000
128782 0.467000
128783 0.469000
128784 0.470000
128785 0.473000
128787 0.474000
128788 0.475000
128789 0.476000
128790 0.477000
128791 0.479000
128794 0.480000
128795 0.482000
128796 0.483000
128799 0.486000
128800 0.487000
128802 0.488000
128806 0.490000
128807 0.491000
128808 0.493000
128809 0.495000
128811 0.496000
128812 0.498000
128813 0.501000
128814 0.502000
128815 0.503000
128817 0.505000
128818 0.507000
128821 0.508000
128823 0.510000
128825 0.511000
128829 0.514000
128831 0.515000
128832 0.516000
128833 0.518000
128834 0.519000
128838 0.520000
128839 0.521000
128840 0.522000
128842 0.523000
128843 0.526000
128846 0.527000
128848 0.528000
128849 0.529000
128850 0.530000
128851 0.531000
128852 0.533000
128854 0.534000
128855 0.536000
128857 0.538000
128858 0.540000
128860 0.542000
128861 0.544000
128862 0.545000
128863 0.546000
128866 0.547000
128867 0.550000
128868 0.553000
128870 0.556000
128871 0.558000
128872 0.560000
128873 0.561000
128877 0.563000
128878 0.564000
128880 0.566000
128882 0.567000
128883 0.568000
128884 0.569000
128885 0.571000
128886 0.572000
128887 0.573000
128888 0.574000
128889 0.577000
128891 0.579000
128893 0.580000
128894 0.583000
128895 0.585000
128896 0.586000
128897 0.587000
128898 0.588000
128899 0.590000
128900 0.592000
128902 0.593000
128903 0.598000
128904 0.602000
128905 0.603000
128906 0.604000
128908 0.605000
128909 0.607000
128910 0.610000
128911 0.611000
128915 0.612000
128916 0.613000
128917 0.615000
128918 0.618000
128920 0.619000
128924 0.621000
128925 0.622000
128926 0.623000
128928 0.624000
128929 0.625000
128930 0.627000
128932 0.628000
128933 0.629000
128935 0.632000
128937 0.634000
128940 0.635000
128941 0.637000
128942 0.638000
128944 0.639000
128945 0.640000
128946 0.643000
128950 0.644000
128953 0.646000
128954 0.648000
128955 0.649000
128959 0.650000
128960 0.651000
128961 0.654000
128962 0.655000
128963 0.656000
128966 0.657000
128968 0.659000
128969 0.661000
128970 0.662000
128971 0.664000
128975 0.665000
128976 0.667000
128977 0.668000
128978 0.671000
128979 0.672000
128980 0.676000
128983 0.677000
128984 0.679000
128985 0.681000
128988 0.682000
128989 0.685000
128990 0.687000
128992 0.688000
128993 0.689000
128995 0.690000
128996 0.691000
128999 0.692000
129000 0.694000
129001 0.697000
129002 0.699000
129003 0.700000
129004 0.701000
129006 0.703000
129007 0.704000
129008 0.705000
129009 0.706000
129011 0.707000
129012 0.711000
129013 0.713000
129014 0.715000
129016 0.716000
129017 0.717000
129020 0.719000
129022 0.720000
129023 0.721000
129024 0.722000
129025 0.723000
129028 0.725000
129029 0.726000
129030 0.729000
129035 0.730000
129036 0.732000
129037 0.734000
129038 0.735000
129040 0.736000
129041 0.737000
129042 0.739000
129044 0.740000
129046 0.741000
129047 0.744000
129050 0.745000
129051 0.747000
129052 0.748000
129053 0.749000
129055 0.751000
129056 0.753000
129057 0.754000
129058 0.755000
129059 0.756000
129060 0.757000
129061 0.758000
129063 0.759000
129064 0.760000
129066 0.761000
129067 0.762000
129069 0.763000
129071 0.766000
129072 0.768000
129074 0.769000
129075 0.770000
129076 0.771000
129080 0.772000
129082 0.773000
129085 0.774000
129088 0.775000
129089 0.777000
129090 0.778000
129091 0.779000
129098 0.780000
129099 0.782000
129100 0.783000
129104 0.785000
129107 0.786000
129108 0.789000
129111 0.790000
129113 0.793000
129114 0.794000
129115 0.796000
129117 0.797000
129118 0.798000
129119 0.799000
129123 0.801000
129125 0.802000
129134 0.803000
129135 0.804000
129137 0.806000
129141 0.807000
129142 0.808000
129146 0.809000
129149 0.810000
129150 0.811000
129152 0.813000
129154 0.814000
129156 0.815000
129159 0.816000
129160 0.817000
129161 0.818000
129163 0.819000
129165 0.820000
129166 0.821000
129168 0.824000
129169 0.825000
129170 0.826000
129172 0.828000
129174 0.829000
129178 0.830000
129179 0.831000
129180 0.832000
129181 0.833000
129186 0.834000
129188 0.835000
129189 0.836000
129193 0.837000
129194 0.839000
129200 0.840000
129201 0.841000
129204 0.843000
129206 0.844000
129208 0.845000
129209 0.846000
129215 0.847000
129216 0.848000
129217 0.850000
129219 0.851000
129220 0.853000
129222 0.854000
129224 0.855000
129225 0.857000
129226 0.858000
129231 0.859000
129234 0.860000
129237 0.861000
129243 0.862000
129251 0.863000
129254 0.864000
129256 0.865000
129259 0.866000
129260 0.867000
129264 0.868000
129276 0.869000
129281 0.870000
129295 0.872000
129296 0.873000
129297 0.874000
129301 0.875000
129304 0.876000
129309 0.877000
129317 0.878000
129332 0.880000
129357 0.881000
129362 0.882000
129367 0.883000
129374 0.884000
129385 0.885000
129426 0.886000
129550 0.887000
132521 0.888000
132585 0.889000
132671 0.890000
132690 0.891000
132693 0.892000
132710 0.893000
132714 0.894000
132718 0.895000
132775 0.896000
132778 0.897000
132805 0.898000
132807 0.899000
132826 0.901000
132829 0.902000
132841 0.903000
132856 0.904000
132859 0.905000
132862 0.906000
132869 0.907000
132870 0.908000
132888 0.909000
132889 0.910000
132890 0.911000
132899 0.912000
132901 0.913000
132903 0.914000
132926 0.915000
132929 0.916000
132930 0.917000
132935 0.918000
132937 0.919000
132942 0.920000
132949 0.921000
132952 0.922000
132959 0.923000
132962 0.924000
132968 0.925000
132976 0.926000
132992 0.927000
133006 0.928000
133009 0.929000
133012 0.930000
133014 0.931000
133022 0.933000
133028 0.934000
133029 0.935000
133030 0.936000
133033 0.937000
133037 0.938000
133044 0.939000
133048 0.940000
133059 0.942000
133064 0.943000
133072 0.944000
133074 0.945000
133076 0.946000
133078 0.947000
133080 0.948000
133096 0.949000
133099 0.950000
133104 0.951000
133106 0.952000
133111 0.953000
133113 0.955000
133117 0.956000
133120 0.957000
133121 0.958000
133126 0.959000
133127 0.960000
133129 0.961000
133130 0.963000
133135 0.964000
133141 0.965000
133149 0.966000
133152 0.967000
133161 0.968000
133167 0.969000
133173 0.970000
133181 0.971000
133184 0.973000
133186 0.974000
133191 0.975000
133201 0.976000
133213 0.977000
133217 0.978000
133221 0.979000
133230 0.980000
133235 0.981000
133242 0.982000
133246 0.983000
133281 0.984000
133286 0.985000
133293 0.986000
133320 0.987000
133358 0.988000
133366 0.989000
133371 0.990000
133412 0.991000
133424 0.992000
135022 0.993000
136691 0.994000
136990 0.995000
137061 0.996000
137071 0.997000
137175 0.998000
137732 0.999000
141116 1.000000


95 0.000000
95 0.014000
96 0.999000
97 1.000000


