139624 0.000000
139624 0.001000
143432 0.002000
143501 0.003000
152336 0.004000
153035 0.005000
154434 0.006000
154716 0.007000
154718 0.008000
154988 0.009000
155530 0.010000
155720 0.011000
155952 0.012000
156058 0.013000
156091 0.014000
156428 0.015000
158511 0.016000
158555 0.017000
158869 0.018000
159524 0.019000
159917 0.020000
160221 0.021000
161376 0.022000
162984 0.023000
163237 0.024000
163548 0.025000
163593 0.026000
163718 0.027000
164336 0.028000
164429 0.029000
164833 0.030000
164878 0.031000
165058 0.032000
165342 0.033000
165500 0.034000
166266 0.035000
166367 0.036000
166710 0.037000
166889 0.038000
167019 0.039000
167252 0.040000
167622 0.041000
167654 0.042000
167664 0.043000
167801 0.044000
167960 0.045000
168035 0.046000
168152 0.047000
168341 0.048000
168668 0.049000
168685 0.050000
168691 0.051000
168824 0.052000
168860 0.053000
169057 0.054000
169365 0.055000
169370 0.056000
170044 0.057000
170205 0.058000
170325 0.059000
170423 0.060000
170504 0.061000
170646 0.062000
170723 0.063000
170842 0.064000
170871 0.065000
171077 0.066000
171124 0.067000
171251 0.068000
171565 0.069000
171809 0.070000
171963 0.071000
171982 0.072000
171994 0.073000
172298 0.074000
172371 0.075000
172409 0.076000
172627 0.077000
172681 0.078000
172841 0.079000
172918 0.080000
172940 0.081000
172980 0.082000
172994 0.083000
173052 0.084000
173203 0.085000
173351 0.086000
173607 0.087000
173616 0.088000
173690 0.089000
174112 0.090000
174176 0.091000
174193 0.092000
174411 0.093000
174575 0.094000
174615 0.095000
174784 0.096000
174795 0.098000
174888 0.099000
174934 0.100000
174970 0.101000
174990 0.102000
175200 0.103000
175338 0.104000
175650 0.105000
175654 0.106000
175675 0.107000
175721 0.108000
176050 0.109000
176188 0.110000
176209 0.111000
176335 0.112000
176359 0.113000
176423 0.114000
176427 0.115000
176472 0.116000
176720 0.117000
177026 0.118000
177160 0.119000
177304 0.120000
177351 0.121000
177459 0.122000
177620 0.123000
177660 0.124000
177720 0.125000
178437 0.126000
178560 0.127000
178878 0.128000
178988 0.129000
179336 0.130000
179366 0.131000
179422 0.132000
179720 0.133000
179722 0.134000
179892 0.135000
179903 0.136000
179912 0.137000
179925 0.138000
179981 0.139000
180111 0.140000
180269 0.141000
180465 0.142000
180499 0.143000
180503 0.144000
180571 0.145000
180573 0.146000
180630 0.147000
180715 0.148000
180731 0.149000
180855 0.150000
180966 0.151000
181013 0.152000
181075 0.154000
181168 0.155000
181275 0.156000
181389 0.157000
181531 0.158000
181549 0.159000
181610 0.160000
181718 0.161000
181993 0.162000
182233 0.163000
182325 0.164000
182399 0.165000
182433 0.166000
182488 0.167000
182500 0.168000
182544 0.169000
182558 0.170000
182808 0.171000
182839 0.172000
182870 0.173000
182901 0.174000
183034 0.175000
183114 0.176000
183118 0.177000
183274 0.178000
183289 0.179000
183364 0.180000
183477 0.181000
183542 0.182000
183596 0.183000
183780 0.184000
183875 0.185000
183915 0.186000
183998 0.187000
184140 0.188000
184150 0.189000
184206 0.190000
184254 0.191000
184279 0.192000
184363 0.193000
184449 0.194000
184465 0.195000
185142 0.196000
185232 0.197000
185421 0.198000
185539 0.199000
185607 0.200000
185609 0.201000
185618 0.202000
185706 0.203000
186043 0.204000
186095 0.205000
186104 0.206000
186119 0.207000
186381 0.208000
186415 0.209000
186485 0.210000
186716 0.211000
187139 0.212000
187226 0.213000
187246 0.214000
187269 0.215000
187318 0.216000
187351 0.217000
187662 0.218000
187776 0.219000
187862 0.220000
187878 0.221000
187918 0.222000
188037 0.223000
188056 0.224000
188068 0.225000
188096 0.226000
188249 0.227000
188348 0.228000
188406 0.229000
188452 0.230000
188567 0.231000
188623 0.232000
188798 0.233000
188947 0.234000
189060 0.235000
189127 0.236000
189175 0.237000
189237 0.238000
189484 0.239000
189565 0.240000
189667 0.241000
189772 0.242000
189870 0.243000
189974 0.244000
190022 0.245000
190052 0.246000
190145 0.247000
190215 0.248000
190465 0.249000
190544 0.250000
190722 0.251000
190818 0.252000
190935 0.253000
190956 0.254000
190979 0.255000
191062 0.256000
191091 0.257000
191225 0.258000
191308 0.259000
191309 0.260000
191359 0.261000
191371 0.262000
191393 0.263000
191423 0.264000
191561 0.265000
191637 0.266000
191765 0.267000
191842 0.268000
191851 0.269000
191902 0.270000
191927 0.271000
191963 0.272000
192001 0.273000
192063 0.274000
192073 0.275000
192090 0.276000
192094 0.277000
192108 0.278000
192263 0.279000
192281 0.280000
192412 0.281000
192413 0.282000
192518 0.283000
192648 0.284000
192819 0.285000
192927 0.286000
192982 0.287000
192991 0.288000
193006 0.289000
193219 0.290000
193220 0.291000
193284 0.292000
193446 0.293000
193499 0.294000
193529 0.295000
193631 0.296000
193671 0.297000
193698 0.298000
193825 0.299000
193895 0.300000
193910 0.301000
193929 0.302000
193945 0.303000
193950 0.304000
194075 0.305000
194096 0.306000
194118 0.307000
194195 0.308000
194311 0.309000
194325 0.310000
194336 0.311000
194339 0.312000
194449 0.313000
194459 0.314000
194481 0.315000
194717 0.316000
194750 0.317000
194971 0.318000
195057 0.319000
195162 0.320000
195174 0.321000
195213 0.322000
195372 0.323000
195519 0.324000
195612 0.325000
195621 0.326000
195713 0.327000
195749 0.328000
195760 0.329000
195773 0.330000
195826 0.331000
195973 0.332000
196044 0.333000
196050 0.334000
196073 0.335000
196076 0.336000
196080 0.337000
196102 0.338000
196146 0.339000
196153 0.340000
196171 0.341000
196174 0.342000
196305 0.343000
196345 0.344000
196576 0.345000
196679 0.346000
196743 0.347000
196938 0.348000
197043 0.349000
197134 0.350000
197153 0.351000
197362 0.352000
197374 0.353000
197521 0.354000
197616 0.355000
197648 0.356000
197664 0.357000
197726 0.358000
197809 0.359000
197873 0.360000
197887 0.361000
197953 0.362000
198075 0.363000
198138 0.364000
198208 0.365000
198218 0.366000
198243 0.367000
198256 0.368000
198293 0.369000
198401 0.370000
198442 0.371000
198534 0.372000
198569 0.373000
198696 0.374000
198710 0.375000
198756 0.376000
198813 0.377000
198821 0.378000
198860 0.379000
198893 0.380000
198934 0.381000
199266 0.382000
199268 0.383000
199371 0.384000
199394 0.385000
199702 0.386000
199722 0.387000
199794 0.388000
199857 0.389000
199866 0.390000
200044 0.391000
200068 0.392000
200076 0.393000
200093 0.394000
200163 0.395000
200246 0.396000
200285 0.397000
200288 0.398000
200425 0.399000
200539 0.400000
200544 0.401000
200577 0.402000
200626 0.403000
200873 0.404000
200928 0.405000
201052 0.406000
201189 0.407000
201215 0.408000
201268 0.409000
201311 0.410000
201335 0.411000
201359 0.412000
201394 0.413000
201439 0.414000
201510 0.415000
201537 0.416000
201598 0.417000
201708 0.418000
201838 0.419000
201951 0.420000
201955 0.421000
201965 0.422000
202211 0.423000
202245 0.424000
202292 0.425000
202425 0.426000
202466 0.427000
202587 0.428000
202615 0.429000
202625 0.430000
202776 0.431000
202780 0.432000
202844 0.433000
202845 0.434000
202991 0.436000
203026 0.437000
203205 0.438000
203308 0.439000
203401 0.440000
203462 0.441000
203597 0.442000
203667 0.443000
203743 0.444000
203953 0.445000
203998 0.446000
204000 0.447000
204122 0.448000
204195 0.449000
204212 0.450000
204293 0.451000
204378 0.452000
204497 0.453000
204695 0.454000
204980 0.455000
205048 0.456000
205049 0.457000
205119 0.458000
205123 0.459000
205151 0.460000
205153 0.461000
205184 0.462000
205274 0.463000
205279 0.464000
205334 0.465000
205382 0.466000
205398 0.467000
205436 0.468000
205466 0.469000
205580 0.470000
205703 0.471000
205766 0.472000
205866 0.473000
205882 0.474000
205899 0.475000
205942 0.476000
205987 0.477000
206033 0.478000
206341 0.479000
206392 0.480000
206394 0.481000
206436 0.482000
206510 0.483000
206676 0.484000
206700 0.485000
206962 0.486000
207031 0.487000
207048 0.488000
207057 0.489000
207073 0.490000
207084 0.491000
207086 0.492000
207207 0.493000
207265 0.494000
207373 0.495000
207398 0.496000
207474 0.497000
207529 0.498000
207532 0.499000
207554 0.500000
207653 0.501000
207671 0.502000
207874 0.503000
207888 0.504000
207910 0.506000
208001 0.507000
208006 0.508000
208057 0.509000
208073 0.510000
208099 0.511000
208113 0.512000
208119 0.514000
208123 0.515000
208133 0.516000
208136 0.517000
208270 0.518000
208300 0.519000
208323 0.520000
208349 0.521000
208387 0.522000
208532 0.523000
208556 0.524000
208594 0.525000
208657 0.526000
208702 0.527000
208739 0.528000
208774 0.530000
208823 0.531000
208832 0.532000
208952 0.533000
209048 0.534000
209152 0.535000
209205 0.536000
209295 0.537000
209305 0.538000
209360 0.539000
209551 0.540000
209560 0.541000
209566 0.542000
209625 0.543000
209665 0.544000
209686 0.545000
209753 0.546000
209757 0.547000
209769 0.548000
209821 0.549000
209911 0.550000
209922 0.551000
209991 0.552000
210006 0.553000
210029 0.554000
210269 0.555000
210298 0.556000
210306 0.557000
210441 0.558000
210453 0.559000
210463 0.560000
210487 0.561000
210528 0.562000
210590 0.563000
210623 0.564000
210784 0.565000
211030 0.566000
211088 0.567000
211153 0.568000
211173 0.569000
211269 0.570000
211324 0.571000
211363 0.572000
211463 0.573000
211604 0.574000
211622 0.575000
211739 0.576000
211748 0.577000
211766 0.578000
211868 0.579000
211973 0.580000
211982 0.581000
212041 0.582000
212071 0.583000
212089 0.584000
212171 0.585000
212174 0.586000
212204 0.587000
212413 0.588000
212447 0.589000
212481 0.590000
212543 0.591000
212658 0.592000
212721 0.593000
212741 0.594000
212776 0.595000
212778 0.596000
212808 0.597000
212847 0.598000
212869 0.599000
212918 0.600000
212970 0.601000
213069 0.602000
213177 0.603000
213213 0.604000
213215 0.605000
213248 0.606000
213255 0.607000
213256 0.608000
213294 0.609000
213451 0.610000
213456 0.611000
213458 0.612000
213539 0.613000
213619 0.614000
213629 0.615000
213642 0.616000
213644 0.617000
213772 0.618000
213834 0.619000
213852 0.620000
213937 0.621000
213939 0.622000
213947 0.623000
213950 0.624000
213990 0.625000
214095 0.626000
214107 0.627000
214170 0.628000
214290 0.629000
214298 0.630000
214337 0.631000
214347 0.632000
214361 0.633000
214379 0.634000
214398 0.635000
214462 0.636000
214526 0.637000
214563 0.638000
214605 0.639000
214729 0.640000
214784 0.641000
214845 0.642000
214887 0.643000
214903 0.644000
214998 0.645000
215048 0.646000
215081 0.647000
215088 0.648000
215110 0.649000
215244 0.650000
215339 0.651000
215363 0.652000
215414 0.653000
215447 0.654000
215488 0.655000
215708 0.656000
215733 0.657000
215818 0.658000
215840 0.659000
215968 0.660000
215988 0.661000
215991 0.662000
216020 0.663000
216042 0.664000
216091 0.665000
216098 0.666000
216099 0.667000
216197 0.668000
216206 0.669000
216220 0.670000
216245 0.671000
216263 0.673000
216308 0.674000
216415 0.675000
216456 0.676000
216702 0.677000
216710 0.678000
216714 0.679000
216751 0.680000
216828 0.681000
216831 0.682000
216999 0.683000
217072 0.684000
217094 0.685000
217275 0.686000
217297 0.687000
217354 0.688000
217409 0.689000
217882 0.690000
217947 0.691000
217970 0.692000
218069 0.693000
218084 0.694000
218279 0.695000
218342 0.696000
218393 0.697000
218474 0.698000
218597 0.699000
218711 0.700000
218745 0.701000
218776 0.702000
218797 0.703000
218834 0.704000
218851 0.705000
219036 0.706000
219060 0.707000
219070 0.708000
219098 0.709000
219141 0.710000
219165 0.711000
219230 0.712000
219245 0.713000
219256 0.714000
219272 0.715000
219329 0.716000
219418 0.717000
219452 0.718000
219564 0.719000
219684 0.720000
219700 0.721000
219780 0.722000
219789 0.723000
219873 0.724000
219968 0.725000
219989 0.726000
220032 0.727000
220086 0.728000
220133 0.729000
220236 0.730000
220330 0.731000
220362 0.732000
220407 0.733000
220644 0.734000
220654 0.735000
220694 0.736000
220766 0.737000
220861 0.738000
220899 0.739000
220990 0.740000
221095 0.741000
221100 0.742000
221119 0.743000
221221 0.744000
221258 0.745000
221270 0.746000
221286 0.747000
221322 0.748000
221346 0.749000
221423 0.750000
221450 0.751000
221454 0.753000
221555 0.754000
221580 0.755000
221724 0.756000
221737 0.757000
221797 0.758000
221983 0.759000
222057 0.760000
222287 0.761000
222296 0.762000
222344 0.763000
222438 0.764000
222611 0.765000
222749 0.766000
222837 0.767000
222955 0.768000
223181 0.769000
223219 0.770000
223249 0.771000
223360 0.772000
223378 0.773000
223397 0.775000
223423 0.776000
223452 0.777000
223458 0.778000
223570 0.779000
223624 0.780000
223649 0.781000
223784 0.782000
223860 0.783000
223875 0.784000
223950 0.785000
223951 0.786000
223959 0.787000
223994 0.788000
224025 0.789000
224144 0.790000
224210 0.791000
224263 0.792000
224357 0.793000
224449 0.794000
224599 0.795000
224680 0.796000
224836 0.797000
224920 0.798000
225157 0.799000
225162 0.800000
225167 0.801000
225190 0.802000
225244 0.803000
225387 0.804000
225392 0.805000
225417 0.806000
225919 0.807000
225932 0.808000
225957 0.809000
226104 0.810000
226126 0.811000
226171 0.812000
226205 0.813000
226258 0.814000
226331 0.815000
226371 0.816000
226589 0.817000
226738 0.818000
226762 0.819000
226877 0.820000
226903 0.821000
226972 0.822000
227121 0.823000
227691 0.824000
227761 0.825000
227924 0.826000
227985 0.827000
228013 0.828000
228100 0.829000
228143 0.830000
228237 0.831000
228331 0.832000
228444 0.833000
228462 0.834000
228464 0.835000
228707 0.836000
228741 0.837000
228769 0.838000
228773 0.839000
228809 0.840000
228966 0.841000
229055 0.842000
229062 0.843000
229159 0.844000
229269 0.845000
229437 0.846000
229510 0.847000
229570 0.848000
229586 0.849000
229825 0.850000
229878 0.851000
229899 0.852000
229991 0.853000
230110 0.854000
230138 0.855000
230261 0.856000
230416 0.857000
230486 0.858000
230523 0.859000
230844 0.860000
230887 0.861000
231126 0.862000
231213 0.863000
231242 0.864000
231384 0.865000
231431 0.866000
231498 0.867000
231504 0.868000
231568 0.869000
231611 0.870000
231855 0.871000
232039 0.872000
232082 0.873000
232259 0.874000
232291 0.875000
232318 0.876000
232461 0.877000
232537 0.878000
232657 0.879000
232784 0.880000
232829 0.881000
232849 0.882000
232968 0.883000
232988 0.884000
233086 0.885000
233278 0.886000
233577 0.887000
233799 0.888000
234037 0.889000
234450 0.890000
234517 0.891000
234563 0.892000
234638 0.893000
234666 0.894000
234973 0.895000
235004 0.896000
235008 0.897000
235096 0.898000
235210 0.899000
235726 0.900000
235781 0.901000
235899 0.902000
235984 0.903000
236029 0.904000
236123 0.905000
236128 0.906000
236165 0.907000
236169 0.908000
236264 0.909000
236530 0.910000
236653 0.911000
237289 0.912000
237531 0.913000
237842 0.914000
237859 0.915000
237943 0.916000
238009 0.917000
238093 0.918000
238108 0.919000
238485 0.920000
239300 0.921000
239529 0.922000
239801 0.923000
239860 0.924000
239943 0.925000
239953 0.926000
240144 0.927000
240286 0.928000
240872 0.929000
240878 0.930000
241316 0.931000
241428 0.932000
241835 0.933000
241873 0.934000
241944 0.935000
241988 0.936000
242131 0.937000
242304 0.938000
243087 0.939000
243224 0.940000
243409 0.941000
243728 0.942000
244004 0.943000
244124 0.944000
244398 0.945000
245133 0.946000
245271 0.947000
245396 0.948000
245529 0.949000
245594 0.950000
245700 0.951000
245834 0.952000
246143 0.953000
246616 0.954000
246638 0.955000
246945 0.956000
246979 0.957000
247147 0.958000
248188 0.959000
248498 0.960000
248534 0.961000
249504 0.962000
249569 0.963000
250320 0.964000
250631 0.965000
251292 0.966000
251654 0.967000
251944 0.968000
252413 0.969000
252607 0.970000
253514 0.971000
254088 0.972000
255217 0.973000
255344 0.974000
255673 0.975000
256947 0.976000
258621 0.977000
259105 0.978000
259776 0.979000
260420 0.980000
260581 0.981000
261000 0.982000
261364 0.983000
262087 0.984000
263039 0.985000
263895 0.986000
264130 0.987000
264522 0.988000
265119 0.989000
265457 0.990000
266038 0.991000
268575 0.992000
272932 0.993000
273050 0.994000
274829 0.995000
277032 0.996000
296444 0.997000
300844 0.998000
306489 0.999000
326686 1.000000


93 0.000000
93 0.002000
96 0.003000
97 0.006000
98 0.007000
99 0.013000
100 0.019000
101 0.024000
102 0.034000
103 0.042000
104 0.046000
105 0.056000
106 0.070000
107 0.084000
108 0.101000
109 0.123000
110 0.139000
111 0.158000
112 0.187000
113 0.209000
114 0.229000
115 0.245000
116 0.272000
117 0.289000
118 0.310000
119 0.338000
120 0.362000
121 0.391000
122 0.426000
123 0.440000
124 0.466000
125 0.490000
126 0.520000
127 0.537000
128 0.555000
129 0.584000
130 0.613000
131 0.643000
132 0.668000
133 0.685000
134 0.702000
135 0.719000
136 0.740000
137 0.765000
138 0.780000
139 0.792000
140 0.806000
141 0.818000
142 0.827000
143 0.836000
144 0.846000
145 0.856000
146 0.863000
147 0.869000
148 0.883000
149 0.896000
150 0.901000
151 0.910000
152 0.919000
153 0.920000
154 0.923000
155 0.927000
156 0.933000
157 0.939000
158 0.944000
159 0.949000
160 0.953000
161 0.954000
162 0.958000
163 0.963000
164 0.964000
165 0.965000
166 0.966000
167 0.970000
168 0.972000
169 0.974000
170 0.976000
171 0.980000
172 0.982000
173 0.985000
174 0.986000
175 0.988000
179 0.990000
181 0.992000
188 0.993000
190 0.994000
191 0.995000
192 0.996000
197 0.997000
211 0.998000
222 0.999000
228 1.000000


