296456 0.000000
296456 0.001000
303342 0.002000
323889 0.003000
336894 0.004000
337726 0.005000
340075 0.006000
384838 0.007000
404950 0.008000
416612 0.009000
427453 0.010000
430576 0.011000
437473 0.012000
437903 0.013000
452438 0.014000
453153 0.015000
458765 0.016000
465171 0.017000
466221 0.018000
467458 0.019000
474001 0.020000
477632 0.021000
493658 0.022000
498806 0.023000
502585 0.024000
505309 0.025000
506545 0.026000
508533 0.027000
510499 0.028000
513288 0.029000
514556 0.030000
515206 0.031000
521145 0.032000
522777 0.033000
522889 0.034000
524832 0.035000
525509 0.036000
525516 0.037000
527953 0.038000
527996 0.039000
530766 0.040000
531314 0.041000
532489 0.042000
541523 0.043000
546775 0.044000
551196 0.045000
554399 0.046000
554851 0.047000
555012 0.048000
556932 0.049000
557112 0.050000
557374 0.051000
560865 0.052000
563521 0.053000
563789 0.054000
564096 0.055000
566850 0.056000
572118 0.057000
573589 0.058000
573670 0.059000
575674 0.060000
578609 0.061000
579323 0.062000
581065 0.063000
582596 0.064000
586230 0.065000
586312 0.066000
586846 0.067000
587788 0.068000
588343 0.069000
590239 0.070000
590944 0.071000
591164 0.072000
591695 0.073000
591727 0.074000
592209 0.075000
596102 0.076000
597891 0.077000
599195 0.078000
599430 0.079000
599798 0.080000
600036 0.081000
601944 0.082000
603345 0.083000
605949 0.084000
606596 0.085000
607091 0.086000
607331 0.087000
608293 0.088000
608344 0.089000
608543 0.090000
609181 0.091000
610770 0.092000
610849 0.093000
612300 0.094000
614377 0.095000
614465 0.096000
614708 0.097000
615104 0.098000
615561 0.099000
616369 0.100000
616650 0.101000
623276 0.102000
623401 0.103000
624064 0.104000
624136 0.105000
626818 0.106000
627391 0.107000
627489 0.108000
628440 0.109000
629774 0.110000
631277 0.111000
632878 0.112000
633250 0.113000
633409 0.114000
635032 0.115000
636181 0.116000
636892 0.117000
636982 0.118000
637213 0.119000
637295 0.120000
637594 0.121000
637847 0.122000
637864 0.123000
639390 0.124000
642015 0.125000
642692 0.126000
643116 0.127000
644336 0.128000
644900 0.129000
645969 0.130000
647432 0.131000
647507 0.132000
648336 0.133000
649770 0.134000
650639 0.135000
650980 0.136000
651331 0.137000
653242 0.138000
656055 0.139000
656690 0.140000
657449 0.141000
657674 0.142000
657824 0.143000
659097 0.144000
660179 0.145000
660377 0.146000
662049 0.147000
662099 0.148000
662262 0.149000
662689 0.150000
663063 0.151000
663252 0.152000
663813 0.153000
664057 0.154000
664384 0.155000
664695 0.156000
665424 0.157000
666130 0.158000
666788 0.159000
667556 0.160000
670502 0.161000
671111 0.162000
671266 0.163000
671475 0.164000
673141 0.165000
673678 0.166000
674173 0.167000
674339 0.168000
676225 0.169000
677020 0.170000
677557 0.171000
677585 0.172000
677949 0.173000
678043 0.174000
679131 0.175000
679528 0.176000
679877 0.177000
682212 0.178000
682325 0.179000
683079 0.180000
683873 0.181000
684332 0.182000
685016 0.183000
685765 0.184000
685860 0.185000
686398 0.186000
686487 0.187000
686941 0.188000
687064 0.189000
687257 0.190000
688125 0.191000
688235 0.192000
688867 0.193000
689616 0.194000
689776 0.195000
689885 0.196000
689916 0.197000
690501 0.198000
690696 0.199000
691082 0.200000
691519 0.201000
691583 0.202000
692837 0.203000
692976 0.204000
693074 0.205000
694413 0.206000
694727 0.207000
694867 0.208000
694891 0.209000
696536 0.210000
696640 0.211000
697547 0.212000
699168 0.213000
699437 0.214000
699782 0.215000
699902 0.216000
699906 0.217000
700079 0.218000
700518 0.219000
700606 0.220000
700679 0.221000
701000 0.222000
701661 0.223000
701748 0.224000
703142 0.225000
703478 0.226000
704545 0.227000
704985 0.228000
705432 0.229000
705834 0.230000
705906 0.231000
705921 0.232000
706623 0.233000
708623 0.234000
708625 0.235000
709028 0.236000
709070 0.237000
709184 0.238000
709612 0.239000
709651 0.240000
709879 0.241000
710424 0.242000
710667 0.243000
710953 0.244000
711422 0.245000
711479 0.246000
711855 0.247000
712004 0.248000
712600 0.249000
712729 0.250000
713236 0.251000
713385 0.252000
713629 0.253000
714241 0.254000
714892 0.255000
716546 0.256000
716576 0.257000
717944 0.258000
717987 0.259000
718122 0.260000
719218 0.261000
719321 0.262000
719556 0.263000
719775 0.264000
720008 0.265000
720627 0.266000
720782 0.267000
720960 0.268000
721861 0.269000
722020 0.270000
722824 0.271000
722974 0.272000
723243 0.273000
723364 0.274000
723640 0.275000
724246 0.276000
724663 0.277000
725164 0.278000
726287 0.279000
726340 0.280000
726465 0.281000
726817 0.282000
726911 0.283000
726970 0.284000
727032 0.285000
727237 0.286000
727309 0.287000
727360 0.288000
727379 0.289000
727383 0.290000
728662 0.291000
729090 0.292000
729458 0.293000
730133 0.294000
730843 0.295000
730854 0.296000
730934 0.297000
731423 0.298000
731442 0.299000
731749 0.300000
732033 0.301000
732708 0.302000
732822 0.303000
732879 0.304000
733138 0.305000
733238 0.306000
733454 0.307000
733606 0.308000
733796 0.309000
733896 0.310000
734062 0.311000
734151 0.312000
734291 0.313000
734456 0.314000
735294 0.315000
735478 0.316000
735688 0.317000
735943 0.318000
736254 0.319000
736302 0.320000
737127 0.321000
737178 0.322000
737850 0.323000
737869 0.324000
738041 0.325000
738257 0.326000
739125 0.327000
739823 0.328000
740080 0.329000
740728 0.330000
741711 0.331000
741995 0.332000
742127 0.333000
742367 0.334000
742966 0.335000
743585 0.336000
744917 0.337000
745226 0.338000
745366 0.339000
745546 0.340000
745955 0.341000
746762 0.342000
747029 0.343000
747071 0.344000
747452 0.345000
747620 0.346000
747629 0.347000
748337 0.348000
748392 0.349000
748471 0.350000
748809 0.351000
748827 0.352000
749215 0.353000
749729 0.354000
749918 0.355000
750904 0.356000
750992 0.357000
751137 0.358000
751179 0.359000
751219 0.360000
751938 0.361000
751962 0.362000
752033 0.363000
752114 0.364000
752246 0.365000
753109 0.366000
753171 0.367000
753346 0.368000
753649 0.369000
753854 0.370000
753869 0.371000
754768 0.372000
755623 0.373000
755841 0.374000
756098 0.375000
756639 0.376000
757115 0.377000
758164 0.378000
758165 0.379000
758452 0.380000
758613 0.381000
758954 0.382000
759033 0.383000
759108 0.384000
759109 0.385000
759125 0.386000
759498 0.387000
760405 0.388000
761088 0.389000
761387 0.390000
761532 0.391000
761853 0.392000
762465 0.393000
763089 0.394000
763283 0.395000
763306 0.396000
763515 0.397000
763526 0.398000
763753 0.399000
764257 0.400000
764259 0.401000
764828 0.402000
765092 0.403000
765140 0.404000
765276 0.405000
765729 0.406000
766019 0.407000
766132 0.408000
766137 0.409000
766511 0.410000
766633 0.411000
766895 0.412000
766990 0.413000
767405 0.414000
767773 0.415000
768019 0.416000
768038 0.417000
768759 0.418000
768928 0.419000
768950 0.420000
769096 0.421000
769856 0.422000
769986 0.423000
770184 0.424000
770757 0.425000
771986 0.426000
772204 0.427000
772280 0.428000
773399 0.429000
774023 0.430000
774333 0.431000
774363 0.432000
774959 0.433000
775197 0.434000
775627 0.435000
777030 0.436000
777090 0.437000
777633 0.438000
778790 0.439000
778854 0.440000
779254 0.441000
779287 0.442000
779667 0.443000
779700 0.444000
779753 0.445000
780087 0.446000
780210 0.447000
780697 0.448000
781411 0.449000
782024 0.450000
782362 0.451000
782491 0.452000
782607 0.453000
782627 0.454000
782628 0.455000
782724 0.456000
783265 0.457000
783326 0.458000
783416 0.459000
783742 0.460000
784067 0.461000
784385 0.462000
785009 0.463000
785369 0.464000
785863 0.465000
786114 0.466000
786786 0.467000
787106 0.468000
787618 0.469000
788697 0.470000
789214 0.471000
789251 0.472000
789532 0.473000
789931 0.474000
790108 0.475000
790162 0.476000
790658 0.477000
790714 0.478000
790832 0.479000
790926 0.480000
791128 0.481000
791173 0.482000
791411 0.483000
793223 0.484000
793332 0.485000
793910 0.486000
793994 0.487000
793996 0.488000
794058 0.489000
794166 0.490000
794327 0.491000
794770 0.492000
794855 0.493000
795530 0.494000
795597 0.495000
796185 0.496000
796459 0.497000
797059 0.498000
798082 0.499000
798806 0.500000
798912 0.501000
799084 0.502000
799499 0.503000
800122 0.504000
801039 0.505000
801104 0.506000
801144 0.507000
801379 0.508000
801609 0.509000
801685 0.510000
802439 0.511000
802476 0.512000
802703 0.513000
803841 0.514000
804171 0.515000
806021 0.516000
806402 0.517000
806549 0.518000
806637 0.519000
806714 0.520000
806909 0.521000
806980 0.522000
807149 0.523000
808380 0.524000
808462 0.525000
808499 0.526000
808635 0.527000
808959 0.528000
809143 0.529000
811002 0.530000
811203 0.531000
811465 0.532000
811802 0.533000
812131 0.534000
812512 0.535000
813448 0.536000
813833 0.537000
813844 0.538000
813995 0.539000
814057 0.540000
814672 0.541000
814682 0.542000
814833 0.543000
817694 0.544000
817758 0.545000
817894 0.546000
818861 0.547000
818872 0.548000
819229 0.549000
819514 0.550000
819698 0.551000
820402 0.552000
820735 0.553000
821213 0.554000
821473 0.555000
821481 0.556000
821765 0.557000
822244 0.558000
822601 0.559000
823027 0.560000
823576 0.561000
823679 0.562000
823886 0.563000
824043 0.564000
824512 0.565000
824834 0.566000
825090 0.567000
825248 0.568000
825291 0.569000
825643 0.570000
825658 0.571000
826181 0.572000
826263 0.573000
826822 0.574000
827058 0.575000
827509 0.576000
827888 0.577000
827895 0.578000
828519 0.579000
828681 0.580000
828766 0.581000
829123 0.582000
829136 0.583000
829716 0.584000
831529 0.585000
831869 0.586000
832285 0.587000
832393 0.588000
832813 0.589000
833632 0.590000
833893 0.591000
834031 0.592000
835587 0.593000
836664 0.594000
836726 0.595000
837560 0.596000
837604 0.597000
837803 0.598000
838645 0.599000
838725 0.600000
839373 0.601000
839500 0.602000
839780 0.603000
839781 0.604000
840342 0.605000
840594 0.606000
840714 0.607000
840862 0.608000
841299 0.609000
841383 0.610000
842052 0.611000
842275 0.612000
842312 0.613000
842705 0.614000
843131 0.615000
844880 0.616000
844891 0.617000
845341 0.618000
845428 0.619000
845441 0.620000
845565 0.621000
845605 0.622000
846017 0.623000
846738 0.624000
847054 0.625000
848134 0.626000
848536 0.627000
848786 0.628000
849188 0.629000
849539 0.630000
849768 0.631000
850036 0.632000
850166 0.633000
850591 0.634000
850682 0.635000
851255 0.636000
851423 0.637000
851612 0.638000
851920 0.639000
852325 0.640000
852500 0.641000
852537 0.642000
852923 0.643000
853160 0.644000
853248 0.645000
853371 0.646000
853377 0.647000
853641 0.648000
854105 0.649000
854240 0.650000
854437 0.651000
854681 0.652000
855108 0.653000
855168 0.654000
855480 0.655000
855575 0.656000
855973 0.657000
855982 0.658000
856427 0.659000
856628 0.660000
856722 0.661000
856843 0.662000
857357 0.663000
858043 0.664000
858380 0.665000
858524 0.666000
858734 0.667000
858891 0.668000
858926 0.669000
858974 0.670000
859178 0.671000
859326 0.672000
859342 0.673000
859739 0.674000
859831 0.675000
860092 0.676000
860428 0.677000
860779 0.678000
861601 0.679000
861643 0.680000
862124 0.681000
862188 0.682000
862263 0.683000
862438 0.684000
862893 0.685000
863078 0.686000
863618 0.687000
863677 0.688000
863903 0.689000
864145 0.690000
865291 0.691000
865349 0.692000
865493 0.693000
865494 0.694000
866587 0.695000
866744 0.696000
867494 0.697000
867883 0.698000
867920 0.699000
868087 0.700000
868993 0.701000
869342 0.702000
869733 0.703000
870080 0.704000
870656 0.705000
870923 0.706000
870976 0.707000
871121 0.708000
871659 0.709000
871721 0.710000
871910 0.711000
872075 0.712000
872141 0.713000
872181 0.714000
872248 0.715000
872854 0.716000
872970 0.717000
873013 0.718000
873249 0.719000
874238 0.720000
875456 0.721000
875961 0.722000
876674 0.723000
877018 0.724000
877192 0.725000
877221 0.726000
878661 0.727000
878786 0.728000
878879 0.729000
879661 0.730000
880115 0.731000
880485 0.732000
881473 0.733000
881882 0.734000
882261 0.735000
883471 0.736000
883620 0.737000
883946 0.738000
884098 0.739000
884687 0.740000
884711 0.741000
885550 0.742000
887998 0.743000
888285 0.744000
889213 0.745000
889272 0.746000
890129 0.747000
891110 0.748000
891585 0.749000
891688 0.750000
891704 0.751000
891835 0.752000
892251 0.753000
892811 0.754000
893287 0.755000
895251 0.756000
895426 0.757000
895670 0.758000
895710 0.759000
896444 0.760000
896606 0.761000
898156 0.762000
899248 0.763000
900393 0.764000
901164 0.765000
901254 0.766000
901557 0.767000
902571 0.768000
902630 0.769000
903090 0.770000
903278 0.771000
903538 0.772000
904010 0.773000
904016 0.774000
904706 0.775000
905322 0.776000
905556 0.777000
905637 0.778000
906690 0.779000
907175 0.780000
908398 0.781000
908437 0.782000
908502 0.783000
909330 0.784000
909531 0.785000
909598 0.786000
910007 0.787000
910636 0.788000
910847 0.789000
911026 0.790000
911677 0.791000
912760 0.792000
913569 0.793000
913994 0.794000
914655 0.795000
914812 0.796000
915075 0.797000
915331 0.798000
915965 0.799000
916266 0.800000
917355 0.801000
917582 0.802000
918399 0.803000
918521 0.804000
918898 0.805000
919164 0.806000
919272 0.807000
919376 0.808000
919501 0.809000
919971 0.810000
920005 0.811000
920648 0.812000
920766 0.813000
920965 0.814000
921119 0.815000
921163 0.816000
921470 0.817000
921525 0.818000
921925 0.819000
922031 0.820000
922085 0.821000
922403 0.822000
922404 0.823000
922697 0.824000
923709 0.825000
923807 0.826000
924083 0.827000
925143 0.828000
925157 0.829000
925432 0.830000
925745 0.831000
925857 0.832000
926067 0.833000
926105 0.834000
926329 0.835000
926431 0.836000
927167 0.837000
927840 0.838000
928069 0.839000
928450 0.840000
929614 0.841000
929819 0.842000
929900 0.843000
930318 0.844000
930883 0.845000
931566 0.846000
931690 0.847000
931869 0.848000
932126 0.849000
933560 0.850000
933873 0.851000
935803 0.852000
936275 0.853000
936277 0.854000
936558 0.855000
936741 0.856000
937963 0.857000
938122 0.858000
938183 0.859000
939036 0.860000
939549 0.861000
941094 0.862000
941557 0.863000
941570 0.864000
941624 0.865000
942325 0.866000
942819 0.867000
942849 0.868000
944712 0.869000
947585 0.870000
947940 0.871000
950110 0.872000
950310 0.873000
952724 0.874000
953052 0.875000
953653 0.876000
953881 0.877000
953990 0.878000
954190 0.879000
954329 0.880000
955196 0.881000
955328 0.882000
957997 0.883000
958628 0.884000
959902 0.885000
960519 0.886000
961407 0.887000
961811 0.888000
963284 0.889000
964221 0.890000
964472 0.891000
964641 0.892000
965898 0.893000
967534 0.894000
969156 0.895000
970122 0.896000
970655 0.897000
971590 0.898000
972321 0.899000
972481 0.900000
973741 0.901000
974706 0.902000
974708 0.903000
975775 0.904000
975813 0.905000
977904 0.906000
978197 0.907000
978210 0.908000
978695 0.909000
978994 0.910000
979414 0.911000
980102 0.912000
980802 0.913000
983802 0.914000
984151 0.915000
985056 0.916000
985073 0.917000
985935 0.918000
987602 0.919000
988292 0.920000
988680 0.921000
988754 0.922000
988851 0.923000
988872 0.924000
989129 0.925000
990579 0.926000
994255 0.927000
994644 0.928000
997651 0.929000
998315 0.930000
998729 0.931000
999238 0.932000
999973 0.933000
1000970 0.934000
1001097 0.935000
1001163 0.936000
1002830 0.937000
1004957 0.938000
1008248 0.939000
1009253 0.940000
1009417 0.941000
1009508 0.942000
1010186 0.943000
1012960 0.944000
1013571 0.945000
1013923 0.946000
1013935 0.947000
1017067 0.948000
1017330 0.949000
1018359 0.950000
1020096 0.951000
1020957 0.952000
1021738 0.953000
1022259 0.954000
1023634 0.955000
1026063 0.956000
1026734 0.957000
1027058 0.958000
1027395 0.959000
1027433 0.960000
1028856 0.961000
1030095 0.962000
1030437 0.963000
1032409 0.964000
1032485 0.965000
1032661 0.966000
1032684 0.967000
1038903 0.968000
1038961 0.969000
1040869 0.970000
1043319 0.971000
1044429 0.972000
1048877 0.973000
1050170 0.974000
1055011 0.975000
1055189 0.976000
1061952 0.977000
1062395 0.978000
1066060 0.979000
1067582 0.980000
1080082 0.981000
1081750 0.982000
1082112 0.983000
1082131 0.984000
1087469 0.985000
1095067 0.986000
1103445 0.987000
1110961 0.988000
1116000 0.989000
1118265 0.990000
1118774 0.991000
1119086 0.992000
1129721 0.993000
1140975 0.994000
1141106 0.995000
1162695 0.996000
1174624 0.997000
1192117 0.998000
1217716 0.999000
1224512 1.000000


176 0.000000
176 0.001000
182 0.002000
208 0.003000
212 0.004000
215 0.005000
217 0.006000
221 0.007000
247 0.008000
267 0.009000
269 0.010000
279 0.011000
283 0.012000
284 0.013000
304 0.014000
319 0.015000
321 0.016000
322 0.017000
327 0.018000
331 0.019000
332 0.020000
336 0.021000
337 0.023000
339 0.024000
340 0.025000
351 0.026000
359 0.028000
361 0.029000
362 0.030000
364 0.031000
365 0.032000
367 0.033000
368 0.035000
369 0.036000
371 0.037000
372 0.038000
373 0.039000
375 0.040000
378 0.041000
381 0.042000
382 0.044000
383 0.046000
384 0.047000
385 0.048000
386 0.049000
390 0.051000
394 0.052000
395 0.054000
397 0.055000
398 0.056000
401 0.057000
404 0.058000
406 0.059000
408 0.060000
409 0.061000
411 0.063000
413 0.065000
416 0.066000
417 0.069000
418 0.072000
422 0.074000
428 0.076000
429 0.077000
430 0.078000
431 0.079000
432 0.080000
433 0.081000
434 0.084000
436 0.085000
440 0.086000
441 0.091000
442 0.092000
443 0.094000
444 0.095000
445 0.096000
447 0.097000
448 0.098000
449 0.099000
452 0.101000
453 0.104000
454 0.106000
458 0.108000
459 0.111000
460 0.113000
461 0.115000
462 0.116000
463 0.118000
464 0.119000
465 0.121000
466 0.125000
468 0.126000
469 0.127000
470 0.128000
471 0.131000
472 0.133000
473 0.136000
474 0.138000
476 0.141000
477 0.143000
478 0.145000
479 0.147000
482 0.149000
483 0.150000
484 0.152000
485 0.154000
486 0.155000
488 0.158000
489 0.161000
490 0.162000
491 0.164000
492 0.167000
493 0.168000
496 0.170000
499 0.174000
501 0.175000
505 0.177000
506 0.179000
507 0.182000
508 0.183000
509 0.188000
510 0.189000
511 0.191000
512 0.192000
513 0.195000
514 0.198000
515 0.202000
516 0.205000
518 0.208000
519 0.211000
522 0.213000
525 0.215000
526 0.218000
527 0.224000
528 0.226000
529 0.229000
531 0.231000
532 0.234000
533 0.238000
534 0.244000
535 0.245000
536 0.248000
537 0.251000
538 0.254000
539 0.256000
540 0.259000
541 0.261000
542 0.262000
543 0.264000
544 0.269000
545 0.272000
547 0.274000
548 0.276000
549 0.279000
550 0.281000
551 0.289000
552 0.293000
553 0.295000
554 0.298000
555 0.304000
556 0.307000
557 0.310000
558 0.315000
559 0.322000
560 0.325000
561 0.328000
562 0.333000
563 0.336000
564 0.338000
565 0.340000
566 0.346000
567 0.348000
568 0.352000
569 0.355000
570 0.360000
571 0.362000
572 0.364000
573 0.367000
574 0.373000
575 0.376000
576 0.380000
577 0.384000
578 0.390000
579 0.393000
580 0.397000
581 0.403000
582 0.406000
583 0.408000
584 0.409000
585 0.411000
586 0.414000
587 0.417000
588 0.420000
589 0.423000
590 0.428000
591 0.429000
592 0.432000
593 0.434000
594 0.438000
596 0.442000
597 0.444000
598 0.448000
599 0.451000
600 0.452000
601 0.457000
602 0.461000
603 0.464000
604 0.469000
605 0.472000
606 0.473000
607 0.477000
608 0.480000
609 0.484000
610 0.486000
611 0.488000
612 0.492000
613 0.495000
614 0.497000
615 0.502000
616 0.505000
617 0.509000
618 0.517000
619 0.522000
620 0.527000
622 0.534000
623 0.537000
624 0.539000
625 0.540000
626 0.543000
627 0.545000
628 0.549000
629 0.553000
630 0.554000
631 0.559000
634 0.560000
635 0.569000
636 0.572000
637 0.577000
638 0.579000
639 0.580000
640 0.583000
641 0.587000
642 0.591000
643 0.594000
644 0.599000
645 0.604000
646 0.606000
647 0.611000
648 0.614000
649 0.616000
650 0.617000
651 0.618000
652 0.619000
653 0.624000
654 0.628000
655 0.629000
656 0.632000
657 0.634000
658 0.637000
660 0.640000
661 0.644000
662 0.646000
663 0.650000
664 0.653000
665 0.656000
666 0.661000
668 0.663000
669 0.668000
670 0.674000
671 0.678000
672 0.680000
673 0.682000
674 0.684000
675 0.689000
676 0.690000
677 0.691000
678 0.693000
679 0.696000
680 0.699000
681 0.704000
682 0.705000
683 0.707000
684 0.713000
685 0.718000
686 0.720000
687 0.725000
689 0.730000
690 0.732000
691 0.734000
692 0.736000
693 0.738000
694 0.740000
695 0.744000
696 0.749000
697 0.750000
699 0.756000
700 0.760000
701 0.764000
702 0.768000
703 0.771000
704 0.773000
705 0.778000
706 0.780000
707 0.783000
708 0.785000
709 0.788000
710 0.789000
711 0.791000
712 0.795000
714 0.798000
715 0.800000
716 0.802000
717 0.805000
718 0.808000
719 0.810000
720 0.812000
721 0.816000
722 0.820000
723 0.826000
725 0.827000
726 0.836000
727 0.838000
728 0.839000
729 0.842000
730 0.844000
731 0.846000
732 0.848000
733 0.850000
734 0.852000
735 0.856000
737 0.860000
738 0.862000
743 0.863000
744 0.865000
745 0.867000
746 0.869000
747 0.871000
749 0.873000
750 0.875000
752 0.878000
754 0.879000
755 0.880000
756 0.883000
757 0.888000
758 0.889000
761 0.894000
762 0.895000
763 0.896000
765 0.897000
766 0.900000
767 0.901000
768 0.902000
770 0.904000
771 0.906000
772 0.909000
773 0.911000
774 0.912000
778 0.913000
783 0.914000
785 0.917000
786 0.918000
788 0.919000
789 0.920000
790 0.923000
791 0.928000
793 0.929000
794 0.931000
795 0.932000
796 0.933000
798 0.935000
799 0.936000
801 0.939000
802 0.940000
803 0.941000
808 0.943000
811 0.944000
812 0.946000
814 0.947000
817 0.948000
818 0.949000
819 0.950000
820 0.952000
824 0.955000
825 0.957000
827 0.959000
829 0.960000
830 0.963000
833 0.964000
834 0.966000
835 0.967000
836 0.968000
837 0.969000
840 0.970000
842 0.971000
843 0.972000
847 0.973000
848 0.975000
849 0.976000
857 0.977000
858 0.978000
860 0.979000
862 0.981000
865 0.983000
876 0.984000
889 0.985000
897 0.986000
900 0.987000
919 0.989000
926 0.990000
927 0.991000
932 0.992000
934 0.993000
937 0.994000
941 0.995000
946 0.996000
948 0.997000
951 0.998000
960 0.999000
992 1.000000


