211346 0.000000
211346 0.001000
241580 0.002000
342927 0.003000
370263 0.004000
372353 0.005000
433770 0.006000
444380 0.007000
452989 0.008000
457968 0.009000
461969 0.010000
462122 0.011000
466867 0.012000
467663 0.013000
474109 0.014000
484328 0.015000
485885 0.016000
491025 0.017000
496194 0.018000
497703 0.019000
498658 0.020000
498892 0.021000
499712 0.022000
500349 0.023000
505358 0.024000
506345 0.025000
512505 0.026000
517972 0.027000
518140 0.028000
518324 0.029000
518333 0.030000
520084 0.031000
524116 0.032000
530381 0.033000
531891 0.034000
532820 0.035000
534643 0.036000
536815 0.037000
538376 0.038000
543529 0.039000
546446 0.040000
552288 0.041000
554405 0.042000
554641 0.043000
557568 0.044000
559496 0.045000
560013 0.046000
565276 0.047000
565307 0.048000
566040 0.049000
567425 0.050000
570167 0.051000
571877 0.052000
573598 0.053000
574191 0.054000
576481 0.055000
578273 0.056000
579434 0.057000
580592 0.058000
583916 0.059000
585435 0.060000
586074 0.061000
587421 0.062000
588493 0.063000
588663 0.064000
591398 0.065000
593212 0.066000
593318 0.067000
593449 0.069000
594035 0.070000
594565 0.071000
597247 0.072000
602632 0.073000
603137 0.074000
604420 0.075000
605966 0.076000
606095 0.077000
606362 0.078000
606603 0.079000
607212 0.080000
607498 0.081000
607651 0.082000
608772 0.083000
610320 0.084000
610524 0.085000
612376 0.086000
612997 0.087000
614516 0.088000
614593 0.089000
616382 0.090000
617135 0.091000
617347 0.092000
617489 0.093000
618417 0.094000
618850 0.095000
620108 0.096000
621848 0.097000
623649 0.098000
623895 0.099000
626704 0.100000
627008 0.101000
627451 0.102000
628814 0.103000
629107 0.104000
629643 0.105000
632022 0.106000
632211 0.107000
634594 0.108000
635379 0.109000
635413 0.110000
637090 0.111000
637727 0.112000
638198 0.113000
638613 0.114000
639918 0.115000
640834 0.116000
641385 0.117000
645036 0.118000
645432 0.119000
646816 0.120000
647472 0.121000
647566 0.122000
647738 0.123000
648770 0.124000
649028 0.125000
649603 0.126000
650331 0.127000
650491 0.128000
650682 0.129000
650728 0.130000
650880 0.131000
651036 0.132000
651937 0.133000
652131 0.134000
652188 0.135000
652207 0.136000
652526 0.137000
653373 0.138000
653403 0.139000
653733 0.140000
655145 0.141000
655477 0.142000
655929 0.143000
656739 0.144000
658061 0.145000
658750 0.146000
660428 0.147000
660530 0.148000
660600 0.149000
660754 0.150000
662504 0.151000
663468 0.152000
664181 0.153000
664237 0.154000
664551 0.155000
665067 0.156000
666165 0.157000
666506 0.158000
667868 0.159000
668445 0.160000
669189 0.161000
669626 0.162000
670078 0.163000
670081 0.164000
670716 0.165000
671064 0.166000
671099 0.167000
671210 0.168000
671505 0.169000
671918 0.170000
672373 0.171000
675301 0.172000
675321 0.173000
675464 0.174000
675507 0.175000
676874 0.176000
677705 0.177000
679277 0.178000
679307 0.179000
679865 0.180000
680668 0.181000
682045 0.182000
682488 0.183000
682868 0.184000
683611 0.185000
683725 0.186000
684118 0.187000
686385 0.188000
686848 0.189000
686990 0.190000
688324 0.191000
688890 0.192000
689135 0.193000
689422 0.194000
689532 0.195000
689552 0.196000
689694 0.197000
690556 0.198000
690654 0.199000
690676 0.200000
691459 0.201000
691681 0.202000
691782 0.203000
691786 0.204000
692624 0.205000
692823 0.206000
693440 0.207000
693675 0.208000
694276 0.209000
694497 0.210000
695557 0.211000
695558 0.212000
695616 0.213000
696036 0.214000
696926 0.215000
697392 0.216000
698208 0.217000
698659 0.218000
699968 0.219000
701360 0.220000
703017 0.221000
703177 0.222000
703447 0.223000
703736 0.224000
704168 0.225000
704376 0.226000
705514 0.227000
705844 0.228000
706306 0.229000
707122 0.230000
707515 0.231000
707636 0.232000
707896 0.233000
708422 0.234000
708666 0.235000
709566 0.236000
709604 0.237000
710067 0.238000
710994 0.239000
711083 0.240000
711213 0.241000
711616 0.242000
712481 0.243000
712877 0.244000
713069 0.245000
713571 0.246000
714029 0.247000
714586 0.248000
715955 0.249000
716220 0.250000
716346 0.251000
717432 0.252000
717491 0.253000
717769 0.254000
717900 0.255000
718221 0.256000
718255 0.257000
718675 0.258000
719026 0.259000
719905 0.260000
719957 0.261000
720143 0.262000
720771 0.263000
721076 0.264000
721192 0.265000
721246 0.266000
721259 0.267000
721642 0.268000
722050 0.269000
722056 0.270000
722655 0.271000
722701 0.272000
722853 0.273000
723184 0.275000
723783 0.276000
724551 0.277000
724746 0.278000
726788 0.279000
727107 0.280000
728022 0.281000
728027 0.282000
728210 0.283000
728231 0.284000
728497 0.285000
728538 0.286000
729077 0.287000
729265 0.288000
729404 0.289000
729576 0.290000
729978 0.291000
730038 0.292000
731280 0.293000
731387 0.294000
731563 0.295000
731599 0.296000
731659 0.297000
732039 0.298000
732064 0.299000
732470 0.300000
732655 0.301000
732657 0.302000
732990 0.303000
733076 0.304000
734085 0.305000
734803 0.306000
735120 0.307000
735482 0.308000
735490 0.309000
735874 0.310000
736297 0.311000
736653 0.312000
737011 0.313000
737191 0.314000
737354 0.315000
737828 0.316000
737855 0.317000
738571 0.318000
739043 0.319000
740098 0.320000
740303 0.321000
740313 0.322000
741286 0.323000
742001 0.324000
742224 0.325000
742393 0.326000
742940 0.327000
743770 0.328000
743844 0.329000
743894 0.330000
744603 0.331000
744944 0.332000
745354 0.333000
745486 0.334000
746408 0.335000
746856 0.336000
746876 0.337000
747273 0.338000
747337 0.339000
747423 0.340000
747433 0.341000
747634 0.342000
747793 0.343000
748151 0.344000
748648 0.345000
749763 0.346000
750344 0.347000
750391 0.348000
750497 0.349000
751126 0.350000
751572 0.351000
751620 0.352000
752297 0.353000
752774 0.354000
752924 0.355000
753161 0.356000
753202 0.357000
753375 0.358000
753798 0.359000
754203 0.360000
754473 0.361000
754610 0.362000
755019 0.363000
755762 0.364000
755845 0.365000
756024 0.366000
756558 0.367000
756767 0.368000
757011 0.369000
757626 0.370000
757889 0.371000
758029 0.372000
758360 0.373000
758789 0.374000
759633 0.375000
759636 0.376000
760104 0.377000
760822 0.378000
760855 0.379000
762133 0.380000
762593 0.381000
762735 0.382000
763002 0.383000
763134 0.384000
763774 0.385000
764176 0.386000
764310 0.387000
764676 0.388000
764791 0.389000
764812 0.390000
765618 0.391000
766364 0.392000
767381 0.393000
767505 0.394000
768391 0.395000
768909 0.396000
769102 0.397000
769172 0.398000
769267 0.399000
770784 0.400000
770840 0.401000
771321 0.402000
771656 0.403000
771944 0.404000
771953 0.405000
772056 0.406000
773261 0.407000
773279 0.408000
773300 0.409000
773538 0.410000
773895 0.411000
774916 0.412000
775755 0.413000
776297 0.414000
776381 0.415000
776617 0.416000
776711 0.417000
777371 0.418000
777417 0.419000
777897 0.420000
778152 0.421000
778171 0.422000
778584 0.423000
778851 0.424000
779165 0.425000
779680 0.426000
780024 0.427000
780485 0.428000
780651 0.429000
780756 0.430000
780803 0.431000
781655 0.432000
782576 0.433000
782783 0.434000
783076 0.435000
783353 0.436000
783776 0.437000
784125 0.438000
784213 0.439000
784913 0.440000
785921 0.441000
786001 0.442000
786196 0.443000
786271 0.444000
787088 0.445000
787218 0.446000
787519 0.447000
787551 0.448000
787999 0.449000
788418 0.450000
788620 0.451000
788625 0.452000
788693 0.453000
788771 0.454000
789412 0.455000
789739 0.456000
790122 0.457000
791274 0.458000
791335 0.459000
792265 0.460000
792288 0.461000
792494 0.462000
792608 0.463000
792886 0.464000
793748 0.465000
793919 0.466000
794047 0.467000
795015 0.468000
795092 0.469000
795543 0.470000
795638 0.471000
795642 0.472000
795667 0.473000
795780 0.474000
795816 0.475000
795975 0.476000
796075 0.477000
796745 0.478000
796909 0.479000
797603 0.480000
798197 0.481000
798270 0.482000
798411 0.483000
798700 0.484000
799304 0.485000
800155 0.486000
800221 0.487000
800357 0.488000
801207 0.489000
802081 0.490000
802331 0.491000
802420 0.492000
802476 0.493000
802501 0.494000
802571 0.495000
805021 0.496000
805810 0.497000
806209 0.498000
806548 0.499000
806558 0.500000
806723 0.501000
806810 0.502000
807047 0.503000
807265 0.504000
807315 0.505000
807742 0.506000
807811 0.507000
807943 0.508000
807974 0.509000
807983 0.510000
808131 0.511000
808224 0.512000
808227 0.513000
808263 0.514000
808564 0.515000
809176 0.516000
809432 0.517000
810176 0.518000
810558 0.519000
811120 0.520000
811464 0.521000
811906 0.522000
812228 0.523000
812403 0.524000
813085 0.525000
813185 0.526000
813311 0.527000
813351 0.528000
813377 0.529000
813509 0.530000
813550 0.531000
813894 0.532000
813993 0.533000
814027 0.534000
814197 0.535000
814327 0.536000
814388 0.537000
814795 0.538000
815026 0.539000
815133 0.540000
815299 0.541000
815894 0.542000
816431 0.543000
816951 0.544000
817257 0.545000
817807 0.546000
817920 0.547000
818422 0.548000
818785 0.549000
818864 0.550000
818916 0.551000
819134 0.552000
819464 0.553000
819519 0.554000
819730 0.555000
820147 0.556000
820478 0.557000
820512 0.558000
820921 0.559000
821182 0.560000
821396 0.561000
821448 0.562000
821741 0.563000
821936 0.564000
822007 0.565000
822137 0.566000
822168 0.567000
822359 0.568000
822859 0.569000
823035 0.570000
823088 0.571000
823383 0.572000
823631 0.573000
824100 0.574000
824727 0.575000
825128 0.576000
825176 0.577000
826259 0.578000
826410 0.579000
827058 0.580000
827632 0.581000
827730 0.582000
827766 0.583000
827813 0.584000
827886 0.585000
828385 0.586000
828486 0.587000
828988 0.588000
829362 0.589000
829640 0.590000
830523 0.591000
830554 0.592000
830651 0.593000
830832 0.594000
831385 0.595000
831394 0.596000
831649 0.597000
832278 0.598000
832393 0.599000
832435 0.600000
833029 0.601000
833209 0.602000
833273 0.603000
834067 0.604000
834070 0.605000
834230 0.606000
834319 0.607000
834685 0.608000
834945 0.609000
835454 0.610000
835535 0.611000
835904 0.612000
836253 0.613000
836343 0.614000
837006 0.615000
837871 0.616000
837997 0.617000
838241 0.618000
838273 0.619000
838877 0.620000
839385 0.621000
840283 0.622000
840415 0.623000
840493 0.624000
840626 0.625000
841248 0.626000
842357 0.627000
842591 0.628000
842595 0.629000
843561 0.630000
844011 0.631000
844204 0.632000
844238 0.633000
844540 0.634000
844580 0.635000
844813 0.636000
845126 0.637000
845498 0.638000
845748 0.639000
846234 0.640000
846831 0.641000
847419 0.642000
847481 0.643000
847743 0.644000
847747 0.645000
848198 0.646000
848770 0.647000
848971 0.648000
849343 0.649000
849347 0.650000
849500 0.651000
849594 0.652000
849643 0.653000
850273 0.654000
850410 0.655000
850501 0.656000
850556 0.657000
851182 0.658000
851183 0.659000
851381 0.660000
851428 0.661000
851585 0.662000
851599 0.663000
851651 0.664000
852192 0.665000
853251 0.666000
853564 0.667000
853690 0.668000
854000 0.669000
854160 0.670000
854293 0.671000
854449 0.672000
854703 0.673000
855429 0.674000
855439 0.675000
856085 0.676000
856187 0.677000
856622 0.678000
857062 0.679000
857484 0.680000
857620 0.681000
858619 0.682000
858650 0.683000
858817 0.684000
859048 0.685000
859184 0.686000
859743 0.687000
860525 0.688000
860636 0.689000
860694 0.690000
860838 0.691000
861416 0.692000
861434 0.693000
862079 0.694000
862349 0.695000
862940 0.696000
863075 0.697000
863643 0.698000
864534 0.699000
864868 0.700000
865482 0.701000
865519 0.702000
865986 0.703000
866150 0.704000
866640 0.705000
866849 0.706000
866871 0.707000
867298 0.708000
867465 0.709000
868027 0.710000
868199 0.711000
868330 0.712000
868331 0.713000
868855 0.714000
869082 0.715000
869565 0.716000
869790 0.717000
870132 0.718000
870403 0.719000
871211 0.720000
871430 0.721000
871613 0.722000
871989 0.723000
872303 0.724000
874121 0.725000
874700 0.726000
874760 0.727000
875039 0.728000
875460 0.729000
875568 0.730000
876516 0.731000
876995 0.732000
877478 0.733000
877704 0.734000
878077 0.735000
878724 0.736000
878818 0.737000
878969 0.738000
879658 0.739000
880686 0.740000
880829 0.741000
880941 0.742000
881166 0.743000
881426 0.744000
882294 0.745000
882398 0.746000
883060 0.747000
883714 0.748000
883996 0.749000
884120 0.750000
884491 0.751000
885151 0.752000
885189 0.753000
885602 0.754000
886204 0.755000
887255 0.756000
887304 0.757000
887569 0.758000
887784 0.759000
888010 0.760000
888963 0.761000
889063 0.762000
889495 0.763000
889646 0.764000
889941 0.765000
890322 0.766000
890765 0.767000
891192 0.768000
891457 0.769000
891801 0.770000
893900 0.771000
895501 0.772000
896171 0.773000
896713 0.774000
896829 0.775000
897003 0.776000
898693 0.777000
899400 0.778000
899760 0.779000
900720 0.780000
900891 0.781000
901762 0.782000
901790 0.783000
901967 0.784000
903021 0.785000
903702 0.786000
904030 0.787000
904491 0.788000
904596 0.789000
906492 0.790000
906999 0.791000
907100 0.792000
907155 0.793000
907638 0.794000
907962 0.795000
908453 0.796000
908487 0.797000
908841 0.798000
909073 0.799000
909139 0.800000
909145 0.801000
909428 0.802000
909757 0.803000
910362 0.804000
910647 0.805000
911022 0.806000
911036 0.807000
912166 0.808000
912425 0.809000
912535 0.810000
912548 0.811000
912723 0.812000
913105 0.813000
913266 0.814000
913478 0.815000
913479 0.816000
913603 0.817000
913871 0.818000
914151 0.819000
915218 0.820000
916258 0.821000
916751 0.822000
916900 0.823000
916944 0.824000
917072 0.825000
917157 0.826000
918336 0.827000
918682 0.828000
919107 0.829000
919114 0.830000
919294 0.831000
919977 0.832000
920846 0.833000
921185 0.834000
922096 0.835000
922121 0.836000
922264 0.837000
922347 0.838000
923217 0.839000
923743 0.840000
923817 0.841000
924225 0.842000
924306 0.843000
924538 0.844000
925371 0.845000
926345 0.846000
926669 0.847000
927600 0.848000
928091 0.849000
928314 0.850000
929130 0.851000
929541 0.852000
930111 0.853000
931027 0.854000
931162 0.855000
931315 0.856000
931946 0.857000
932053 0.858000
932903 0.859000
933688 0.860000
937426 0.861000
938132 0.862000
938163 0.863000
938397 0.864000
939727 0.865000
939900 0.866000
940025 0.867000
940950 0.868000
942231 0.869000
943034 0.870000
943915 0.871000
945087 0.872000
945578 0.873000
946271 0.874000
947876 0.875000
947907 0.876000
948155 0.877000
948169 0.878000
948310 0.879000
948645 0.880000
949056 0.881000
949278 0.882000
949514 0.883000
949718 0.884000
950647 0.885000
951147 0.886000
951206 0.887000
951725 0.888000
952053 0.889000
952360 0.890000
952799 0.891000
954766 0.892000
954966 0.893000
955938 0.894000
955987 0.895000
956794 0.896000
957274 0.897000
957293 0.898000
960598 0.899000
960820 0.900000
961360 0.901000
962604 0.902000
963470 0.903000
966389 0.904000
967290 0.905000
968057 0.906000
968172 0.907000
969824 0.908000
969917 0.909000
971506 0.910000
971853 0.911000
973391 0.912000
974037 0.913000
974067 0.914000
974584 0.915000
975249 0.916000
977453 0.917000
977831 0.918000
978192 0.919000
978590 0.920000
979339 0.921000
979707 0.922000
980010 0.923000
983327 0.924000
983690 0.925000
984829 0.926000
985194 0.927000
985428 0.928000
986943 0.929000
987439 0.930000
987549 0.931000
988277 0.932000
992432 0.933000
993862 0.934000
995862 0.935000
995863 0.936000
995921 0.937000
999204 0.938000
999987 0.939000
1003882 0.940000
1005408 0.941000
1007178 0.942000
1007878 0.943000
1008856 0.944000
1009517 0.945000
1009995 0.946000
1010542 0.947000
1011635 0.948000
1012057 0.949000
1012284 0.950000
1013251 0.951000
1013973 0.952000
1014072 0.953000
1016131 0.954000
1016966 0.955000
1017177 0.956000
1017859 0.957000
1018181 0.958000
1019934 0.959000
1020927 0.960000
1021677 0.961000
1025272 0.962000
1027090 0.963000
1032223 0.964000
1032661 0.965000
1032885 0.966000
1037046 0.967000
1037153 0.968000
1039187 0.969000
1039756 0.970000
1042394 0.971000
1048297 0.972000
1048865 0.973000
1052594 0.974000
1057908 0.975000
1059648 0.976000
1063394 0.977000
1064019 0.978000
1065436 0.979000
1066409 0.980000
1067560 0.981000
1067605 0.982000
1076920 0.983000
1078248 0.984000
1081868 0.985000
1086682 0.986000
1089766 0.987000
1092167 0.988000
1095281 0.989000
1099342 0.990000
1100707 0.991000
1103120 0.992000
1114166 0.993000
1127035 0.994000
1140387 0.995000
1154599 0.996000
1160212 0.997000
1183526 0.998000
1203541 0.999000
1218690 1.000000


150 0.000000
150 0.001000
161 0.002000
208 0.003000
212 0.004000
241 0.005000
256 0.006000
266 0.007000
286 0.008000
309 0.009000
316 0.010000
320 0.011000
322 0.012000
324 0.013000
325 0.014000
335 0.015000
337 0.016000
341 0.018000
348 0.019000
349 0.021000
352 0.022000
354 0.023000
356 0.024000
357 0.025000
358 0.027000
359 0.028000
360 0.029000
361 0.030000
366 0.031000
368 0.033000
369 0.034000
372 0.035000
373 0.036000
374 0.037000
375 0.038000
377 0.039000
378 0.040000
380 0.041000
386 0.044000
387 0.045000
389 0.047000
390 0.048000
392 0.049000
393 0.050000
394 0.051000
398 0.052000
404 0.053000
405 0.054000
406 0.056000
408 0.057000
409 0.059000
410 0.060000
412 0.061000
413 0.062000
415 0.063000
417 0.064000
418 0.065000
419 0.068000
423 0.069000
424 0.070000
425 0.071000
427 0.072000
428 0.074000
429 0.075000
430 0.077000
436 0.078000
439 0.079000
440 0.081000
441 0.082000
442 0.083000
443 0.084000
445 0.085000
446 0.087000
447 0.088000
448 0.090000
449 0.093000
452 0.094000
453 0.095000
457 0.097000
459 0.098000
460 0.100000
461 0.101000
462 0.103000
463 0.104000
464 0.106000
465 0.107000
467 0.108000
469 0.109000
470 0.111000
472 0.113000
473 0.114000
474 0.115000
476 0.118000
477 0.120000
478 0.121000
479 0.122000
480 0.126000
481 0.127000
482 0.128000
483 0.130000
484 0.131000
486 0.132000
487 0.133000
488 0.134000
489 0.136000
491 0.140000
492 0.144000
494 0.146000
495 0.149000
496 0.151000
497 0.153000
498 0.156000
499 0.158000
500 0.160000
501 0.162000
502 0.168000
503 0.170000
504 0.171000
506 0.174000
507 0.176000
508 0.178000
509 0.179000
510 0.180000
511 0.182000
512 0.185000
514 0.189000
515 0.193000
517 0.197000
518 0.198000
519 0.201000
520 0.204000
521 0.205000
522 0.207000
524 0.208000
525 0.209000
526 0.212000
527 0.218000
528 0.221000
529 0.225000
530 0.230000
531 0.233000
532 0.236000
533 0.238000
534 0.239000
535 0.244000
536 0.247000
537 0.249000
538 0.251000
539 0.253000
540 0.258000
541 0.261000
542 0.265000
543 0.270000
544 0.272000
545 0.276000
546 0.278000
547 0.282000
548 0.286000
549 0.287000
550 0.290000
551 0.293000
553 0.298000
554 0.306000
555 0.310000
556 0.314000
557 0.317000
558 0.318000
559 0.323000
560 0.325000
562 0.329000
563 0.330000
564 0.332000
565 0.337000
566 0.342000
567 0.346000
568 0.348000
569 0.351000
570 0.356000
571 0.358000
572 0.360000
573 0.363000
574 0.365000
575 0.368000
576 0.373000
577 0.378000
578 0.380000
579 0.384000
580 0.386000
581 0.388000
582 0.389000
583 0.391000
584 0.393000
585 0.394000
586 0.396000
587 0.398000
588 0.402000
589 0.411000
590 0.415000
591 0.416000
592 0.417000
593 0.419000
594 0.425000
596 0.427000
597 0.429000
598 0.431000
600 0.435000
601 0.437000
603 0.442000
604 0.444000
605 0.450000
606 0.454000
607 0.458000
608 0.461000
610 0.468000
611 0.474000
612 0.476000
613 0.478000
614 0.481000
615 0.486000
616 0.490000
617 0.491000
618 0.496000
619 0.500000
620 0.505000
621 0.512000
622 0.518000
623 0.522000
625 0.523000
626 0.524000
627 0.528000
628 0.534000
629 0.535000
630 0.541000
631 0.542000
632 0.546000
633 0.551000
634 0.556000
635 0.564000
636 0.568000
637 0.571000
638 0.574000
640 0.580000
641 0.587000
642 0.590000
643 0.595000
644 0.599000
645 0.602000
646 0.604000
647 0.609000
648 0.612000
649 0.614000
650 0.618000
651 0.620000
652 0.625000
653 0.628000
654 0.630000
655 0.638000
656 0.642000
657 0.645000
658 0.649000
659 0.650000
660 0.651000
661 0.655000
662 0.659000
663 0.663000
664 0.668000
665 0.670000
666 0.671000
667 0.675000
668 0.680000
669 0.684000
671 0.686000
672 0.689000
673 0.698000
674 0.702000
675 0.704000
676 0.710000
677 0.714000
678 0.722000
679 0.727000
680 0.732000
681 0.737000
682 0.741000
683 0.742000
684 0.744000
685 0.747000
686 0.748000
687 0.751000
688 0.754000
690 0.756000
691 0.761000
692 0.765000
693 0.768000
694 0.772000
695 0.775000
696 0.778000
697 0.782000
698 0.785000
699 0.786000
700 0.790000
701 0.792000
703 0.794000
704 0.795000
705 0.797000
706 0.800000
707 0.802000
708 0.804000
709 0.806000
710 0.807000
711 0.809000
712 0.812000
713 0.813000
715 0.817000
717 0.820000
719 0.824000
720 0.825000
721 0.831000
723 0.835000
724 0.837000
726 0.838000
727 0.839000
728 0.841000
729 0.844000
730 0.845000
731 0.847000
732 0.850000
733 0.853000
734 0.854000
735 0.856000
736 0.861000
737 0.862000
739 0.865000
741 0.867000
742 0.870000
743 0.872000
744 0.874000
745 0.875000
746 0.876000
750 0.878000
751 0.879000
752 0.884000
753 0.886000
755 0.888000
756 0.889000
757 0.893000
758 0.895000
759 0.896000
761 0.898000
765 0.901000
766 0.904000
767 0.906000
768 0.907000
770 0.909000
771 0.910000
772 0.911000
773 0.914000
775 0.916000
776 0.918000
777 0.919000
779 0.920000
780 0.923000
781 0.925000
782 0.927000
783 0.928000
785 0.930000
786 0.932000
787 0.933000
789 0.936000
792 0.938000
793 0.939000
796 0.940000
797 0.941000
799 0.942000
800 0.945000
805 0.946000
806 0.947000
807 0.948000
808 0.949000
809 0.952000
812 0.953000
813 0.955000
814 0.956000
818 0.957000
819 0.958000
820 0.959000
821 0.962000
822 0.963000
827 0.964000
830 0.965000
831 0.967000
833 0.971000
834 0.973000
835 0.976000
839 0.977000
841 0.978000
845 0.979000
846 0.980000
847 0.981000
849 0.982000
850 0.983000
855 0.984000
856 0.985000
860 0.987000
866 0.988000
875 0.989000
876 0.990000
878 0.991000
880 0.992000
881 0.993000
885 0.994000
886 0.995000
899 0.996000
901 0.997000
942 0.998000
951 0.999000
1000 1.000000


