380696 0.000000
380696 0.001000
390904 0.002000
442700 0.003000
525925 0.004000
743291 0.005000
762517 0.006000
787971 0.007000
788966 0.008000
802136 0.009000
819818 0.010000
826977 0.011000
840503 0.012000
842463 0.013000
894210 0.014000
906948 0.015000
907275 0.016000
909144 0.017000
909944 0.018000
916244 0.019000
943808 0.020000
946161 0.021000
986488 0.022000
987920 0.023000
1005245 0.024000
1012255 0.025000
1019965 0.026000
1020612 0.027000
1023441 0.028000
1024110 0.029000
1025196 0.030000
1043036 0.031000
1045537 0.032000
1081730 0.033000
1082886 0.034000
1085198 0.035000
1103826 0.036000
1106222 0.037000
1119923 0.038000
1130243 0.039000
1130957 0.040000
1144378 0.041000
1145146 0.042000
1148749 0.043000
1148948 0.044000
1175325 0.045000
1175524 0.046000
1186211 0.047000
1199583 0.048000
1201370 0.049000
1203575 0.050000
1204332 0.051000
1209209 0.052000
1231477 0.053000
1233108 0.054000
1234708 0.055000
1247393 0.056000
1248074 0.057000
1248076 0.058000
1249965 0.059000
1254126 0.060000
1256093 0.061000
1257978 0.062000
1261091 0.063000
1265739 0.064000
1269443 0.065000
1270194 0.066000
1270881 0.067000
1283808 0.068000
1291178 0.069000
1292038 0.070000
1293884 0.071000
1303518 0.072000
1305716 0.073000
1305912 0.074000
1308724 0.075000
1311355 0.076000
1312845 0.077000
1314731 0.078000
1316207 0.079000
1317268 0.080000
1317642 0.081000
1317801 0.082000
1317849 0.083000
1318045 0.084000
1320540 0.085000
1320544 0.086000
1325805 0.087000
1328342 0.088000
1329685 0.089000
1329826 0.090000
1330131 0.091000
1330181 0.092000
1331530 0.093000
1331679 0.094000
1332152 0.095000
1332692 0.096000
1333493 0.097000
1334660 0.098000
1335064 0.099000
1337383 0.100000
1339107 0.101000
1340956 0.102000
1342146 0.103000
1344153 0.104000
1344318 0.105000
1348697 0.106000
1349048 0.107000
1349088 0.108000
1349534 0.109000
1350759 0.110000
1350832 0.111000
1351468 0.112000
1351804 0.113000
1352071 0.114000
1353839 0.115000
1354873 0.116000
1358043 0.117000
1358967 0.118000
1360570 0.119000
1361886 0.120000
1362778 0.121000
1362833 0.122000
1364303 0.123000
1367215 0.124000
1367225 0.125000
1369235 0.126000
1369308 0.127000
1371257 0.128000
1373510 0.129000
1374330 0.130000
1375959 0.131000
1376553 0.132000
1376702 0.133000
1377586 0.134000
1378586 0.135000
1379388 0.136000
1379445 0.137000
1379685 0.138000
1381908 0.139000
1382097 0.140000
1382443 0.141000
1383535 0.142000
1385590 0.143000
1386584 0.144000
1388015 0.145000
1390936 0.146000
1391439 0.147000
1392170 0.148000
1392263 0.149000
1392461 0.150000
1394043 0.151000
1394484 0.152000
1394496 0.153000
1396377 0.154000
1397866 0.155000
1397976 0.156000
1398875 0.157000
1399093 0.158000
1399579 0.159000
1399973 0.160000
1400243 0.161000
1400328 0.162000
1400339 0.163000
1400859 0.164000
1401657 0.165000
1401673 0.166000
1402036 0.167000
1402737 0.168000
1404576 0.169000
1404853 0.170000
1405046 0.171000
1405316 0.172000
1405399 0.173000
1405916 0.174000
1407521 0.175000
1407534 0.176000
1407677 0.177000
1408056 0.178000
1408436 0.179000
1408594 0.180000
1408835 0.181000
1410023 0.182000
1410295 0.183000
1410372 0.184000
1410423 0.185000
1410664 0.186000
1411070 0.187000
1413133 0.188000
1413142 0.189000
1413993 0.190000
1414428 0.191000
1414815 0.192000
1415020 0.193000
1415337 0.194000
1415347 0.195000
1417246 0.196000
1418262 0.197000
1418314 0.198000
1420063 0.199000
1420074 0.200000
1421304 0.201000
1421335 0.202000
1421470 0.203000
1421554 0.204000
1421786 0.205000
1422119 0.206000
1422678 0.207000
1422922 0.208000
1422941 0.209000
1423040 0.210000
1423411 0.211000
1423851 0.212000
1424218 0.213000
1424236 0.214000
1424359 0.215000
1424686 0.216000
1425258 0.217000
1426508 0.218000
1426531 0.219000
1427075 0.220000
1427910 0.221000
1428197 0.222000
1429354 0.223000
1430766 0.224000
1431781 0.225000
1432235 0.226000
1432265 0.227000
1432865 0.228000
1433070 0.229000
1433563 0.230000
1434015 0.231000
1434549 0.232000
1434619 0.233000
1435833 0.234000
1436235 0.235000
1436826 0.236000
1436965 0.237000
1438758 0.238000
1439007 0.239000
1439420 0.240000
1439571 0.241000
1439955 0.242000
1440000 0.243000
1440091 0.244000
1440192 0.245000
1440837 0.246000
1441090 0.247000
1441414 0.248000
1442452 0.249000
1442834 0.250000
1442902 0.251000
1443412 0.252000
1443630 0.253000
1445001 0.254000
1445063 0.255000
1445263 0.256000
1446104 0.257000
1446213 0.258000
1446337 0.259000
1446711 0.260000
1446833 0.261000
1446841 0.262000
1447111 0.263000
1447322 0.264000
1447583 0.265000
1448028 0.266000
1448426 0.267000
1449279 0.268000
1450588 0.269000
1450637 0.270000
1451184 0.271000
1451202 0.272000
1451289 0.273000
1451588 0.274000
1452453 0.275000
1452682 0.276000
1452984 0.277000
1453755 0.278000
1454069 0.279000
1454191 0.280000
1456524 0.281000
1456878 0.282000
1457150 0.283000
1457441 0.284000
1457483 0.285000
1458027 0.286000
1458094 0.287000
1458271 0.288000
1458334 0.289000
1458654 0.290000
1459046 0.291000
1459397 0.292000
1459912 0.293000
1460280 0.294000
1460465 0.295000
1460798 0.296000
1461326 0.297000
1461401 0.298000
1461404 0.299000
1462190 0.300000
1462547 0.301000
1462565 0.302000
1462599 0.303000
1463368 0.304000
1463405 0.305000
1463414 0.306000
1464269 0.307000
1464367 0.308000
1464910 0.309000
1465100 0.310000
1465788 0.311000
1466339 0.312000
1466794 0.313000
1467134 0.314000
1467293 0.315000
1469090 0.316000
1469205 0.317000
1469330 0.318000
1469597 0.319000
1470026 0.320000
1470140 0.321000
1470190 0.322000
1470200 0.323000
1470356 0.324000
1470651 0.325000
1470676 0.326000
1470725 0.327000
1470757 0.328000
1471195 0.329000
1471351 0.330000
1471613 0.331000
1471688 0.332000
1471851 0.333000
1471970 0.334000
1472350 0.335000
1472441 0.336000
1473348 0.337000
1473409 0.338000
1473630 0.339000
1474083 0.340000
1474949 0.341000
1474979 0.342000
1475279 0.343000
1475575 0.344000
1475919 0.345000
1476179 0.346000
1476417 0.347000
1476707 0.348000
1476849 0.349000
1477122 0.350000
1477188 0.351000
1477460 0.352000
1477530 0.353000
1477768 0.354000
1478931 0.355000
1479670 0.356000
1480207 0.357000
1480722 0.358000
1480748 0.359000
1480822 0.360000
1480948 0.361000
1481626 0.362000
1481786 0.363000
1482193 0.364000
1482807 0.365000
1483121 0.366000
1483575 0.367000
1484055 0.368000
1484187 0.369000
1484670 0.370000
1484758 0.371000
1484965 0.372000
1485500 0.373000
1485717 0.374000
1485740 0.375000
1486837 0.376000
1486858 0.377000
1486880 0.378000
1486957 0.379000
1487138 0.380000
1487466 0.381000
1487783 0.382000
1488911 0.383000
1488958 0.384000
1489436 0.385000
1489494 0.386000
1489838 0.387000
1489873 0.388000
1490067 0.389000
1490119 0.390000
1490941 0.391000
1490968 0.392000
1491509 0.393000
1491694 0.394000
1492122 0.395000
1492580 0.396000
1492842 0.397000
1493346 0.398000
1493632 0.399000
1493893 0.400000
1494133 0.401000
1494428 0.402000
1495266 0.403000
1495277 0.404000
1496003 0.405000
1496019 0.406000
1496232 0.407000
1497064 0.408000
1497946 0.409000
1498195 0.410000
1498628 0.411000
1498798 0.412000
1498855 0.413000
1499108 0.414000
1499638 0.415000
1499781 0.416000
1499837 0.417000
1501326 0.418000
1501424 0.419000
1501666 0.420000
1501679 0.421000
1501884 0.422000
1503576 0.423000
1503799 0.424000
1503889 0.425000
1503999 0.426000
1504074 0.427000
1504279 0.428000
1504618 0.429000
1505264 0.430000
1505618 0.431000
1505746 0.432000
1506423 0.433000
1506452 0.434000
1506491 0.435000
1506811 0.436000
1506907 0.437000
1507230 0.438000
1507312 0.439000
1508329 0.440000
1508447 0.441000
1508561 0.442000
1508795 0.443000
1508802 0.444000
1508820 0.445000
1510125 0.446000
1510425 0.447000
1511147 0.448000
1511368 0.449000
1511459 0.450000
1511518 0.451000
1511821 0.452000
1511919 0.453000
1512438 0.454000
1512955 0.455000
1513443 0.456000
1513492 0.457000
1513511 0.458000
1513942 0.459000
1513946 0.460000
1514233 0.461000
1514338 0.462000
1514522 0.463000
1514592 0.464000
1516177 0.465000
1516209 0.466000
1516792 0.467000
1518040 0.468000
1518110 0.469000
1518379 0.470000
1518451 0.471000
1519171 0.472000
1519534 0.473000
1519794 0.474000
1519814 0.475000
1521178 0.476000
1521612 0.477000
1521658 0.478000
1522096 0.479000
1522341 0.480000
1522535 0.481000
1522840 0.482000
1523563 0.483000
1524151 0.484000
1524348 0.485000
1524370 0.486000
1524563 0.487000
1524650 0.488000
1525437 0.489000
1525647 0.490000
1525705 0.491000
1526376 0.492000
1527247 0.493000
1527588 0.494000
1527716 0.495000
1527940 0.496000
1527951 0.497000
1528909 0.498000
1529057 0.499000
1530166 0.500000
1530565 0.501000
1530971 0.502000
1532041 0.503000
1532101 0.504000
1532252 0.505000
1532438 0.506000
1532524 0.507000
1532532 0.508000
1532573 0.509000
1532842 0.510000
1532890 0.511000
1533300 0.512000
1533757 0.513000
1533851 0.514000
1533989 0.515000
1534161 0.516000
1534812 0.517000
1534933 0.518000
1535234 0.519000
1535829 0.520000
1535904 0.521000
1535980 0.522000
1536146 0.523000
1536174 0.524000
1536642 0.525000
1536752 0.526000
1536838 0.527000
1537018 0.528000
1537134 0.529000
1537308 0.530000
1537354 0.531000
1537795 0.532000
1537801 0.533000
1538596 0.534000
1538600 0.535000
1538813 0.536000
1539036 0.537000
1539075 0.538000
1540741 0.539000
1540804 0.540000
1541220 0.541000
1541412 0.542000
1541734 0.543000
1541937 0.544000
1542284 0.545000
1542617 0.546000
1542623 0.547000
1543336 0.548000
1543931 0.549000
1544418 0.550000
1544430 0.551000
1544663 0.552000
1544936 0.553000
1545587 0.554000
1546313 0.555000
1546387 0.556000
1547018 0.557000
1547274 0.558000
1547539 0.559000
1547672 0.560000
1548102 0.561000
1548361 0.562000
1548737 0.563000
1548750 0.564000
1548932 0.565000
1549078 0.566000
1549142 0.567000
1549677 0.568000
1549899 0.569000
1550286 0.570000
1551635 0.571000
1551674 0.572000
1551746 0.573000
1552240 0.574000
1552678 0.575000
1553316 0.576000
1554077 0.577000
1554146 0.578000
1554323 0.579000
1556002 0.580000
1556193 0.581000
1556224 0.582000
1556343 0.583000
1556903 0.584000
1557178 0.585000
1557444 0.586000
1557805 0.587000
1558076 0.588000
1558567 0.589000
1558889 0.590000
1559086 0.591000
1559333 0.592000
1559375 0.593000
1559486 0.594000
1559926 0.595000
1560098 0.596000
1560244 0.597000
1560442 0.598000
1560574 0.599000
1560911 0.600000
1561314 0.601000
1561444 0.602000
1561456 0.603000
1561845 0.604000
1562121 0.605000
1562130 0.606000
1563867 0.607000
1563930 0.608000
1563939 0.609000
1563988 0.610000
1564379 0.611000
1565387 0.612000
1565401 0.613000
1566217 0.614000
1566583 0.615000
1566596 0.616000
1566647 0.617000
1566714 0.618000
1566908 0.619000
1566954 0.620000
1567266 0.621000
1568296 0.622000
1568299 0.623000
1568419 0.624000
1568456 0.625000
1568538 0.626000
1568689 0.627000
1568928 0.628000
1568995 0.629000
1570014 0.630000
1570089 0.631000
1570222 0.632000
1570233 0.633000
1570590 0.634000
1570906 0.635000
1570922 0.636000
1571218 0.637000
1571402 0.638000
1571588 0.639000
1571647 0.640000
1571671 0.641000
1571743 0.642000
1572161 0.643000
1572805 0.644000
1572867 0.645000
1572942 0.646000
1573744 0.647000
1574114 0.648000
1574853 0.649000
1575001 0.650000
1575324 0.651000
1576122 0.652000
1576487 0.653000
1577326 0.654000
1577687 0.655000
1577892 0.656000
1578664 0.657000
1579027 0.658000
1579181 0.659000
1579769 0.660000
1579819 0.661000
1580075 0.662000
1581191 0.663000
1581238 0.664000
1581241 0.665000
1581567 0.666000
1581973 0.667000
1582161 0.668000
1583134 0.669000
1583179 0.670000
1583298 0.671000
1583424 0.672000
1584079 0.673000
1584384 0.674000
1584985 0.675000
1585040 0.676000
1585082 0.677000
1585143 0.678000
1585514 0.679000
1586169 0.680000
1586227 0.681000
1587438 0.682000
1587792 0.683000
1587972 0.684000
1588525 0.685000
1588534 0.686000
1588635 0.687000
1588722 0.688000
1588834 0.689000
1588870 0.690000
1589020 0.691000
1589857 0.692000
1590333 0.693000
1590427 0.694000
1590471 0.695000
1590705 0.696000
1591382 0.697000
1591783 0.698000
1591851 0.699000
1591969 0.700000
1592290 0.701000
1592930 0.702000
1593623 0.703000
1594321 0.704000
1594856 0.705000
1594999 0.706000
1595546 0.707000
1595659 0.708000
1596103 0.709000
1596743 0.710000
1597099 0.711000
1597435 0.712000
1597606 0.713000
1597698 0.714000
1599121 0.715000
1599259 0.716000
1599285 0.717000
1599399 0.718000
1599751 0.719000
1599913 0.720000
1600672 0.721000
1600725 0.722000
1601129 0.723000
1601235 0.724000
1601375 0.725000
1601377 0.726000
1601427 0.727000
1601557 0.728000
1602202 0.729000
1602231 0.730000
1602249 0.731000
1604241 0.732000
1604527 0.733000
1604827 0.734000
1605113 0.735000
1605157 0.736000
1605864 0.737000
1606022 0.738000
1606307 0.739000
1606578 0.740000
1607767 0.741000
1609204 0.742000
1609413 0.743000
1609659 0.744000
1609820 0.745000
1610058 0.746000
1610209 0.747000
1610447 0.748000
1611060 0.749000
1611271 0.750000
1611405 0.751000
1611837 0.752000
1611845 0.753000
1612598 0.754000
1612599 0.755000
1613390 0.756000
1613750 0.757000
1613769 0.758000
1614220 0.759000
1614233 0.760000
1614454 0.761000
1614666 0.762000
1615154 0.763000
1615202 0.764000
1615439 0.765000
1615810 0.766000
1616304 0.767000
1616660 0.768000
1617067 0.769000
1617249 0.770000
1617353 0.771000
1617461 0.772000
1617967 0.773000
1618135 0.774000
1618315 0.775000
1618523 0.776000
1619144 0.777000
1619833 0.778000
1620461 0.779000
1620541 0.780000
1621426 0.781000
1621740 0.782000
1622051 0.783000
1622744 0.784000
1622841 0.785000
1622873 0.786000
1623479 0.787000
1623703 0.788000
1623988 0.789000
1624147 0.790000
1624162 0.791000
1624318 0.792000
1624611 0.793000
1624634 0.794000
1626138 0.795000
1626357 0.796000
1627095 0.797000
1627131 0.798000
1627463 0.799000
1627539 0.800000
1627953 0.801000
1628342 0.802000
1628762 0.803000
1628780 0.804000
1628931 0.805000
1629208 0.806000
1629244 0.807000
1629487 0.808000
1629887 0.809000
1630114 0.810000
1630673 0.811000
1630787 0.812000
1631288 0.813000
1631742 0.814000
1631876 0.815000
1632774 0.816000
1632843 0.817000
1632872 0.818000
1633100 0.819000
1633321 0.820000
1633620 0.821000
1633778 0.822000
1633836 0.823000
1634148 0.824000
1634643 0.825000
1635284 0.826000
1635526 0.827000
1635585 0.828000
1635925 0.829000
1637387 0.830000
1637885 0.831000
1638708 0.832000
1639513 0.833000
1640066 0.834000
1641346 0.835000
1641488 0.836000
1642183 0.837000
1642318 0.838000
1642936 0.839000
1643859 0.840000
1644664 0.841000
1644826 0.842000
1645006 0.843000
1645368 0.844000
1646470 0.845000
1646888 0.846000
1647096 0.847000
1648657 0.848000
1649703 0.849000
1650346 0.850000
1650586 0.851000
1650892 0.852000
1651383 0.853000
1652244 0.854000
1652540 0.855000
1655052 0.856000
1655203 0.857000
1656587 0.858000
1656706 0.859000
1657227 0.860000
1657311 0.861000
1657958 0.862000
1659077 0.863000
1659298 0.864000
1659415 0.865000
1659434 0.866000
1659622 0.867000
1659900 0.868000
1660067 0.869000
1660426 0.870000
1660581 0.871000
1662232 0.872000
1663353 0.873000
1664473 0.874000
1665635 0.875000
1665802 0.876000
1666184 0.877000
1666843 0.878000
1667565 0.879000
1668709 0.880000
1669351 0.881000
1669501 0.882000
1670226 0.883000
1670818 0.884000
1673827 0.885000
1674516 0.886000
1674729 0.887000
1675782 0.888000
1676656 0.889000
1676790 0.890000
1677110 0.891000
1678259 0.892000
1678428 0.893000
1679044 0.894000
1679464 0.895000
1680984 0.896000
1682157 0.897000
1682344 0.898000
1682506 0.899000
1683136 0.900000
1684187 0.901000
1684479 0.902000
1684577 0.903000
1686183 0.904000
1686193 0.905000
1687191 0.906000
1687895 0.907000
1689127 0.908000
1689234 0.909000
1689519 0.910000
1690218 0.911000
1692654 0.912000
1692830 0.913000
1697198 0.914000
1697420 0.915000
1697821 0.916000
1698932 0.917000
1698984 0.918000
1699288 0.919000
1699381 0.921000
1700010 0.922000
1700548 0.923000
1701136 0.924000
1703041 0.925000
1703678 0.926000
1704504 0.927000
1705582 0.928000
1705848 0.929000
1705891 0.930000
1705948 0.931000
1706211 0.932000
1706543 0.933000
1707227 0.934000
1707814 0.935000
1708079 0.936000
1708308 0.937000
1709511 0.938000
1710166 0.939000
1710558 0.940000
1711280 0.941000
1712277 0.942000
1714458 0.943000
1714562 0.944000
1714728 0.945000
1715107 0.946000
1716516 0.947000
1717458 0.948000
1718317 0.949000
1719311 0.950000
1720179 0.951000
1722048 0.952000
1722684 0.953000
1723470 0.954000
1726728 0.955000
1727170 0.956000
1728874 0.957000
1729078 0.958000
1730801 0.959000
1734061 0.960000
1736106 0.961000
1736412 0.962000
1738776 0.963000
1741365 0.964000
1743060 0.965000
1743465 0.966000
1744968 0.967000
1746169 0.968000
1746403 0.969000
1747812 0.970000
1748168 0.971000
1750383 0.972000
1753276 0.973000
1754061 0.974000
1756217 0.975000
1757788 0.976000
1763530 0.977000
1763990 0.978000
1764158 0.979000
1765440 0.980000
1770120 0.981000
1776144 0.982000
1778235 0.983000
1782438 0.984000
1790079 0.985000
1791458 0.986000
1791603 0.987000
1794883 0.988000
1797322 0.989000
1800929 0.990000
1807839 0.991000
1821432 0.992000
1823562 0.993000
1834233 0.994000
1841681 0.995000
1842601 0.996000
1843744 0.997000
1846339 0.998000
1877063 0.999000
1887172 1.000000


