299315 0.000000
299315 0.001000
304275 0.002000
317697 0.003000
326728 0.004000
339942 0.005000
374698 0.006000
396586 0.007000
396762 0.008000
404885 0.009000
408318 0.010000
409054 0.011000
411946 0.012000
415172 0.013000
423709 0.014000
425875 0.015000
425943 0.016000
441398 0.017000
444837 0.018000
453706 0.019000
456947 0.020000
460200 0.021000
467244 0.022000
469024 0.023000
469282 0.024000
474759 0.025000
477964 0.026000
478067 0.027000
478714 0.028000
486990 0.029000
487778 0.030000
492062 0.031000
492890 0.032000
494060 0.033000
495799 0.034000
496884 0.035000
501404 0.036000
501863 0.037000
505563 0.038000
512303 0.039000
512829 0.040000
513403 0.041000
514942 0.042000
518909 0.043000
522105 0.044000
525320 0.045000
526374 0.046000
526748 0.047000
529248 0.048000
536818 0.049000
538267 0.050000
540945 0.051000
541049 0.052000
542878 0.053000
543606 0.054000
544065 0.055000
545438 0.056000
546122 0.057000
547104 0.058000
548439 0.059000
550301 0.060000
554368 0.061000
556226 0.062000
556388 0.063000
557211 0.064000
559339 0.065000
560880 0.066000
561377 0.067000
562410 0.068000
565532 0.069000
566354 0.070000
566649 0.071000
567280 0.072000
567391 0.073000
569638 0.074000
570283 0.075000
570307 0.076000
571014 0.077000
571936 0.078000
574270 0.079000
580689 0.080000
581087 0.081000
581707 0.082000
583491 0.083000
586753 0.084000
587469 0.085000
593283 0.086000
593679 0.087000
593913 0.088000
594073 0.089000
595402 0.090000
596466 0.091000
598508 0.092000
599607 0.093000
599654 0.094000
599780 0.095000
599901 0.096000
600990 0.097000
601084 0.098000
601940 0.099000
602025 0.100000
602802 0.101000
605131 0.102000
605176 0.103000
606180 0.104000
608747 0.105000
609081 0.106000
610012 0.107000
610548 0.108000
611909 0.109000
612379 0.110000
613162 0.111000
614201 0.112000
614273 0.113000
616257 0.114000
616262 0.115000
617155 0.116000
622356 0.117000
622685 0.118000
626624 0.119000
627998 0.120000
628626 0.121000
629101 0.122000
629421 0.123000
629428 0.124000
629819 0.125000
630761 0.126000
632489 0.127000
634969 0.128000
634989 0.129000
635698 0.130000
636696 0.131000
637298 0.132000
638403 0.133000
638576 0.134000
639257 0.135000
640916 0.136000
641390 0.137000
644073 0.138000
644879 0.139000
646545 0.140000
647335 0.141000
648342 0.142000
649614 0.143000
652749 0.144000
653966 0.145000
654447 0.146000
655763 0.147000
656676 0.148000
657715 0.149000
657851 0.150000
659748 0.151000
660373 0.152000
660509 0.153000
660711 0.154000
661171 0.155000
661222 0.156000
661335 0.157000
662047 0.158000
662991 0.159000
663656 0.160000
664075 0.161000
664460 0.162000
664831 0.163000
664859 0.164000
665405 0.165000
666945 0.166000
668777 0.167000
669528 0.168000
670019 0.169000
671787 0.170000
674166 0.171000
674748 0.172000
674767 0.173000
675740 0.174000
676059 0.175000
676463 0.176000
676489 0.177000
677130 0.178000
677194 0.179000
677689 0.180000
678241 0.181000
678310 0.182000
678498 0.183000
679080 0.184000
679108 0.185000
679848 0.186000
680703 0.187000
681455 0.188000
681632 0.189000
682029 0.190000
682076 0.191000
682697 0.192000
683236 0.193000
683715 0.194000
684027 0.195000
684343 0.196000
685094 0.197000
688745 0.198000
689531 0.199000
690753 0.200000
691041 0.201000
691356 0.202000
691524 0.203000
692104 0.204000
692406 0.205000
693836 0.206000
693905 0.207000
694056 0.208000
694093 0.209000
694126 0.210000
696113 0.211000
696188 0.212000
696717 0.213000
697195 0.214000
697221 0.215000
697566 0.216000
697980 0.217000
698231 0.218000
698245 0.219000
699475 0.220000
701217 0.221000
703400 0.222000
704078 0.223000
705314 0.224000
706523 0.225000
707086 0.226000
707776 0.227000
707792 0.228000
708045 0.229000
708100 0.230000
708748 0.231000
708808 0.232000
708846 0.233000
709200 0.234000
710667 0.235000
710786 0.236000
710825 0.237000
710876 0.238000
710889 0.239000
711659 0.240000
711771 0.241000
711914 0.242000
712285 0.243000
712345 0.244000
713101 0.245000
713785 0.246000
713825 0.247000
714539 0.248000
714652 0.249000
715017 0.250000
715744 0.251000
716419 0.252000
716586 0.253000
716635 0.254000
716814 0.255000
717666 0.256000
717790 0.257000
718560 0.258000
719908 0.259000
720019 0.260000
720189 0.261000
720668 0.262000
722246 0.263000
722327 0.264000
722357 0.265000
722725 0.266000
723119 0.267000
723863 0.268000
724711 0.269000
725199 0.270000
725904 0.271000
725925 0.272000
726092 0.273000
726429 0.274000
727209 0.275000
729277 0.276000
729847 0.277000
730644 0.278000
730844 0.280000
731437 0.281000
731665 0.282000
732805 0.283000
733348 0.284000
734377 0.285000
734675 0.286000
734905 0.287000
735023 0.288000
735534 0.289000
735777 0.290000
735902 0.291000
736350 0.292000
736477 0.293000
736559 0.294000
736628 0.295000
736717 0.296000
737045 0.297000
737394 0.298000
737430 0.299000
737652 0.300000
737883 0.301000
738378 0.302000
738708 0.303000
739508 0.304000
740351 0.305000
740855 0.306000
741868 0.307000
741921 0.308000
741996 0.309000
742530 0.310000
743414 0.311000
744288 0.312000
744465 0.313000
744626 0.314000
744707 0.315000
744933 0.316000
745731 0.317000
746145 0.318000
746421 0.319000
746775 0.320000
746847 0.321000
747621 0.322000
747711 0.323000
747773 0.324000
747959 0.325000
747987 0.326000
748051 0.327000
748370 0.328000
748528 0.329000
748585 0.330000
748995 0.331000
751846 0.332000
751869 0.333000
753151 0.334000
753735 0.335000
754159 0.336000
754685 0.337000
754710 0.338000
755231 0.339000
756556 0.340000
756739 0.341000
756831 0.342000
757169 0.343000
757265 0.344000
758442 0.345000
760170 0.346000
762208 0.347000
762840 0.348000
762942 0.349000
763583 0.350000
763748 0.351000
765166 0.352000
765279 0.353000
766091 0.354000
766199 0.355000
766812 0.356000
767019 0.357000
767041 0.358000
767196 0.359000
767651 0.360000
767918 0.361000
768340 0.362000
768521 0.363000
768818 0.364000
769944 0.365000
770092 0.366000
770528 0.367000
770835 0.368000
772601 0.369000
772857 0.370000
773252 0.371000
773314 0.372000
774539 0.373000
774745 0.374000
775535 0.375000
775913 0.376000
776135 0.377000
776255 0.378000
776773 0.379000
777921 0.380000
778029 0.381000
778519 0.382000
780125 0.383000
780759 0.384000
781004 0.385000
781567 0.386000
783449 0.387000
783740 0.388000
784253 0.389000
784466 0.390000
785182 0.391000
785242 0.392000
785967 0.393000
786118 0.394000
786218 0.395000
786267 0.396000
786348 0.397000
786559 0.398000
786616 0.399000
786691 0.400000
787340 0.401000
787469 0.402000
788071 0.403000
788134 0.404000
789037 0.405000
790306 0.406000
790390 0.407000
790646 0.408000
790816 0.409000
790881 0.410000
791012 0.411000
791392 0.412000
791544 0.413000
791578 0.414000
791945 0.415000
791973 0.416000
793582 0.417000
794140 0.418000
794371 0.419000
794424 0.420000
794432 0.421000
794438 0.422000
794443 0.423000
794780 0.424000
794888 0.425000
795734 0.426000
795951 0.427000
796732 0.428000
796915 0.429000
796954 0.430000
796990 0.431000
797124 0.432000
797616 0.433000
797623 0.434000
797708 0.435000
798725 0.436000
798943 0.437000
799002 0.438000
799898 0.439000
800244 0.440000
800563 0.441000
800863 0.442000
800978 0.443000
801634 0.444000
801782 0.445000
801912 0.446000
802240 0.447000
802688 0.448000
804881 0.449000
805035 0.450000
805333 0.451000
805336 0.452000
805363 0.453000
807986 0.454000
808588 0.455000
808888 0.456000
809250 0.457000
809786 0.458000
809933 0.459000
810079 0.460000
810117 0.461000
810548 0.462000
811434 0.463000
811835 0.464000
811844 0.465000
812079 0.466000
812715 0.467000
812736 0.469000
812940 0.470000
813318 0.471000
814741 0.472000
814908 0.473000
815060 0.474000
815266 0.475000
815544 0.476000
816450 0.477000
816917 0.478000
817263 0.479000
817717 0.480000
817948 0.481000
817956 0.482000
818113 0.483000
818921 0.484000
818987 0.485000
819503 0.486000
821011 0.487000
821620 0.488000
822184 0.489000
823118 0.490000
823244 0.491000
823678 0.492000
823773 0.493000
824223 0.494000
824805 0.495000
825010 0.496000
825061 0.497000
826442 0.498000
826453 0.499000
826841 0.500000
827624 0.501000
828604 0.502000
828648 0.503000
828767 0.504000
828828 0.505000
829047 0.506000
829123 0.507000
830018 0.508000
830247 0.509000
831833 0.510000
832069 0.511000
832162 0.512000
832287 0.513000
832887 0.514000
833953 0.515000
834099 0.516000
834102 0.517000
834293 0.518000
835310 0.519000
835429 0.520000
836814 0.521000
836870 0.522000
837736 0.523000
838598 0.524000
838723 0.525000
838989 0.526000
839049 0.527000
839155 0.528000
839199 0.529000
839376 0.530000
839624 0.531000
840165 0.532000
840803 0.533000
841043 0.534000
841273 0.535000
841646 0.536000
841689 0.537000
841982 0.538000
842052 0.539000
842080 0.540000
842477 0.541000
842581 0.542000
842770 0.543000
842905 0.544000
842938 0.545000
843152 0.546000
843670 0.547000
843764 0.548000
844377 0.549000
844604 0.550000
845474 0.551000
845617 0.552000
845981 0.553000
846398 0.554000
846486 0.555000
846775 0.556000
846835 0.557000
846898 0.558000
847354 0.559000
847407 0.560000
847828 0.561000
847892 0.562000
848296 0.563000
848473 0.564000
848678 0.565000
849220 0.566000
849875 0.567000
849896 0.568000
850175 0.569000
851304 0.570000
851572 0.571000
851708 0.572000
852048 0.573000
852101 0.574000
852181 0.575000
852640 0.576000
854038 0.577000
854168 0.578000
854577 0.579000
856028 0.580000
856060 0.581000
856120 0.582000
856842 0.583000
856934 0.584000
857632 0.585000
858000 0.586000
858352 0.587000
858963 0.588000
859389 0.589000
860113 0.590000
860241 0.591000
860718 0.592000
861904 0.593000
862288 0.594000
862352 0.595000
862552 0.596000
862713 0.597000
863199 0.598000
863651 0.599000
863835 0.600000
864154 0.601000
864405 0.602000
864461 0.603000
864553 0.604000
864741 0.605000
865108 0.606000
865176 0.607000
865326 0.608000
866404 0.609000
866433 0.610000
866562 0.611000
867832 0.612000
867962 0.613000
868103 0.614000
869507 0.615000
869849 0.616000
870460 0.617000
870682 0.618000
871867 0.619000
871951 0.620000
873155 0.621000
873160 0.622000
873393 0.623000
873773 0.624000
873805 0.625000
874468 0.626000
874977 0.627000
875075 0.628000
875766 0.629000
876325 0.630000
876338 0.631000
876731 0.632000
877207 0.633000
878317 0.634000
878892 0.635000
879887 0.636000
879975 0.637000
880932 0.638000
881270 0.639000
881297 0.640000
881640 0.641000
882064 0.642000
882198 0.643000
882630 0.644000
883095 0.645000
883275 0.646000
883947 0.647000
884452 0.648000
884473 0.649000
885163 0.650000
885486 0.651000
886096 0.652000
886386 0.653000
886443 0.654000
886683 0.655000
886841 0.656000
886847 0.657000
887024 0.658000
887660 0.659000
887933 0.660000
888112 0.661000
888245 0.662000
888533 0.663000
889746 0.664000
890158 0.665000
890177 0.666000
890763 0.667000
891036 0.668000
892100 0.669000
892398 0.670000
893058 0.671000
893581 0.672000
893789 0.673000
893910 0.674000
894374 0.675000
894904 0.676000
894971 0.677000
895442 0.678000
895731 0.679000
895940 0.680000
896006 0.681000
896141 0.682000
896301 0.683000
896393 0.684000
896865 0.685000
897958 0.686000
898557 0.687000
898803 0.688000
899176 0.689000
899534 0.690000
899842 0.691000
899860 0.692000
900144 0.693000
900361 0.694000
900636 0.695000
901197 0.696000
901251 0.697000
902407 0.698000
904820 0.699000
905095 0.700000
905516 0.701000
907057 0.702000
907636 0.703000
907661 0.704000
908253 0.705000
908725 0.706000
909008 0.707000
909591 0.708000
910116 0.709000
910312 0.710000
910660 0.711000
910724 0.712000
911153 0.713000
911260 0.714000
912512 0.715000
912737 0.716000
913025 0.717000
913232 0.718000
913314 0.719000
913635 0.720000
913995 0.721000
914408 0.722000
914441 0.723000
914710 0.724000
915186 0.725000
915540 0.726000
916479 0.727000
917026 0.728000
917045 0.729000
917084 0.730000
917384 0.731000
917445 0.732000
917460 0.733000
917645 0.734000
917684 0.735000
918386 0.736000
918616 0.737000
918688 0.738000
918965 0.739000
919039 0.740000
919096 0.741000
919182 0.742000
919542 0.743000
919690 0.744000
919694 0.745000
920866 0.746000
920950 0.747000
921431 0.748000
921702 0.749000
922517 0.750000
922728 0.751000
924076 0.752000
924236 0.753000
924822 0.754000
926644 0.755000
926768 0.756000
927673 0.757000
927850 0.758000
928422 0.759000
928596 0.760000
929014 0.761000
929018 0.762000
929891 0.763000
930578 0.764000
931243 0.765000
931591 0.766000
931910 0.767000
932100 0.768000
933487 0.769000
933844 0.770000
934078 0.771000
935832 0.772000
936633 0.773000
936707 0.774000
936902 0.775000
937012 0.776000
937401 0.777000
937613 0.778000
937819 0.779000
937837 0.780000
937958 0.781000
938304 0.782000
938679 0.783000
939033 0.784000
939710 0.785000
940622 0.786000
941420 0.787000
941867 0.788000
942180 0.789000
942474 0.790000
943241 0.791000
943517 0.792000
944228 0.793000
944463 0.794000
944718 0.795000
946020 0.796000
946126 0.797000
946372 0.798000
946733 0.799000
947066 0.800000
947383 0.801000
948509 0.802000
949560 0.803000
950035 0.804000
950188 0.805000
950503 0.806000
950930 0.807000
951023 0.808000
951261 0.809000
951763 0.810000
952551 0.811000
952739 0.812000
953441 0.813000
953484 0.814000
954478 0.815000
955993 0.816000
956109 0.817000
956313 0.818000
956316 0.819000
956452 0.820000
956630 0.821000
956989 0.822000
957270 0.823000
957633 0.824000
958078 0.825000
958329 0.826000
958543 0.827000
958572 0.828000
960395 0.829000
962111 0.830000
962949 0.831000
963029 0.832000
963422 0.833000
964771 0.834000
965167 0.835000
965638 0.836000
966461 0.837000
966544 0.838000
966866 0.839000
967230 0.840000
968133 0.841000
969176 0.842000
969429 0.843000
969909 0.844000
971077 0.845000
973215 0.846000
973265 0.847000
973321 0.848000
974089 0.849000
974319 0.850000
974682 0.851000
974694 0.852000
976402 0.853000
977155 0.854000
977338 0.855000
977491 0.856000
977501 0.857000
977532 0.858000
977541 0.859000
977875 0.860000
980839 0.861000
980875 0.862000
984351 0.863000
984549 0.864000
985834 0.865000
986224 0.866000
986464 0.867000
987014 0.868000
987719 0.869000
991880 0.870000
992519 0.871000
992998 0.872000
993043 0.873000
993212 0.874000
993378 0.875000
994631 0.876000
996251 0.877000
996511 0.878000
1000966 0.879000
1001129 0.880000
1001269 0.881000
1001762 0.882000
1004083 0.883000
1004150 0.884000
1004606 0.885000
1006646 0.886000
1011734 0.887000
1012456 0.888000
1012682 0.889000
1012858 0.890000
1012887 0.891000
1013773 0.892000
1015157 0.893000
1017281 0.894000
1017985 0.895000
1018278 0.896000
1018366 0.897000
1018379 0.898000
1020419 0.899000
1022008 0.900000
1022349 0.901000
1022584 0.902000
1023862 0.903000
1024210 0.904000
1026440 0.905000
1026715 0.906000
1027505 0.907000
1028398 0.908000
1029621 0.909000
1030329 0.910000
1030710 0.911000
1031938 0.912000
1034360 0.913000
1036136 0.914000
1037002 0.915000
1037311 0.916000
1038370 0.917000
1038376 0.918000
1038944 0.919000
1041000 0.920000
1041421 0.921000
1042173 0.922000
1042604 0.923000
1043518 0.924000
1043660 0.925000
1044145 0.926000
1044528 0.927000
1044692 0.928000
1046485 0.929000
1046503 0.930000
1047315 0.931000
1047392 0.932000
1048331 0.933000
1050161 0.934000
1051878 0.935000
1054383 0.936000
1057220 0.937000
1057752 0.938000
1060344 0.939000
1062717 0.940000
1063350 0.941000
1065141 0.942000
1069192 0.943000
1070980 0.944000
1072912 0.945000
1073460 0.946000
1074642 0.947000
1074803 0.948000
1076199 0.949000
1077999 0.950000
1080230 0.951000
1081946 0.952000
1083977 0.953000
1084577 0.954000
1085681 0.955000
1086193 0.956000
1087574 0.957000
1087784 0.958000
1088662 0.959000
1089721 0.960000
1090436 0.961000
1092545 0.962000
1095900 0.963000
1098046 0.964000
1098165 0.965000
1099665 0.966000
1100732 0.967000
1102520 0.968000
1104880 0.969000
1106192 0.970000
1110549 0.971000
1112396 0.972000
1118274 0.973000
1118999 0.974000
1121770 0.975000
1127123 0.976000
1134264 0.977000
1136395 0.978000
1137300 0.979000
1138930 0.980000
1149406 0.981000
1150659 0.982000
1153130 0.983000
1155253 0.984000
1156674 0.985000
1157123 0.986000
1159525 0.987000
1159993 0.988000
1161032 0.989000
1167406 0.990000
1167716 0.991000
1169852 0.992000
1172545 0.993000
1179122 0.994000
1186917 0.995000
1189563 0.996000
1196832 0.997000
1213352 0.998000
1264713 0.999000
1273762 1.000000


197 0.000000
197 0.001000
199 0.002000
201 0.003000
218 0.004000
222 0.005000
229 0.006000
232 0.007000
233 0.008000
238 0.009000
241 0.010000
251 0.011000
257 0.012000
261 0.013000
267 0.014000
270 0.015000
272 0.016000
277 0.017000
278 0.018000
297 0.019000
301 0.022000
302 0.023000
304 0.024000
305 0.025000
308 0.026000
311 0.027000
316 0.028000
319 0.029000
320 0.030000
322 0.032000
324 0.033000
325 0.034000
326 0.035000
328 0.036000
330 0.038000
331 0.039000
333 0.040000
334 0.041000
335 0.042000
337 0.043000
340 0.044000
342 0.046000
345 0.047000
348 0.049000
349 0.050000
351 0.051000
352 0.052000
354 0.053000
357 0.054000
358 0.055000
360 0.056000
361 0.057000
362 0.059000
363 0.060000
364 0.061000
365 0.064000
368 0.065000
372 0.066000
376 0.067000
378 0.068000
379 0.069000
380 0.071000
381 0.073000
383 0.074000
385 0.075000
387 0.076000
388 0.077000
389 0.078000
390 0.079000
392 0.081000
393 0.082000
394 0.083000
397 0.084000
398 0.085000
401 0.086000
402 0.087000
405 0.088000
406 0.089000
407 0.090000
409 0.092000
411 0.095000
412 0.096000
413 0.098000
414 0.100000
415 0.101000
417 0.102000
418 0.103000
420 0.104000
423 0.105000
424 0.106000
425 0.107000
426 0.110000
428 0.111000
429 0.113000
430 0.114000
432 0.115000
433 0.117000
434 0.118000
436 0.119000
437 0.123000
438 0.124000
439 0.126000
440 0.127000
441 0.129000
442 0.131000
444 0.133000
445 0.134000
447 0.135000
449 0.136000
450 0.138000
451 0.142000
452 0.143000
454 0.144000
455 0.148000
457 0.149000
458 0.153000
459 0.158000
460 0.161000
461 0.163000
464 0.165000
465 0.166000
466 0.167000
468 0.168000
469 0.169000
470 0.170000
471 0.176000
472 0.177000
473 0.178000
474 0.180000
475 0.182000
476 0.186000
478 0.187000
479 0.189000
480 0.190000
481 0.191000
483 0.192000
484 0.194000
486 0.195000
487 0.197000
488 0.199000
489 0.201000
490 0.205000
492 0.207000
493 0.208000
494 0.209000
495 0.212000
496 0.215000
498 0.217000
499 0.218000
500 0.220000
501 0.221000
502 0.222000
503 0.224000
504 0.225000
505 0.229000
506 0.232000
507 0.239000
508 0.240000
509 0.242000
510 0.244000
511 0.245000
512 0.249000
513 0.252000
514 0.254000
515 0.258000
516 0.259000
517 0.260000
519 0.261000
520 0.264000
521 0.265000
522 0.268000
523 0.272000
525 0.273000
526 0.275000
528 0.280000
529 0.281000
530 0.282000
532 0.285000
533 0.290000
534 0.292000
535 0.296000
536 0.299000
537 0.301000
538 0.304000
539 0.306000
540 0.308000
541 0.310000
542 0.311000
543 0.312000
544 0.315000
545 0.318000
546 0.320000
547 0.322000
548 0.325000
549 0.326000
550 0.328000
551 0.330000
552 0.334000
553 0.337000
554 0.339000
555 0.342000
556 0.346000
557 0.348000
558 0.349000
559 0.351000
560 0.354000
561 0.358000
562 0.362000
564 0.364000
565 0.365000
566 0.370000
567 0.372000
568 0.376000
569 0.381000
570 0.384000
571 0.389000
572 0.392000
573 0.395000
574 0.396000
575 0.398000
576 0.401000
577 0.406000
578 0.408000
580 0.412000
581 0.413000
582 0.414000
583 0.418000
584 0.419000
585 0.421000
586 0.425000
587 0.427000
588 0.430000
589 0.433000
590 0.434000
591 0.435000
592 0.439000
593 0.444000
594 0.446000
595 0.447000
596 0.450000
597 0.453000
598 0.455000
599 0.458000
600 0.460000
601 0.463000
602 0.467000
603 0.469000
604 0.474000
605 0.475000
606 0.478000
607 0.480000
608 0.481000
609 0.484000
610 0.488000
611 0.489000
612 0.492000
613 0.495000
614 0.497000
615 0.500000
616 0.503000
617 0.507000
618 0.512000
619 0.514000
620 0.519000
621 0.523000
622 0.527000
623 0.531000
624 0.533000
625 0.536000
626 0.540000
627 0.545000
628 0.548000
629 0.551000
630 0.552000
631 0.554000
632 0.557000
633 0.559000
634 0.560000
635 0.564000
636 0.567000
637 0.570000
638 0.574000
639 0.578000
640 0.585000
641 0.587000
642 0.589000
643 0.591000
644 0.594000
645 0.598000
646 0.600000
647 0.602000
648 0.604000
649 0.606000
650 0.607000
651 0.609000
652 0.611000
653 0.612000
654 0.613000
655 0.616000
656 0.619000
657 0.625000
658 0.626000
659 0.630000
660 0.631000
661 0.634000
662 0.636000
663 0.638000
664 0.643000
665 0.644000
666 0.648000
667 0.651000
668 0.655000
669 0.662000
670 0.667000
672 0.673000
673 0.676000
674 0.680000
676 0.682000
677 0.684000
678 0.688000
679 0.689000
680 0.691000
681 0.693000
682 0.695000
683 0.696000
684 0.697000
685 0.701000
686 0.705000
687 0.706000
688 0.708000
689 0.709000
690 0.714000
691 0.717000
692 0.718000
693 0.721000
695 0.728000
696 0.729000
697 0.732000
698 0.733000
699 0.735000
700 0.737000
701 0.741000
702 0.743000
703 0.747000
704 0.748000
705 0.751000
706 0.755000
707 0.756000
708 0.760000
709 0.764000
710 0.766000
711 0.768000
714 0.769000
715 0.770000
716 0.773000
717 0.775000
718 0.776000
719 0.778000
720 0.781000
721 0.782000
722 0.783000
723 0.786000
724 0.791000
725 0.793000
726 0.796000
727 0.797000
728 0.801000
729 0.806000
730 0.807000
731 0.808000
732 0.812000
733 0.815000
734 0.818000
735 0.819000
736 0.823000
737 0.824000
739 0.825000
740 0.829000
741 0.833000
742 0.835000
743 0.837000
744 0.838000
746 0.840000
747 0.842000
750 0.844000
751 0.847000
752 0.853000
753 0.856000
754 0.857000
755 0.860000
756 0.861000
757 0.862000
758 0.863000
759 0.865000
760 0.868000
762 0.870000
763 0.873000
764 0.875000
765 0.877000
766 0.879000
767 0.880000
768 0.882000
769 0.885000
771 0.888000
772 0.889000
773 0.890000
776 0.891000
777 0.894000
778 0.895000
779 0.897000
780 0.898000
781 0.899000
783 0.900000
784 0.903000
785 0.904000
786 0.905000
787 0.906000
788 0.907000
789 0.908000
790 0.909000
791 0.912000
799 0.914000
800 0.915000
801 0.916000
804 0.917000
805 0.919000
806 0.921000
807 0.924000
808 0.925000
811 0.926000
812 0.927000
813 0.928000
814 0.930000
815 0.931000
816 0.932000
817 0.934000
820 0.935000
821 0.936000
822 0.937000
824 0.938000
825 0.939000
827 0.941000
829 0.942000
831 0.943000
835 0.945000
836 0.946000
837 0.948000
839 0.949000
842 0.951000
843 0.952000
844 0.953000
846 0.954000
849 0.955000
851 0.956000
852 0.959000
853 0.961000
856 0.963000
860 0.964000
861 0.965000
865 0.966000
867 0.968000
873 0.969000
874 0.971000
876 0.972000
877 0.973000
878 0.974000
881 0.975000
882 0.976000
883 0.977000
885 0.978000
888 0.979000
892 0.980000
895 0.981000
903 0.982000
906 0.983000
910 0.984000
912 0.985000
921 0.986000
930 0.987000
942 0.989000
948 0.990000
951 0.991000
955 0.992000
956 0.993000
958 0.994000
965 0.995000
966 0.996000
971 0.998000
1011 0.999000
1029 1.000000


