63412 0.000000
63412 0.002000
63425 0.004000
63429 0.006000
63432 0.008000
63445 0.010000
63460 0.012000
63478 0.014000
63479 0.016000
63482 0.018000
63508 0.020000
63528 0.022000
63543 0.024000
63544 0.026000
63557 0.028000
63565 0.030000
63567 0.032000
63574 0.034000
63577 0.036000
63591 0.038000
63597 0.040000
63598 0.042000
63605 0.046000
63607 0.048000
63608 0.050000
63613 0.052000
63620 0.054000
63621 0.058000
63622 0.062000
63624 0.064000
63626 0.066000
63629 0.068000
63630 0.070000
63634 0.072000
63636 0.074000
63640 0.076000
63644 0.078000
63648 0.080000
63650 0.082000
63651 0.084000
63655 0.088000
63658 0.090000
63660 0.092000
63661 0.094000
63664 0.096000
63665 0.098000
63674 0.100000
63676 0.102000
63678 0.104000
63681 0.108000
63688 0.110000
63690 0.112000
63692 0.114000
63701 0.116000
63702 0.118000
63703 0.122000
63704 0.124000
63705 0.126000
63706 0.128000
63707 0.130000
63713 0.132000
63714 0.134000
63715 0.136000
63716 0.138000
63719 0.140000
63721 0.144000
63723 0.148000
63724 0.150000
63728 0.152000
63729 0.154000
63735 0.156000
63739 0.158000
63741 0.160000
63742 0.164000
63744 0.166000
63745 0.168000
63746 0.170000
63747 0.172000
63752 0.174000
63756 0.178000
63759 0.180000
63762 0.182000
63763 0.184000
63768 0.186000
63770 0.190000
63772 0.192000
63773 0.196000
63782 0.198000
63783 0.200000
63784 0.206000
63786 0.210000
63788 0.212000
63791 0.214000
63793 0.216000
63794 0.218000
63795 0.220000
63796 0.222000
63797 0.224000
63799 0.226000
63800 0.228000
63802 0.230000
63803 0.234000
63804 0.238000
63812 0.240000
63813 0.242000
63815 0.244000
63817 0.248000
63818 0.252000
63820 0.254000
63822 0.256000
63823 0.258000
63826 0.260000
63827 0.266000
63831 0.268000
63833 0.270000
63836 0.276000
63837 0.278000
63838 0.280000
63839 0.282000
63843 0.284000
63844 0.286000
63846 0.288000
63848 0.292000
63854 0.296000
63855 0.298000
63858 0.300000
63859 0.306000
63863 0.308000
63864 0.314000
63866 0.316000
63867 0.318000
63868 0.320000
63869 0.324000
63870 0.326000
63871 0.330000
63873 0.334000
63875 0.336000
63876 0.340000
63877 0.342000
63881 0.344000
63882 0.350000
63883 0.352000
63884 0.354000
63885 0.356000
63887 0.358000
63888 0.360000
63890 0.366000
63891 0.368000
63892 0.370000
63893 0.372000
63897 0.374000
63900 0.376000
63902 0.378000
63904 0.380000
63905 0.386000
63907 0.388000
63909 0.390000
63910 0.394000
63911 0.396000
63912 0.398000
63915 0.400000
63918 0.404000
63920 0.406000
63922 0.412000
63924 0.414000
63928 0.416000
63930 0.420000
63934 0.422000
63935 0.424000
63936 0.426000
63937 0.428000
63940 0.430000
63942 0.434000
63943 0.436000
63944 0.438000
63948 0.440000
63951 0.442000
63953 0.444000
63956 0.448000
63958 0.450000
63959 0.452000
63961 0.454000
63966 0.456000
63969 0.458000
63974 0.460000
63975 0.462000
63976 0.468000
63981 0.472000
63984 0.474000
63985 0.478000
63988 0.480000
63989 0.482000
63990 0.484000
63993 0.486000
63994 0.492000
63995 0.496000
63997 0.498000
64002 0.502000
64004 0.504000
64005 0.506000
64006 0.508000
64008 0.512000
64009 0.516000
64010 0.522000
64012 0.526000
64014 0.530000
64016 0.532000
64017 0.534000
64019 0.538000
64023 0.540000
64024 0.542000
64025 0.544000
64031 0.546000
64032 0.548000
64033 0.550000
64034 0.552000
64035 0.554000
64039 0.556000
64043 0.558000
64045 0.562000
64046 0.564000
64049 0.566000
64050 0.568000
64051 0.570000
64053 0.572000
64054 0.574000
64056 0.580000
64058 0.584000
64062 0.586000
64063 0.590000
64064 0.596000
64065 0.598000
64066 0.600000
64067 0.602000
64070 0.606000
64072 0.608000
64073 0.612000
64074 0.614000
64076 0.616000
64077 0.618000
64078 0.620000
64079 0.622000
64084 0.624000
64085 0.626000
64088 0.628000
64092 0.630000
64093 0.632000
64094 0.634000
64095 0.636000
64096 0.638000
64098 0.640000
64099 0.642000
64101 0.644000
64102 0.652000
64103 0.654000
64104 0.656000
64106 0.658000
64107 0.660000
64113 0.662000
64116 0.664000
64117 0.666000
64126 0.668000
64129 0.670000
64131 0.672000
64136 0.676000
64137 0.678000
64141 0.680000
64142 0.682000
64144 0.686000
64145 0.690000
64148 0.692000
64149 0.696000
64151 0.698000
64157 0.702000
64161 0.704000
64163 0.706000
64164 0.708000
64165 0.710000
64166 0.712000
64167 0.714000
64169 0.716000
64172 0.718000
64173 0.720000
64176 0.722000
64178 0.724000
64180 0.726000
64181 0.728000
64182 0.730000
64185 0.732000
64186 0.734000
64187 0.736000
64189 0.738000
64190 0.740000
64193 0.742000
64194 0.746000
64201 0.748000
64206 0.750000
64211 0.752000
64217 0.754000
64219 0.758000
64225 0.760000
64232 0.762000
64233 0.768000
64235 0.770000
64236 0.772000
64237 0.776000
64238 0.778000
64242 0.780000
64245 0.784000
64247 0.786000
64249 0.788000
64252 0.790000
64257 0.792000
64262 0.794000
64265 0.796000
64266 0.798000
64268 0.800000
64269 0.802000
64275 0.804000
64276 0.806000
64277 0.808000
64279 0.812000
64282 0.816000
64284 0.818000
64287 0.820000
64288 0.824000
64289 0.830000
64290 0.832000
64291 0.834000
64295 0.836000
64302 0.838000
64304 0.842000
64307 0.844000
64312 0.846000
64326 0.848000
64329 0.850000
64336 0.852000
64343 0.854000
64344 0.856000
64353 0.858000
64358 0.862000
64359 0.864000
64368 0.866000
64370 0.868000
64373 0.870000
64375 0.872000
64376 0.874000
64377 0.876000
64378 0.878000
64385 0.880000
64404 0.882000
64405 0.886000
64424 0.888000
64427 0.890000
64429 0.892000
64446 0.896000
64453 0.898000
64454 0.900000
64455 0.902000
64456 0.904000
64458 0.906000
64461 0.908000
64468 0.910000
64477 0.912000
64491 0.914000
64493 0.916000
64500 0.918000
64502 0.920000
64526 0.922000
64533 0.924000
64535 0.926000
64536 0.930000
64537 0.932000
64555 0.934000
64566 0.936000
64569 0.940000
64570 0.944000
64584 0.946000
64589 0.948000
64590 0.950000
64593 0.954000
64594 0.956000
64595 0.958000
64604 0.962000
64620 0.964000
64623 0.966000
64624 0.968000
64631 0.970000
64637 0.972000
64638 0.974000
64649 0.976000
64650 0.978000
64661 0.980000
64663 0.982000
64674 0.984000
64700 0.986000
64744 0.988000
64749 0.990000
64796 0.992000
64951 0.994000
64957 0.996000
65080 0.998000
98266 1.000000


