168265 0.000000
168265 0.001000
168425 0.002000
168446 0.003000
168448 0.004000
168470 0.005000
168494 0.006000
168510 0.007000
168545 0.008000
168557 0.009000
168595 0.010000
168635 0.011000
168645 0.012000
168670 0.013000
168760 0.014000
168765 0.015000
168786 0.016000
168825 0.017000
168838 0.018000
168846 0.019000
168901 0.020000
168907 0.021000
168917 0.022000
168930 0.023000
168966 0.024000
169042 0.025000
169101 0.026000
172697 0.027000
178497 0.028000
181751 0.029000
181847 0.030000
181912 0.031000
181942 0.032000
181974 0.033000
181984 0.034000
181993 0.035000
181995 0.036000
181996 0.038000
181999 0.039000
182003 0.040000
182007 0.041000
182017 0.042000
182021 0.043000
182027 0.044000
182034 0.045000
182061 0.047000
182064 0.048000
182078 0.049000
182082 0.050000
182087 0.052000
182092 0.053000
182094 0.054000
182104 0.057000
182111 0.058000
182112 0.059000
182113 0.061000
182120 0.064000
182126 0.065000
182128 0.066000
182132 0.067000
182133 0.069000
182136 0.070000
182150 0.071000
182153 0.072000
182154 0.075000
182155 0.076000
182156 0.077000
182157 0.079000
182158 0.080000
182160 0.081000
182161 0.082000
182163 0.083000
182167 0.084000
182168 0.085000
182169 0.086000
182172 0.088000
182174 0.090000
182176 0.094000
182179 0.096000
182181 0.099000
182182 0.100000
182183 0.102000
182184 0.103000
182185 0.105000
182186 0.106000
182187 0.108000
182188 0.109000
182189 0.110000
182190 0.111000
182191 0.112000
182195 0.113000
182196 0.114000
182199 0.115000
182201 0.117000
182202 0.118000
182203 0.120000
182204 0.122000
182207 0.123000
182208 0.124000
182209 0.126000
182212 0.127000
182213 0.130000
182215 0.132000
182216 0.134000
182218 0.136000
182219 0.140000
182220 0.141000
182221 0.142000
182222 0.143000
182225 0.144000
182226 0.146000
182227 0.151000
182228 0.154000
182229 0.155000
182230 0.158000
182231 0.162000
182232 0.163000
182234 0.164000
182235 0.165000
182236 0.167000
182238 0.170000
182240 0.172000
182241 0.173000
182242 0.174000
182244 0.176000
182245 0.178000
182246 0.180000
182247 0.182000
182248 0.184000
182251 0.186000
182252 0.189000
182254 0.191000
182255 0.193000
182256 0.194000
182257 0.197000
182258 0.199000
182259 0.200000
182260 0.202000
182261 0.204000
182262 0.207000
182263 0.209000
182264 0.212000
182265 0.215000
182267 0.216000
182268 0.218000
182270 0.223000
182271 0.226000
182272 0.229000
182273 0.231000
182275 0.239000
182276 0.240000
182277 0.242000
182278 0.245000
182279 0.249000
182280 0.254000
182281 0.257000
182282 0.259000
182283 0.261000
182285 0.264000
182287 0.265000
182288 0.267000
182290 0.271000
182291 0.274000
182292 0.277000
182293 0.281000
182294 0.282000
182295 0.286000
182296 0.291000
182297 0.292000
182298 0.293000
182299 0.294000
182300 0.297000
182301 0.301000
182302 0.307000
182303 0.311000
182304 0.314000
182305 0.317000
182306 0.319000
182307 0.322000
182308 0.325000
182309 0.326000
182310 0.329000
182313 0.331000
182314 0.336000
182315 0.341000
182316 0.344000
182317 0.346000
182318 0.349000
182321 0.358000
182322 0.360000
182323 0.362000
182324 0.364000
182325 0.366000
182326 0.369000
182328 0.373000
182329 0.375000
182330 0.378000
182331 0.379000
182332 0.382000
182333 0.386000
182334 0.390000
182335 0.391000
182336 0.392000
182337 0.393000
182338 0.396000
182339 0.397000
182340 0.401000
182341 0.406000
182342 0.407000
182343 0.409000
182344 0.413000
182345 0.417000
182346 0.418000
182348 0.419000
182349 0.420000
182350 0.423000
182351 0.425000
182352 0.428000
182353 0.433000
182354 0.440000
182355 0.441000
182356 0.443000
182357 0.446000
182358 0.453000
182359 0.455000
182360 0.458000
182361 0.463000
182362 0.465000
182363 0.469000
182364 0.473000
182365 0.475000
182366 0.477000
182367 0.478000
182368 0.484000
182369 0.486000
182370 0.488000
182371 0.490000
182373 0.492000
182374 0.493000
182375 0.495000
182376 0.496000
182377 0.499000
182378 0.502000
182379 0.505000
182380 0.510000
182382 0.512000
182383 0.516000
182384 0.518000
182385 0.522000
182386 0.525000
182387 0.527000
182388 0.530000
182389 0.533000
182390 0.534000
182391 0.535000
182392 0.539000
182394 0.541000
182395 0.543000
182396 0.546000
182397 0.548000
182398 0.551000
182399 0.552000
182400 0.554000
182401 0.555000
182402 0.556000
182403 0.558000
182404 0.561000
182405 0.563000
182406 0.565000
182408 0.566000
182409 0.567000
182410 0.568000
182412 0.569000
182413 0.570000
182414 0.575000
182415 0.577000
182416 0.580000
182417 0.582000
182418 0.585000
182419 0.587000
182420 0.589000
182421 0.591000
182422 0.592000
182424 0.593000
182425 0.595000
182426 0.599000
182429 0.602000
182430 0.605000
182431 0.606000
182434 0.608000
182435 0.612000
182436 0.613000
182437 0.618000
182438 0.619000
182439 0.620000
182440 0.622000
182441 0.623000
182442 0.628000
182443 0.629000
182444 0.631000
182446 0.633000
182447 0.634000
182448 0.637000
182449 0.639000
182450 0.640000
182451 0.643000
182452 0.647000
182454 0.648000
182455 0.649000
182457 0.652000
182458 0.653000
182460 0.654000
182461 0.655000
182462 0.659000
182464 0.660000
182465 0.662000
182466 0.664000
182467 0.665000
182468 0.666000
182469 0.668000
182470 0.669000
182471 0.672000
182472 0.674000
182475 0.675000
182476 0.676000
182477 0.677000
182478 0.680000
182479 0.681000
182480 0.682000
182481 0.683000
182483 0.684000
182484 0.685000
182487 0.686000
182488 0.688000
182489 0.692000
182492 0.694000
182494 0.695000
182495 0.696000
182496 0.697000
182497 0.699000
182498 0.701000
182499 0.702000
182500 0.703000
182501 0.707000
182502 0.709000
182503 0.710000
182504 0.712000
182506 0.713000
182507 0.714000
182508 0.715000
182509 0.716000
182510 0.717000
182511 0.719000
182513 0.721000
182518 0.723000
182519 0.726000
182523 0.728000
182524 0.730000
182525 0.734000
182528 0.736000
182529 0.737000
182530 0.739000
182531 0.741000
182536 0.742000
182537 0.743000
182541 0.744000
182543 0.745000
182545 0.746000
182546 0.747000
182548 0.749000
182549 0.750000
182551 0.751000
182552 0.753000
182554 0.754000
182555 0.755000
182558 0.756000
182559 0.757000
182561 0.759000
182562 0.760000
182563 0.761000
182574 0.764000
182584 0.765000
182585 0.766000
182590 0.767000
182592 0.768000
182594 0.769000
182596 0.770000
182604 0.771000
182610 0.772000
182614 0.773000
182619 0.774000
182621 0.775000
182639 0.776000
182648 0.777000
182649 0.778000
182657 0.779000
182668 0.780000
182672 0.781000
182686 0.782000
182714 0.783000
182716 0.784000
182767 0.785000
182779 0.786000
182797 0.787000
182812 0.788000
182979 0.789000
183552 0.790000
183812 0.791000
183826 0.792000
183839 0.793000
183862 0.794000
183871 0.795000
183919 0.796000
183990 0.797000
183991 0.798000
184030 0.799000
184084 0.800000
184128 0.801000
184151 0.802000
184328 0.803000
184419 0.804000
185769 0.805000
186011 0.806000
186043 0.807000
186044 0.808000
186046 0.809000
186074 0.810000
186076 0.811000
186079 0.812000
186082 0.813000
186085 0.815000
186090 0.816000
186106 0.817000
186109 0.818000
186119 0.819000
186121 0.820000
186127 0.821000
186131 0.823000
186132 0.825000
186151 0.826000
186154 0.827000
186161 0.828000
186171 0.829000
186177 0.830000
186186 0.831000
186191 0.832000
186192 0.833000
186196 0.834000
186198 0.835000
186201 0.836000
186204 0.837000
186206 0.838000
186213 0.839000
186216 0.840000
186222 0.841000
186226 0.842000
186227 0.843000
186228 0.844000
186231 0.846000
186232 0.848000
186238 0.849000
186239 0.850000
186243 0.851000
186249 0.852000
186250 0.853000
186251 0.857000
186253 0.858000
186254 0.859000
186255 0.862000
186260 0.863000
186267 0.864000
186269 0.865000
186274 0.866000
186275 0.867000
186280 0.868000
186281 0.869000
186283 0.870000
186284 0.874000
186287 0.875000
186292 0.876000
186294 0.877000
186295 0.878000
186297 0.879000
186298 0.880000
186300 0.882000
186302 0.884000
186303 0.885000
186307 0.886000
186312 0.887000
186313 0.888000
186315 0.889000
186318 0.890000
186319 0.892000
186320 0.893000
186321 0.894000
186326 0.895000
186327 0.896000
186330 0.898000
186333 0.899000
186338 0.900000
186339 0.901000
186340 0.902000
186341 0.903000
186342 0.904000
186343 0.905000
186344 0.906000
186345 0.907000
186348 0.908000
186352 0.909000
186357 0.911000
186358 0.912000
186359 0.913000
186362 0.914000
186368 0.915000
186370 0.917000
186371 0.918000
186375 0.919000
186378 0.920000
186380 0.922000
186384 0.923000
186386 0.924000
186388 0.925000
186390 0.926000
186400 0.927000
186401 0.928000
186402 0.930000
186404 0.931000
186408 0.932000
186410 0.933000
186412 0.934000
186416 0.935000
186419 0.937000
186423 0.939000
186425 0.940000
186428 0.941000
186431 0.942000
186433 0.943000
186437 0.944000
186438 0.946000
186439 0.947000
186444 0.949000
186445 0.950000
186450 0.951000
186464 0.952000
186468 0.953000
186474 0.954000
186475 0.955000
186476 0.956000
186478 0.957000
186480 0.959000
186482 0.961000
186488 0.962000
186491 0.963000
186492 0.964000
186493 0.965000
186496 0.966000
186499 0.967000
186503 0.968000
186507 0.969000
186511 0.970000
186513 0.971000
186514 0.972000
186526 0.973000
186527 0.974000
186532 0.975000
186534 0.976000
186537 0.977000
186560 0.978000
186561 0.979000
186563 0.980000
186570 0.981000
186579 0.982000
186593 0.983000
186654 0.984000
186676 0.985000
187597 0.986000
187752 0.987000
187923 0.988000
187951 0.989000
188013 0.990000
188035 0.991000
188036 0.992000
188223 0.993000
188247 0.994000
188256 0.995000
190264 0.996000
190329 0.997000
190378 0.998000
190430 0.999000
190436 1.000000


