143573 0.000000
143573 0.002000
143743 0.004000
144036 0.006000
144072 0.008000
144211 0.010000
144717 0.012000
154790 0.014000
155742 0.016000
155753 0.018000
155796 0.020000
155809 0.022000
155835 0.024000
155839 0.026000
155842 0.028000
155845 0.030000
155855 0.032000
155856 0.034000
155868 0.036000
155874 0.038000
155877 0.040000
155884 0.042000
155890 0.044000
155891 0.046000
155896 0.048000
155897 0.050000
155900 0.052000
155906 0.054000
155908 0.056000
155911 0.058000
155920 0.060000
155921 0.062000
155923 0.064000
155925 0.066000
155937 0.070000
155939 0.072000
155943 0.074000
155948 0.076000
155952 0.080000
155965 0.084000
155966 0.086000
155970 0.088000
155972 0.090000
155977 0.094000
155978 0.100000
155979 0.102000
155980 0.104000
155982 0.106000
155984 0.110000
155986 0.112000
155990 0.116000
155991 0.118000
155992 0.122000
155993 0.124000
155994 0.126000
155996 0.130000
155998 0.132000
155999 0.136000
156000 0.138000
156001 0.142000
156002 0.144000
156004 0.148000
156008 0.150000
156013 0.154000
156018 0.156000
156022 0.158000
156023 0.162000
156026 0.164000
156031 0.168000
156039 0.170000
156040 0.172000
156041 0.176000
156046 0.180000
156051 0.182000
156052 0.184000
156055 0.186000
156061 0.188000
156073 0.190000
156080 0.192000
156095 0.194000
156099 0.196000
156100 0.198000
156109 0.200000
156114 0.202000
156124 0.204000
156135 0.206000
156152 0.208000
156158 0.210000
156159 0.212000
156171 0.214000
156187 0.216000
156188 0.218000
156193 0.222000
156248 0.224000
156271 0.226000
156394 0.228000
156409 0.230000
158796 0.232000
158822 0.234000
159247 0.236000
159617 0.240000
159678 0.242000
159681 0.244000
159686 0.246000
159708 0.248000
159723 0.250000
159752 0.252000
159770 0.254000
159781 0.256000
159785 0.258000
159790 0.260000
159791 0.264000
159792 0.266000
159793 0.268000
159794 0.272000
159798 0.274000
159805 0.276000
159813 0.278000
159816 0.280000
159818 0.286000
159822 0.288000
159827 0.290000
159828 0.292000
159830 0.294000
159831 0.296000
159834 0.298000
159837 0.300000
159839 0.302000
159843 0.304000
159847 0.306000
159850 0.308000
159851 0.310000
159852 0.312000
159853 0.314000
159855 0.316000
159858 0.318000
159860 0.320000
159861 0.326000
159862 0.328000
159864 0.334000
159865 0.336000
159866 0.338000
159867 0.340000
159868 0.342000
159869 0.344000
159871 0.348000
159872 0.350000
159873 0.352000
159879 0.354000
159881 0.356000
159882 0.358000
159884 0.362000
159886 0.364000
159887 0.366000
159888 0.368000
159889 0.370000
159890 0.372000
159892 0.376000
159894 0.380000
159895 0.382000
159897 0.384000
159898 0.388000
159900 0.392000
159901 0.396000
159903 0.398000
159904 0.402000
159905 0.406000
159906 0.408000
159907 0.410000
159909 0.412000
159911 0.414000
159912 0.416000
159913 0.418000
159914 0.420000
159918 0.422000
159919 0.426000
159920 0.428000
159921 0.430000
159922 0.432000
159923 0.436000
159924 0.438000
159925 0.440000
159930 0.446000
159931 0.450000
159932 0.454000
159933 0.458000
159936 0.464000
159937 0.466000
159938 0.468000
159939 0.474000
159940 0.476000
159941 0.478000
159942 0.486000
159943 0.492000
159946 0.494000
159947 0.496000
159948 0.500000
159951 0.504000
159953 0.506000
159954 0.508000
159955 0.512000
159957 0.514000
159958 0.520000
159959 0.526000
159960 0.528000
159961 0.530000
159962 0.532000
159963 0.536000
159964 0.540000
159965 0.544000
159966 0.546000
159967 0.550000
159968 0.558000
159969 0.560000
159970 0.562000
159971 0.568000
159972 0.574000
159973 0.576000
159974 0.578000
159975 0.580000
159976 0.582000
159977 0.584000
159978 0.586000
159979 0.594000
159980 0.602000
159982 0.608000
159984 0.610000
159985 0.614000
159986 0.622000
159987 0.624000
159990 0.630000
159991 0.634000
159993 0.638000
159994 0.640000
159995 0.642000
159996 0.646000
159997 0.650000
159998 0.652000
159999 0.656000
160001 0.664000
160003 0.666000
160004 0.672000
160005 0.674000
160006 0.678000
160007 0.682000
160008 0.684000
160009 0.686000
160010 0.690000
160011 0.694000
160013 0.698000
160014 0.700000
160016 0.702000
160017 0.704000
160019 0.708000
160020 0.710000
160021 0.714000
160022 0.716000
160023 0.718000
160024 0.720000
160025 0.728000
160029 0.734000
160030 0.738000
160031 0.744000
160032 0.750000
160033 0.752000
160034 0.754000
160035 0.756000
160036 0.762000
160037 0.764000
160038 0.766000
160042 0.770000
160044 0.772000
160045 0.778000
160046 0.780000
160047 0.782000
160048 0.784000
160050 0.786000
160051 0.790000
160052 0.792000
160053 0.796000
160057 0.798000
160059 0.802000
160061 0.810000
160062 0.812000
160065 0.814000
160066 0.816000
160067 0.818000
160068 0.820000
160069 0.824000
160081 0.828000
160084 0.830000
160085 0.832000
160086 0.836000
160089 0.838000
160091 0.844000
160100 0.846000
160102 0.848000
160103 0.850000
160106 0.852000
160107 0.856000
160110 0.858000
160113 0.860000
160116 0.864000
160117 0.866000
160123 0.868000
160127 0.870000
160131 0.872000
160135 0.874000
160137 0.878000
160140 0.880000
160146 0.882000
160150 0.884000
160156 0.886000
160158 0.892000
160159 0.894000
160160 0.896000
160163 0.898000
160164 0.900000
160170 0.902000
160179 0.904000
160180 0.906000
160184 0.908000
160187 0.910000
160195 0.912000
160303 0.914000
163575 0.916000
163769 0.918000
163777 0.920000
163779 0.922000
163785 0.924000
163801 0.926000
163840 0.928000
163868 0.930000
163879 0.932000
163887 0.934000
163894 0.936000
163896 0.938000
163905 0.940000
163909 0.942000
163934 0.944000
163936 0.946000
163939 0.948000
163944 0.950000
163952 0.952000
163954 0.954000
163961 0.956000
163964 0.958000
163965 0.960000
163967 0.964000
163975 0.966000
163979 0.968000
164001 0.970000
164002 0.972000
164013 0.974000
164015 0.978000
164025 0.980000
164027 0.982000
164031 0.984000
164046 0.986000
164068 0.988000
164073 0.990000
164086 0.992000
164093 0.996000
164102 0.998000
164156 1.000000


