75140 0.000000
75140 0.001000
80011 0.002000
81107 0.003000
85161 0.004000
85425 0.005000
85518 0.006000
87093 0.007000
87237 0.008000
87728 0.009000
88029 0.010000
89490 0.011000
91883 0.012000
93044 0.013000
94104 0.014000
95705 0.015000
95927 0.016000
96185 0.017000
96264 0.018000
96282 0.019000
98583 0.020000
98835 0.021000
99080 0.022000
99159 0.023000
99203 0.024000
99503 0.025000
100296 0.026000
100582 0.027000
101084 0.028000
101110 0.029000
101980 0.030000
102498 0.031000
103195 0.032000
103434 0.033000
103966 0.034000
104000 0.035000
104247 0.036000
104274 0.037000
104758 0.038000
104802 0.039000
104923 0.040000
105506 0.041000
105512 0.042000
106127 0.043000
106392 0.044000
106808 0.045000
106833 0.046000
107007 0.047000
107050 0.048000
107292 0.049000
107452 0.050000
107538 0.051000
107710 0.052000
108135 0.053000
108202 0.054000
108261 0.055000
108438 0.056000
108445 0.057000
108477 0.058000
108485 0.059000
108490 0.060000
108731 0.061000
108793 0.062000
108805 0.063000
108871 0.064000
109019 0.065000
109048 0.066000
109086 0.067000
109211 0.068000
109666 0.069000
109672 0.070000
110048 0.071000
110233 0.072000
110689 0.073000
110734 0.074000
111169 0.075000
111353 0.076000
111380 0.077000
111511 0.078000
111545 0.079000
111750 0.080000
111914 0.081000
111930 0.082000
111935 0.083000
111978 0.084000
111982 0.085000
112213 0.086000
112366 0.087000
112481 0.088000
112578 0.089000
112579 0.090000
112749 0.091000
112802 0.092000
113238 0.093000
113265 0.094000
113436 0.095000
113474 0.096000
113588 0.097000
113654 0.098000
113712 0.099000
113889 0.100000
114143 0.101000
114181 0.102000
114215 0.103000
114486 0.104000
114488 0.105000
114820 0.106000
115288 0.107000
115375 0.108000
115470 0.109000
115754 0.110000
115771 0.111000
115789 0.112000
115831 0.113000
115863 0.114000
116063 0.115000
116078 0.116000
116118 0.117000
116279 0.118000
116329 0.119000
116356 0.120000
116495 0.121000
116577 0.122000
116667 0.123000
116793 0.124000
116838 0.125000
116851 0.126000
116999 0.127000
117034 0.128000
117127 0.129000
117130 0.130000
117201 0.131000
117238 0.132000
117385 0.133000
117448 0.134000
117628 0.135000
117645 0.136000
117830 0.137000
117881 0.138000
118007 0.139000
118106 0.140000
118236 0.141000
118263 0.142000
118291 0.143000
118349 0.144000
118637 0.145000
118925 0.146000
118961 0.147000
119102 0.148000
119192 0.149000
119336 0.150000
119488 0.151000
119492 0.152000
119661 0.153000
119828 0.154000
119877 0.155000
120000 0.156000
120022 0.157000
120077 0.158000
120227 0.159000
120228 0.160000
120283 0.161000
120330 0.162000
120578 0.163000
120703 0.164000
120851 0.165000
120870 0.166000
120873 0.167000
121069 0.168000
121180 0.169000
121362 0.170000
121416 0.171000
121463 0.172000
121501 0.173000
121679 0.174000
121701 0.175000
121702 0.176000
121726 0.177000
121776 0.178000
121777 0.179000
121792 0.180000
121817 0.181000
121844 0.182000
122062 0.183000
122189 0.184000
122234 0.185000
122523 0.186000
122748 0.187000
122762 0.188000
123101 0.189000
123179 0.190000
123198 0.191000
123208 0.192000
123310 0.193000
123363 0.194000
123401 0.195000
123545 0.196000
123625 0.197000
123674 0.198000
123846 0.199000
123847 0.200000
123874 0.201000
123934 0.202000
123976 0.203000
124043 0.204000
124113 0.205000
124172 0.206000
124226 0.207000
124281 0.208000
124402 0.209000
124556 0.210000
124603 0.211000
124617 0.212000
124646 0.213000
124678 0.214000
124818 0.215000
124883 0.217000
124959 0.218000
125058 0.219000
125090 0.220000
125398 0.221000
125427 0.222000
125497 0.223000
125529 0.224000
125546 0.225000
125562 0.226000
125574 0.227000
125598 0.228000
125775 0.229000
125940 0.230000
125944 0.231000
125982 0.232000
126303 0.233000
126321 0.234000
126462 0.235000
126514 0.236000
126585 0.237000
126677 0.238000
126727 0.239000
126806 0.240000
126846 0.241000
126848 0.242000
126961 0.243000
127003 0.244000
127507 0.245000
127690 0.246000
127749 0.247000
127841 0.248000
127846 0.249000
127895 0.250000
127907 0.251000
127933 0.252000
127944 0.253000
128029 0.254000
128110 0.255000
128170 0.256000
128223 0.257000
128259 0.258000
128275 0.259000
128520 0.260000
128628 0.261000
128634 0.262000
128914 0.263000
129034 0.264000
129044 0.265000
129099 0.266000
129384 0.267000
129423 0.268000
129574 0.269000
129575 0.270000
129691 0.271000
129829 0.272000
129917 0.273000
129984 0.274000
130008 0.275000
130067 0.276000
130250 0.277000
130251 0.278000
130292 0.279000
130334 0.280000
130527 0.281000
130554 0.282000
130643 0.283000
130706 0.284000
130711 0.285000
130715 0.286000
130719 0.287000
130828 0.288000
130850 0.289000
130853 0.290000
131003 0.291000
131226 0.292000
131244 0.293000
131372 0.294000
131406 0.295000
131476 0.296000
131495 0.297000
131552 0.298000
131730 0.299000
131759 0.300000
131774 0.301000
131844 0.302000
131869 0.303000
131945 0.304000
132075 0.305000
132116 0.306000
132190 0.307000
132252 0.308000
132341 0.309000
132364 0.310000
132391 0.311000
132407 0.312000
132437 0.313000
132543 0.314000
132679 0.315000
132692 0.316000
132714 0.317000
132973 0.318000
132986 0.319000
133002 0.320000
133085 0.321000
133126 0.322000
133207 0.323000
133228 0.324000
133336 0.325000
133383 0.326000
133395 0.327000
133402 0.328000
133501 0.329000
133550 0.330000
133562 0.331000
133571 0.332000
133695 0.333000
133715 0.334000
133880 0.335000
133926 0.336000
133946 0.337000
133969 0.338000
134001 0.339000
134038 0.340000
134056 0.341000
134108 0.342000
134113 0.343000
134229 0.344000
134238 0.345000
134326 0.346000
134486 0.347000
134505 0.348000
134582 0.349000
134720 0.350000
134725 0.351000
134834 0.352000
135083 0.353000
135114 0.354000
135248 0.355000
135256 0.356000
135448 0.357000
135543 0.358000
135568 0.359000
135606 0.360000
135664 0.361000
135721 0.362000
135764 0.363000
135862 0.364000
135904 0.365000
135971 0.366000
135983 0.367000
136050 0.368000
136051 0.369000
136119 0.370000
136169 0.371000
136209 0.372000
136219 0.373000
136241 0.374000
136309 0.375000
136402 0.376000
136483 0.377000
136531 0.378000
136547 0.379000
136554 0.380000
136564 0.381000
136724 0.382000
136758 0.383000
136779 0.384000
136801 0.385000
136879 0.386000
136952 0.387000
137116 0.388000
137131 0.389000
137189 0.390000
137190 0.391000
137268 0.392000
137339 0.393000
137428 0.394000
137444 0.395000
137530 0.396000
137602 0.397000
137700 0.398000
137720 0.399000
137832 0.400000
137892 0.401000
137971 0.402000
138010 0.403000
138068 0.404000
138088 0.405000
138109 0.406000
138201 0.407000
138226 0.408000
138290 0.409000
138310 0.410000
138329 0.411000
138526 0.412000
138554 0.413000
138624 0.414000
138709 0.415000
138737 0.416000
138739 0.417000
138849 0.418000
138921 0.419000
138975 0.420000
139037 0.421000
139093 0.422000
139154 0.423000
139218 0.424000
139324 0.425000
139345 0.426000
139402 0.427000
139454 0.428000
139458 0.429000
139588 0.430000
139657 0.431000
139789 0.432000
139827 0.433000
139829 0.434000
139906 0.435000
139919 0.436000
139969 0.437000
140028 0.438000
140196 0.439000
140204 0.441000
140258 0.442000
140263 0.443000
140353 0.444000
140396 0.445000
140467 0.446000
140547 0.447000
140643 0.448000
140762 0.449000
140873 0.450000
140909 0.452000
141022 0.453000
141166 0.454000
141236 0.455000
141257 0.456000
141471 0.457000
141533 0.458000
141695 0.459000
141820 0.460000
141985 0.461000
142110 0.462000
142225 0.463000
142262 0.464000
142342 0.466000
142365 0.467000
142449 0.468000
142491 0.469000
142538 0.470000
142553 0.471000
142688 0.472000
142736 0.473000
142750 0.474000
142867 0.475000
142977 0.476000
142992 0.477000
143054 0.478000
143098 0.479000
143224 0.480000
143242 0.481000
143311 0.482000
143377 0.483000
143506 0.484000
143515 0.485000
143538 0.486000
143593 0.487000
143606 0.488000
143699 0.489000
143701 0.490000
143975 0.491000
144026 0.492000
144054 0.493000
144173 0.494000
144191 0.495000
144260 0.496000
144290 0.497000
144330 0.498000
144404 0.499000
144431 0.500000
144502 0.501000
144606 0.502000
144627 0.503000
144648 0.504000
144739 0.505000
144781 0.506000
144788 0.507000
144809 0.508000
144840 0.509000
144872 0.510000
144892 0.511000
145044 0.512000
145050 0.513000
145070 0.514000
145105 0.515000
145115 0.516000
145210 0.517000
145229 0.519000
145267 0.520000
145274 0.521000
145372 0.522000
145458 0.523000
145499 0.524000
145625 0.525000
145673 0.526000
145679 0.527000
145701 0.528000
145732 0.529000
145793 0.530000
145892 0.531000
145980 0.532000
146170 0.534000
146200 0.535000
146205 0.536000
146245 0.537000
146253 0.538000
146262 0.539000
146300 0.540000
146366 0.541000
146376 0.542000
146386 0.543000
146400 0.544000
146470 0.545000
146476 0.546000
146518 0.547000
146654 0.548000
146744 0.549000
146825 0.550000
146850 0.551000
146929 0.552000
147017 0.553000
147188 0.554000
147301 0.555000
147392 0.556000
147428 0.557000
147494 0.558000
147618 0.559000
147629 0.560000
147686 0.561000
147721 0.562000
147784 0.563000
147867 0.564000
148009 0.565000
148017 0.566000
148026 0.567000
148045 0.568000
148054 0.569000
148101 0.570000
148241 0.571000
148246 0.572000
148307 0.573000
148415 0.574000
148429 0.575000
148568 0.576000
148597 0.577000
148602 0.578000
148605 0.579000
148841 0.580000
148960 0.581000
148962 0.582000
148998 0.583000
149156 0.584000
149165 0.585000
149494 0.586000
149716 0.587000
149818 0.588000
149871 0.589000
149917 0.590000
150037 0.591000
150092 0.592000
150258 0.593000
150275 0.594000
150368 0.595000
150370 0.596000
150377 0.597000
150524 0.598000
150535 0.599000
150724 0.600000
150797 0.601000
150843 0.602000
150879 0.603000
150895 0.604000
150896 0.605000
150908 0.606000
150956 0.607000
151008 0.608000
151017 0.609000
151071 0.610000
151177 0.611000
151263 0.612000
151376 0.613000
151427 0.614000
151467 0.615000
151712 0.616000
151733 0.617000
151760 0.618000
151818 0.619000
151829 0.620000
151900 0.621000
151961 0.622000
152002 0.623000
152061 0.624000
152069 0.625000
152130 0.626000
152136 0.627000
152178 0.628000
152184 0.629000
152203 0.630000
152206 0.631000
152214 0.632000
152271 0.633000
152295 0.634000
152387 0.635000
152409 0.636000
152462 0.637000
152520 0.638000
152540 0.639000
152554 0.640000
152567 0.641000
152584 0.642000
152614 0.643000
152676 0.644000
152678 0.645000
152789 0.646000
152872 0.647000
152943 0.648000
153056 0.649000
153072 0.650000
153082 0.651000
153106 0.652000
153109 0.653000
153222 0.654000
153238 0.655000
153265 0.656000
153271 0.657000
153341 0.658000
153410 0.659000
153425 0.660000
153545 0.661000
153626 0.662000
153772 0.663000
153849 0.664000
153858 0.665000
153939 0.666000
153940 0.667000
153991 0.668000
154052 0.669000
154360 0.670000
154403 0.671000
154477 0.672000
154532 0.673000
154654 0.674000
154663 0.675000
154689 0.676000
154702 0.677000
154808 0.678000
154812 0.679000
154818 0.680000
154833 0.681000
154839 0.682000
154905 0.683000
154943 0.684000
155062 0.685000
155105 0.686000
155123 0.687000
155124 0.688000
155228 0.689000
155301 0.690000
155322 0.691000
155492 0.692000
155551 0.693000
155570 0.694000
155667 0.695000
155745 0.696000
155749 0.697000
155778 0.698000
155808 0.699000
155814 0.700000
155837 0.701000
155961 0.702000
155971 0.703000
155981 0.704000
155987 0.705000
156015 0.706000
156049 0.707000
156140 0.708000
156169 0.709000
156170 0.710000
156183 0.711000
156218 0.712000
156221 0.713000
156280 0.714000
156339 0.715000
156427 0.716000
156465 0.717000
156469 0.718000
156475 0.719000
156513 0.720000
156537 0.721000
156586 0.722000
156663 0.723000
156898 0.724000
156915 0.725000
156924 0.726000
157001 0.727000
157040 0.728000
157066 0.729000
157112 0.730000
157114 0.732000
157292 0.733000
157501 0.734000
157503 0.735000
157701 0.736000
157782 0.737000
157793 0.738000
157889 0.739000
157926 0.740000
157943 0.741000
158040 0.742000
158078 0.743000
158359 0.744000
158417 0.745000
158430 0.746000
158461 0.747000
158572 0.748000
158673 0.749000
158677 0.750000
158689 0.751000
158696 0.752000
158751 0.753000
158911 0.754000
158918 0.755000
158947 0.756000
159004 0.757000
159039 0.758000
159157 0.759000
159198 0.760000
159226 0.761000
159278 0.762000
159382 0.764000
159426 0.765000
159501 0.766000
159567 0.767000
159631 0.768000
159665 0.769000
159792 0.770000
159995 0.771000
160067 0.772000
160141 0.773000
160200 0.774000
160429 0.775000
160506 0.776000
160564 0.777000
160704 0.778000
160781 0.779000
160830 0.780000
160896 0.781000
161130 0.782000
161246 0.783000
161301 0.784000
161383 0.785000
161467 0.786000
161506 0.787000
161592 0.788000
161639 0.789000
161756 0.790000
161771 0.791000
161805 0.792000
161866 0.793000
161902 0.794000
162168 0.795000
162263 0.796000
162326 0.797000
162372 0.798000
162543 0.799000
162670 0.800000
162677 0.801000
162744 0.802000
162764 0.803000
162894 0.804000
162997 0.805000
163193 0.806000
163358 0.807000
163582 0.808000
163719 0.809000
164054 0.810000
164078 0.811000
164286 0.812000
164293 0.813000
164323 0.814000
164372 0.815000
164373 0.816000
164390 0.817000
164489 0.818000
164491 0.819000
164656 0.820000
164779 0.821000
164873 0.822000
164963 0.823000
165020 0.824000
165082 0.825000
165173 0.826000
165251 0.827000
165391 0.828000
165724 0.829000
165835 0.830000
165973 0.831000
166084 0.832000
166179 0.833000
166269 0.834000
166275 0.835000
166444 0.836000
166452 0.837000
166627 0.838000
166652 0.839000
166746 0.840000
166751 0.841000
166954 0.842000
167036 0.843000
167050 0.844000
167528 0.845000
167735 0.846000
167792 0.847000
167830 0.848000
168060 0.849000
168209 0.850000
168574 0.851000
168666 0.852000
168681 0.853000
168690 0.854000
168853 0.855000
168987 0.856000
169089 0.857000
169421 0.858000
169458 0.859000
169567 0.860000
169577 0.861000
169674 0.862000
169767 0.863000
169976 0.864000
170069 0.865000
170124 0.866000
170451 0.867000
170619 0.868000
170735 0.869000
170747 0.870000
170781 0.871000
170808 0.872000
170900 0.873000
170975 0.874000
171023 0.875000
171094 0.876000
171148 0.877000
171287 0.878000
171309 0.879000
171406 0.880000
171519 0.881000
171524 0.882000
171685 0.883000
171872 0.884000
172031 0.885000
172072 0.886000
172174 0.887000
172189 0.888000
172252 0.889000
172282 0.890000
172378 0.891000
172398 0.892000
172471 0.893000
172513 0.894000
172661 0.895000
172695 0.896000
172772 0.897000
172944 0.898000
173018 0.899000
173081 0.900000
173089 0.901000
173142 0.902000
173319 0.903000
173384 0.904000
173480 0.905000
173885 0.906000
173888 0.907000
173944 0.908000
173996 0.909000
174112 0.910000
174306 0.911000
174556 0.912000
174649 0.913000
174693 0.914000
174838 0.915000
175039 0.916000
175296 0.917000
175312 0.918000
175314 0.919000
175984 0.920000
176007 0.921000
176011 0.922000
176023 0.923000
176049 0.924000
176054 0.925000
176120 0.926000
176474 0.927000
176495 0.928000
176509 0.929000
176512 0.930000
176515 0.931000
176635 0.932000
177030 0.933000
177070 0.934000
177447 0.935000
177552 0.936000
177573 0.937000
177737 0.938000
177811 0.939000
177922 0.940000
177996 0.941000
178009 0.942000
178358 0.943000
178466 0.944000
178748 0.945000
179265 0.946000
179414 0.947000
179556 0.948000
179777 0.949000
180078 0.950000
180094 0.951000
180216 0.952000
180366 0.953000
180632 0.954000
181210 0.955000
181723 0.956000
181770 0.957000
182539 0.958000
182758 0.959000
183047 0.960000
183351 0.961000
183706 0.962000
183945 0.963000
185054 0.964000
185211 0.965000
185653 0.966000
185880 0.967000
185930 0.968000
186085 0.969000
186203 0.970000
186305 0.971000
186670 0.972000
186863 0.973000
187972 0.974000
188034 0.975000
188118 0.976000
188136 0.977000
188975 0.978000
189949 0.979000
190381 0.980000
190439 0.981000
191638 0.982000
192591 0.983000
192739 0.984000
193109 0.985000
193599 0.986000
194387 0.987000
195200 0.989000
195361 0.990000
196027 0.991000
196148 0.992000
198140 0.993000
198329 0.994000
198787 0.995000
198921 0.996000
202642 0.997000
202717 0.998000
203384 0.999000
208189 1.000000


