314351 0.000000
314351 0.001002
364288 0.002004
372654 0.003006
407927 0.004008
409205 0.005010
422828 0.006012
423020 0.007014
428354 0.008016
432601 0.009018
438435 0.010020
447995 0.011022
449521 0.012024
451406 0.013026
458238 0.014028
463772 0.015030
467446 0.016032
467605 0.017034
480022 0.018036
480775 0.019038
482255 0.020040
490499 0.021042
493774 0.022044
499379 0.023046
500869 0.024048
503816 0.025050
509508 0.026052
512308 0.027054
515930 0.028056
521976 0.029058
522948 0.030060
530768 0.031062
531006 0.032064
537477 0.033066
545418 0.034068
546175 0.035070
546810 0.036072
549067 0.037074
555334 0.038076
560348 0.039078
565077 0.040080
566357 0.041082
568701 0.042084
571080 0.043086
573264 0.044088
574817 0.045090
574944 0.046092
575033 0.047094
576576 0.048096
576692 0.049098
579105 0.050100
580286 0.051102
581075 0.052104
581708 0.053106
583243 0.054108
583880 0.055110
587760 0.056112
588901 0.057114
593004 0.058116
594381 0.059118
597490 0.060120
600050 0.061122
600642 0.062124
601330 0.063126
602060 0.064128
603664 0.065130
604254 0.066132
604768 0.067134
605465 0.068136
605864 0.069138
608147 0.070140
609306 0.071142
614470 0.072144
616072 0.073146
617066 0.074148
617725 0.075150
619747 0.076152
619905 0.077154
619956 0.078156
623865 0.079158
626623 0.080160
626891 0.081162
627564 0.082164
628167 0.083166
629894 0.084168
630430 0.085170
630572 0.086172
630706 0.087174
631404 0.088176
631507 0.089178
631559 0.090180
632764 0.091182
634082 0.092184
634092 0.093186
637125 0.094188
639028 0.095190
639651 0.096192
640206 0.097194
641406 0.098196
641538 0.099198
641982 0.100200
642014 0.101202
642720 0.102204
642824 0.103206
642828 0.104208
644123 0.105210
646601 0.106212
652632 0.107214
652720 0.108216
653514 0.109218
654034 0.110220
654162 0.111222
658281 0.112224
659505 0.113226
659973 0.114228
662543 0.115230
663762 0.116232
664665 0.117234
665524 0.118236
666578 0.119238
666964 0.120240
667806 0.121242
668105 0.122244
671480 0.123246
671774 0.124248
671908 0.125251
673492 0.126253
673897 0.127255
674192 0.128257
674467 0.129259
674893 0.130261
675160 0.131263
675802 0.132265
676667 0.133267
676843 0.134269
677136 0.135271
678312 0.136273
679160 0.137275
680310 0.138277
681971 0.139279
683880 0.140281
684162 0.141283
684306 0.142285
684425 0.143287
684442 0.144289
685014 0.145291
685637 0.146293
688438 0.147295
689054 0.148297
689315 0.149299
690311 0.150301
690574 0.151303
691379 0.152305
692885 0.153307
693968 0.154309
694474 0.155311
695218 0.156313
695678 0.157315
696214 0.158317
697030 0.159319
697793 0.160321
698794 0.161323
698907 0.162325
699168 0.163327
699825 0.164329
699837 0.165331
700060 0.166333
701168 0.167335
701191 0.168337
701279 0.169339
701494 0.170341
701968 0.171343
702096 0.172345
702213 0.173347
702749 0.174349
704919 0.175351
705917 0.176353
706631 0.177355
706883 0.178357
707898 0.179359
707991 0.180361
708023 0.181363
708321 0.182365
708573 0.183367
709507 0.184369
709691 0.185371
709826 0.186373
709902 0.187375
710455 0.188377
711187 0.189379
711711 0.190381
713301 0.191383
714744 0.192385
716174 0.193387
716446 0.194389
716623 0.195391
717018 0.196393
717074 0.197395
717676 0.198397
717836 0.199399
717938 0.200401
718642 0.201403
719026 0.202405
719384 0.203407
719758 0.204409
719769 0.205411
721339 0.206413
721364 0.207415
721495 0.208417
722330 0.209419
725512 0.210421
725551 0.211423
725756 0.212425
726212 0.213427
727340 0.214429
728049 0.215431
728878 0.216433
728903 0.217435
728991 0.218437
729786 0.219439
729788 0.220441
730130 0.221443
730258 0.222445
730353 0.223447
730431 0.224449
730456 0.225451
731591 0.226453
731889 0.227455
732404 0.228457
733113 0.229459
733579 0.230461
733631 0.231463
733988 0.232465
734267 0.233467
734827 0.234469
735080 0.235471
735371 0.236473
735477 0.237475
735870 0.238477
736520 0.239479
738063 0.240481
738467 0.241483
738567 0.242485
738968 0.243487
739929 0.244489
739959 0.245491
740011 0.246493
740879 0.247495
740999 0.248497
742434 0.249499
742997 0.250501
743032 0.251503
743738 0.252505
743862 0.253507
743899 0.254509
743966 0.255511
744025 0.256513
744540 0.257515
744800 0.258517
745335 0.259519
745829 0.260521
746506 0.261523
746510 0.262525
746529 0.263527
746787 0.264529
747067 0.265531
747119 0.266533
748272 0.267535
748406 0.268537
749137 0.269539
749571 0.270541
749620 0.271543
751252 0.272545
751849 0.273547
751895 0.274549
752029 0.275551
752909 0.276553
753028 0.277555
753949 0.278557
754111 0.279559
754498 0.280561
754743 0.281563
754768 0.282565
755201 0.283567
755392 0.284569
755647 0.285571
755680 0.286573
755839 0.287575
756937 0.288577
757005 0.289579
757220 0.290581
757343 0.291583
757478 0.292585
757740 0.293587
758033 0.294589
758278 0.295591
758642 0.296593
758877 0.297595
759232 0.298597
759635 0.299599
760014 0.300601
760089 0.301603
760121 0.302605
760453 0.303607
760607 0.304609
760739 0.305611
760797 0.306613
761622 0.307615
761989 0.308617
764151 0.309619
764570 0.310621
764743 0.311623
766211 0.312625
766340 0.313627
766481 0.314629
766949 0.315631
767053 0.316633
767412 0.317635
768066 0.318637
768248 0.319639
769091 0.320641
769311 0.321643
769481 0.322645
769823 0.323647
770263 0.324649
770956 0.325651
771414 0.326653
772231 0.327655
772385 0.328657
772475 0.329659
772592 0.330661
772726 0.331663
772936 0.332665
772943 0.333667
773056 0.334669
773059 0.335671
773472 0.336673
774220 0.337675
775134 0.338677
775532 0.339679
775891 0.340681
776628 0.341683
777175 0.342685
777643 0.343687
777828 0.344689
778381 0.345691
778579 0.346693
778623 0.347695
778850 0.348697
779157 0.349699
780542 0.350701
781180 0.351703
781243 0.352705
781547 0.353707
781733 0.354709
781815 0.355711
781847 0.356713
781855 0.357715
782012 0.358717
782469 0.359719
782746 0.360721
783675 0.361723
783690 0.362725
784754 0.363727
785522 0.364729
785617 0.365731
785838 0.366733
786055 0.367735
786787 0.368737
787267 0.369739
787416 0.370741
787441 0.371743
787604 0.372745
789330 0.373747
789607 0.374749
789729 0.375752
789743 0.376754
790605 0.377756
790954 0.378758
790971 0.379760
791115 0.380762
791180 0.381764
791185 0.382766
791699 0.383768
791846 0.384770
793479 0.385772
793547 0.386774
794004 0.387776
794373 0.388778
794776 0.389780
794974 0.390782
795297 0.391784
795406 0.392786
795588 0.393788
795596 0.394790
795772 0.395792
795802 0.396794
796496 0.397796
796739 0.398798
796752 0.399800
796786 0.400802
797064 0.401804
797160 0.402806
797257 0.403808
797807 0.404810
798249 0.405812
798281 0.406814
798422 0.407816
798674 0.408818
799012 0.409820
799069 0.410822
799540 0.411824
799595 0.412826
799701 0.413828
800346 0.414830
800434 0.415832
800571 0.416834
800936 0.417836
801157 0.418838
801227 0.419840
801314 0.420842
801717 0.421844
802017 0.422846
802156 0.423848
802798 0.424850
802864 0.425852
802929 0.426854
803090 0.427856
803219 0.428858
803463 0.429860
803499 0.430862
804588 0.431864
804693 0.432866
805044 0.433868
805050 0.434870
805061 0.435872
805274 0.436874
805286 0.437876
805610 0.438878
805656 0.439880
805702 0.440882
805801 0.441884
806429 0.442886
806452 0.443888
806518 0.444890
806717 0.445892
806783 0.446894
808047 0.447896
808101 0.448898
808189 0.449900
808252 0.450902
808316 0.451904
808599 0.452906
808837 0.453908
809333 0.454910
809474 0.455912
810952 0.456914
811073 0.457916
811248 0.458918
811279 0.459920
811582 0.460922
811622 0.461924
811623 0.462926
811638 0.463928
811975 0.464930
812438 0.465932
812674 0.466934
812686 0.467936
813063 0.468938
813911 0.469940
813946 0.470942
814093 0.471944
814346 0.472946
814403 0.473948
814496 0.474950
814809 0.475952
814829 0.476954
814981 0.477956
815245 0.478958
815271 0.479960
815651 0.480962
816184 0.481964
816215 0.482966
816265 0.483968
816513 0.484970
816766 0.485972
816852 0.486974
816927 0.487976
817095 0.488978
817338 0.489980
817577 0.490982
817778 0.491984
818340 0.492986
818475 0.493988
818499 0.494990
818852 0.495992
818954 0.496994
819856 0.497996
820223 0.498998
820276 0.500000
821179 0.501002
821868 0.502004
822744 0.503006
823365 0.504008
823636 0.505010
824073 0.506012
824373 0.507014
824489 0.508016
824591 0.509018
824787 0.510020
824876 0.511022
825067 0.512024
825351 0.513026
825389 0.514028
825852 0.515030
826363 0.516032
826490 0.517034
826633 0.518036
827515 0.519038
827661 0.520040
827873 0.521042
828192 0.522044
829395 0.523046
829428 0.524048
829435 0.525050
829464 0.526052
829699 0.527054
829898 0.528056
829968 0.529058
830935 0.530060
831139 0.531062
831274 0.532064
832133 0.533066
832332 0.534068
832334 0.535070
832652 0.536072
832886 0.537074
833193 0.538076
833505 0.539078
833836 0.540080
833874 0.541082
834078 0.542084
834155 0.543086
834319 0.544088
834384 0.545090
834695 0.546092
834733 0.547094
834915 0.548096
835156 0.549098
835350 0.550100
835682 0.551102
835975 0.552104
837240 0.553106
837774 0.554108
837912 0.555110
838011 0.556112
838180 0.557114
838736 0.558116
838889 0.559118
839374 0.560120
839801 0.561122
840239 0.562124
840469 0.563126
840653 0.564128
840909 0.565130
841470 0.566132
841623 0.567134
841924 0.568136
842112 0.569138
842128 0.570140
842169 0.571142
842183 0.572144
842636 0.573146
842715 0.574148
843018 0.575150
843397 0.576152
843477 0.577154
843863 0.578156
845907 0.579158
846262 0.580160
847194 0.581162
847742 0.582164
848040 0.583166
848080 0.584168
848122 0.585170
848605 0.586172
849063 0.587174
849093 0.588176
849715 0.589178
849776 0.590180
850042 0.591182
850245 0.592184
850246 0.593186
851611 0.594188
851628 0.595190
851961 0.596192
852302 0.597194
852640 0.598196
852895 0.599198
853179 0.600200
853279 0.601202
853461 0.602204
853568 0.603206
853920 0.604208
853968 0.605210
854122 0.606212
854246 0.607214
854470 0.608216
854492 0.609218
854854 0.610220
855137 0.611222
855795 0.612224
856041 0.613226
856108 0.614228
856252 0.615230
856258 0.616232
858921 0.617234
859465 0.618236
859815 0.619238
860092 0.620240
860280 0.621242
860660 0.622244
860820 0.623246
861665 0.624248
862674 0.625251
863296 0.626253
863950 0.627255
864013 0.628257
864148 0.629259
864175 0.630261
865215 0.631263
865897 0.632265
866005 0.633267
866029 0.634269
866155 0.635271
866356 0.636273
867932 0.637275
867936 0.638277
868169 0.639279
868322 0.640281
868425 0.641283
868434 0.642285
868450 0.643287
868810 0.644289
869522 0.645291
870221 0.646293
870333 0.647295
870876 0.648297
871446 0.649299
871850 0.650301
872210 0.651303
872501 0.652305
872828 0.653307
873827 0.654309
874040 0.655311
875207 0.656313
875624 0.657315
875797 0.658317
876120 0.659319
876167 0.660321
876299 0.661323
876573 0.662325
876706 0.663327
877213 0.664329
877510 0.665331
878458 0.666333
878732 0.667335
881054 0.668337
881787 0.669339
882756 0.670341
882771 0.671343
883586 0.672345
883985 0.673347
884130 0.674349
884543 0.675351
885266 0.676353
885370 0.677355
886916 0.678357
887085 0.679359
887164 0.680361
887173 0.681363
887226 0.682365
887378 0.683367
887430 0.684369
888483 0.685371
888731 0.686373
888994 0.687375
889136 0.688377
889397 0.689379
889447 0.690381
889814 0.691383
889969 0.692385
890465 0.693387
890760 0.694389
891251 0.695391
891540 0.696393
891957 0.697395
892622 0.698397
892739 0.699399
893087 0.700401
893656 0.701403
894345 0.702405
894526 0.703407
895233 0.704409
895400 0.705411
896730 0.706413
896887 0.707415
897402 0.708417
897792 0.709419
897822 0.710421
898252 0.711423
898465 0.712425
898818 0.713427
899104 0.714429
899655 0.715431
900158 0.716433
900172 0.717435
900722 0.718437
901207 0.719439
902176 0.720441
902185 0.721443
902694 0.722445
902796 0.723447
902961 0.724449
903203 0.725451
903311 0.726453
903332 0.727455
903905 0.728457
903936 0.729459
904095 0.730461
904142 0.731463
904204 0.732465
905077 0.733467
905506 0.734469
905752 0.735471
905963 0.736473
906227 0.737475
906685 0.738477
906771 0.739479
906786 0.740481
907034 0.741483
907091 0.742485
907355 0.743487
907392 0.744489
907598 0.745491
909439 0.746493
909581 0.747495
909602 0.748497
909842 0.749499
910090 0.750501
910183 0.751503
911331 0.752505
911535 0.753507
911780 0.754509
912496 0.755511
912605 0.756513
913276 0.757515
913354 0.758517
913665 0.759519
914109 0.760521
914798 0.761523
915399 0.762525
916737 0.763527
916985 0.764529
917331 0.765531
917532 0.766533
917557 0.767535
918388 0.768537
918413 0.769539
918534 0.770541
918881 0.771543
919097 0.772545
919229 0.773547
919235 0.774549
919647 0.775551
919653 0.776553
920188 0.777555
920365 0.778557
921015 0.779559
921185 0.780561
922519 0.781563
922870 0.782565
922948 0.783567
923091 0.784569
924641 0.785571
926037 0.786573
927878 0.787575
928456 0.788577
928840 0.789579
928889 0.790581
929855 0.791583
930075 0.792585
930465 0.793587
930507 0.794589
930767 0.795591
930796 0.796593
931297 0.797595
932864 0.798597
933558 0.799599
933573 0.800601
934457 0.801603
935023 0.802605
935083 0.803607
935545 0.804609
936929 0.805611
937777 0.806613
937909 0.807615
938447 0.808617
938460 0.809619
938837 0.810621
938856 0.811623
939425 0.812625
939603 0.813627
939641 0.814629
939747 0.815631
940241 0.816633
940317 0.817635
940375 0.818637
940500 0.819639
940653 0.820641
942035 0.821643
942081 0.822645
945267 0.823647
946482 0.824649
946872 0.825651
947203 0.826653
948383 0.827655
949796 0.828657
950186 0.829659
950524 0.830661
951312 0.831663
951814 0.832665
952135 0.833667
952511 0.834669
953150 0.835671
954566 0.836673
954756 0.837675
954961 0.838677
955042 0.839679
955743 0.840681
958125 0.841683
958912 0.842685
958931 0.843687
959658 0.844689
960237 0.845691
961279 0.846693
961427 0.847695
961786 0.848697
961807 0.849699
962724 0.850701
962833 0.851703
963198 0.852705
964214 0.853707
965574 0.854709
966215 0.855711
967354 0.856713
967404 0.857715
967525 0.858717
967613 0.859719
967859 0.860721
968376 0.861723
969361 0.862725
970547 0.863727
970736 0.864729
970785 0.865731
973169 0.866733
973554 0.867735
973796 0.868737
975271 0.869739
975575 0.870741
976287 0.871743
976289 0.872745
976677 0.873747
977106 0.874749
977366 0.875752
977676 0.876754
978467 0.877756
978562 0.878758
979181 0.879760
979412 0.880762
979677 0.881764
980291 0.882766
981220 0.883768
981967 0.884770
982874 0.885772
983532 0.886774
984313 0.887776
985276 0.888778
985383 0.889780
985979 0.890782
987410 0.891784
987421 0.892786
987687 0.893788
988730 0.894790
990636 0.895792
990772 0.896794
992558 0.897796
992616 0.898798
993709 0.899800
994157 0.900802
994494 0.901804
994503 0.902806
994740 0.903808
996350 0.904810
997125 0.905812
998219 0.906814
998354 0.907816
1000811 0.908818
1003402 0.909820
1003677 0.910822
1003912 0.911824
1003993 0.912826
1004995 0.913828
1005358 0.914830
1005397 0.915832
1005417 0.916834
1005444 0.917836
1007566 0.918838
1008595 0.919840
1008896 0.920842
1009463 0.921844
1009588 0.922846
1011020 0.923848
1011390 0.924850
1015678 0.925852
1016056 0.926854
1016807 0.927856
1017249 0.928858
1017866 0.929860
1019924 0.930862
1021446 0.931864
1021458 0.932866
1021882 0.933868
1022863 0.934870
1025603 0.935872
1026101 0.936874
1027208 0.937876
1027306 0.938878
1027482 0.939880
1030011 0.940882
1032606 0.941884
1033728 0.942886
1036316 0.943888
1036564 0.944890
1038836 0.945892
1040294 0.946894
1042314 0.947896
1042572 0.948898
1043566 0.949900
1044034 0.950902
1045012 0.951904
1046273 0.952906
1047775 0.953908
1047950 0.954910
1048562 0.955912
1049462 0.956914
1050557 0.957916
1054647 0.958918
1054890 0.959920
1057153 0.960922
1058084 0.961924
1058605 0.962926
1059100 0.963928
1065188 0.964930
1071778 0.965932
1071783 0.966934
1071837 0.967936
1072759 0.968938
1077557 0.969940
1081845 0.970942
1087818 0.971944
1088265 0.972946
1093855 0.973948
1095039 0.974950
1098164 0.975952
1098234 0.976954
1099705 0.977956
1101230 0.978958
1104008 0.979960
1111991 0.980962
1122515 0.981964
1123465 0.982966
1123702 0.983968
1127956 0.984970
1129629 0.985972
1139126 0.986974
1151958 0.987976
1156899 0.988978
1157360 0.989980
1159604 0.990982
1161983 0.991984
1166721 0.992986
1173861 0.993988
1183244 0.994990
1186308 0.995992
1191284 0.996994
1241324 0.997996
1314846 0.998998
1320871 1.000000


177 0.000000
177 0.001002
198 0.002004
201 0.003006
208 0.004008
242 0.005010
257 0.006012
259 0.007014
261 0.008016
266 0.009018
280 0.010020
289 0.011022
293 0.012024
294 0.014028
297 0.015030
299 0.017034
300 0.018036
307 0.019038
321 0.020040
322 0.022044
326 0.023046
333 0.024048
336 0.025050
338 0.026052
339 0.027054
341 0.028056
344 0.030060
345 0.031062
346 0.032064
348 0.033066
354 0.034068
359 0.035070
365 0.036072
366 0.037074
367 0.039078
370 0.041082
372 0.042084
374 0.045090
377 0.047094
378 0.048096
379 0.049098
380 0.050100
381 0.051102
382 0.052104
387 0.053106
388 0.054108
389 0.055110
390 0.056112
392 0.057114
393 0.058116
394 0.060120
396 0.064128
397 0.066132
401 0.067134
404 0.068136
407 0.070140
411 0.071142
414 0.073146
416 0.074148
417 0.075150
418 0.076152
421 0.077154
423 0.078156
424 0.079158
425 0.082164
426 0.083166
428 0.086172
429 0.087174
433 0.088176
435 0.090180
436 0.092184
438 0.095190
439 0.098196
440 0.100200
441 0.102204
442 0.103206
443 0.104208
444 0.106212
445 0.108216
447 0.109218
448 0.111222
449 0.112224
450 0.116232
453 0.117234
454 0.118236
455 0.119238
456 0.120240
457 0.121242
461 0.123246
462 0.124248
463 0.125251
464 0.126253
465 0.129259
466 0.130261
467 0.131263
471 0.134269
472 0.135271
473 0.136273
474 0.139279
476 0.141283
478 0.142285
479 0.144289
480 0.145291
481 0.147295
482 0.150301
484 0.152305
485 0.153307
488 0.154309
489 0.158317
490 0.160321
491 0.162325
492 0.163327
493 0.165331
494 0.167335
495 0.168337
498 0.170341
499 0.171343
500 0.172345
501 0.175351
503 0.176353
505 0.178357
506 0.181363
508 0.182365
509 0.183367
510 0.186373
511 0.187375
512 0.189379
513 0.190381
514 0.192385
516 0.194389
517 0.197395
518 0.199399
519 0.203407
520 0.204409
521 0.206413
522 0.210421
524 0.212425
525 0.213427
526 0.215431
527 0.218437
528 0.222445
529 0.224449
530 0.227455
533 0.228457
534 0.233467
535 0.239479
536 0.241483
537 0.244489
538 0.247495
539 0.252505
540 0.253507
541 0.259519
542 0.267535
544 0.272545
545 0.276553
546 0.282565
547 0.284569
548 0.289579
550 0.293587
551 0.296593
552 0.301603
553 0.305611
554 0.306613
555 0.310621
556 0.312625
557 0.313627
558 0.317635
559 0.321643
560 0.325651
561 0.333667
562 0.337675
563 0.341683
564 0.344689
565 0.348697
566 0.352705
567 0.356713
568 0.363727
569 0.369739
570 0.373747
571 0.377756
572 0.379760
573 0.382766
574 0.386774
575 0.387776
576 0.394790
577 0.398798
578 0.401804
579 0.405812
581 0.411824
582 0.413828
583 0.415832
584 0.417836
585 0.419840
586 0.422846
587 0.424850
588 0.425852
589 0.428858
590 0.432866
591 0.437876
592 0.441884
593 0.445892
594 0.446894
595 0.451904
596 0.452906
597 0.454910
598 0.458918
599 0.463928
600 0.467936
601 0.472946
602 0.479960
603 0.482966
604 0.487976
605 0.491984
606 0.494990
607 0.498998
608 0.505010
609 0.506012
610 0.512024
611 0.514028
612 0.517034
613 0.523046
614 0.526052
615 0.527054
616 0.529058
617 0.531062
618 0.535070
619 0.540080
620 0.545090
622 0.548096
623 0.554108
624 0.562124
625 0.567134
626 0.572144
627 0.576152
628 0.577154
629 0.578156
630 0.583166
631 0.587174
632 0.590180
633 0.596192
634 0.598196
635 0.600200
636 0.609218
637 0.611222
638 0.612224
639 0.616232
640 0.619238
641 0.625251
642 0.627255
643 0.630261
644 0.633267
645 0.636273
647 0.638277
648 0.642285
649 0.644289
650 0.650301
651 0.652305
652 0.655311
654 0.657315
655 0.661323
656 0.666333
657 0.670341
658 0.671343
659 0.676353
660 0.679359
661 0.680361
662 0.683367
663 0.684369
664 0.685371
665 0.687375
666 0.691383
667 0.694389
668 0.695391
669 0.698397
671 0.704409
672 0.705411
673 0.706413
674 0.710421
675 0.714429
676 0.715431
677 0.720441
678 0.721443
679 0.724449
680 0.727455
683 0.731463
685 0.734469
686 0.740481
687 0.745491
688 0.747495
689 0.749499
690 0.752505
691 0.755511
692 0.759519
693 0.761523
694 0.762525
695 0.766533
696 0.768537
697 0.771543
698 0.772545
699 0.774549
700 0.777555
701 0.778557
702 0.779559
703 0.782565
704 0.784569
705 0.786573
706 0.789579
707 0.793587
708 0.796593
709 0.797595
710 0.799599
711 0.802605
712 0.804609
713 0.806613
714 0.808617
715 0.810621
716 0.813627
717 0.814629
718 0.815631
719 0.820641
720 0.824649
721 0.828657
722 0.829659
723 0.830661
724 0.832665
725 0.835671
726 0.837675
727 0.839679
728 0.840681
729 0.841683
730 0.843687
732 0.844689
733 0.848697
735 0.849699
736 0.850701
737 0.851703
738 0.855711
739 0.858717
740 0.860721
741 0.865731
742 0.868737
743 0.869739
744 0.871743
745 0.873747
746 0.876754
747 0.878758
748 0.879760
749 0.882766
750 0.883768
752 0.885772
753 0.888778
754 0.891784
755 0.893788
756 0.895792
757 0.897796
758 0.899800
759 0.900802
760 0.901804
761 0.902806
763 0.905812
764 0.906814
765 0.907816
767 0.909820
769 0.911824
771 0.912826
773 0.914830
774 0.915832
775 0.917836
776 0.918838
777 0.920842
778 0.921844
779 0.922846
780 0.923848
782 0.928858
786 0.931864
787 0.932866
788 0.933868
789 0.934870
792 0.937876
793 0.940882
794 0.944890
796 0.947896
798 0.948898
800 0.950902
801 0.951904
802 0.953908
803 0.954910
804 0.956914
807 0.957916
808 0.958918
809 0.959920
810 0.960922
812 0.961924
814 0.962926
819 0.963928
821 0.964930
822 0.965932
830 0.966934
832 0.967936
833 0.968938
834 0.969940
837 0.970942
840 0.971944
846 0.972946
850 0.973948
853 0.974950
854 0.975952
857 0.976954
865 0.977956
869 0.978958
873 0.979960
874 0.981964
878 0.982966
879 0.984970
882 0.985972
887 0.987976
890 0.988978
892 0.989980
896 0.990982
899 0.991984
906 0.992986
916 0.993988
918 0.994990
921 0.995992
950 0.996994
978 0.997996
1035 0.998998
1057 1.000000


