112782 0.000000
112782 0.005000
112793 0.015000
112811 0.020000
112859 0.025000
112886 0.030000
112914 0.035000
112936 0.040000
112939 0.045000
112942 0.055000
112945 0.060000
112967 0.070000
112975 0.075000
112981 0.080000
112998 0.085000
113000 0.090000
113001 0.095000
113005 0.100000
113011 0.115000
113017 0.120000
113018 0.125000
113023 0.130000
113029 0.135000
113037 0.140000
113041 0.150000
113049 0.165000
113054 0.170000
113056 0.175000
113058 0.180000
113062 0.190000
113075 0.200000
113086 0.205000
113089 0.210000
113094 0.215000
113097 0.220000
113103 0.225000
113108 0.230000
113109 0.235000
113110 0.245000
113116 0.250000
113117 0.260000
113134 0.265000
113138 0.270000
113139 0.275000
113150 0.280000
113152 0.285000
113163 0.290000
113164 0.295000
113181 0.305000
113182 0.310000
113183 0.315000
113186 0.320000
113190 0.325000
113197 0.335000
113207 0.340000
113208 0.345000
113209 0.350000
113210 0.355000
113215 0.360000
113216 0.365000
113218 0.370000
113223 0.375000
113225 0.380000
113233 0.385000
113235 0.390000
113242 0.395000
113243 0.400000
113248 0.405000
113251 0.410000
113258 0.415000
113262 0.420000
113263 0.425000
113265 0.430000
113268 0.435000
113274 0.440000
113276 0.445000
113280 0.450000
113281 0.455000
113284 0.465000
113286 0.470000
113288 0.475000
113291 0.480000
113298 0.495000
113316 0.505000
113319 0.510000
113321 0.515000
113322 0.525000
113337 0.530000
113343 0.535000
113351 0.540000
113352 0.545000
113360 0.550000
113362 0.555000
113365 0.560000
113366 0.565000
113367 0.575000
113368 0.580000
113370 0.585000
113374 0.590000
113375 0.595000
113379 0.600000
113410 0.605000
113413 0.615000
113416 0.625000
113420 0.630000
113423 0.635000
113425 0.640000
113427 0.645000
113449 0.650000
113452 0.655000
113454 0.660000
113456 0.670000
113459 0.675000
113463 0.680000
113464 0.685000
113471 0.690000
113476 0.695000
113480 0.700000
113493 0.705000
113497 0.715000
113509 0.720000
113511 0.725000
113540 0.730000
113541 0.735000
113542 0.740000
113543 0.750000
113548 0.755000
113554 0.760000
113562 0.765000
113583 0.770000
113588 0.775000
113598 0.780000
113602 0.785000
113609 0.790000
113614 0.795000
113622 0.800000
113626 0.805000
113644 0.810000
113645 0.820000
113653 0.825000
113660 0.830000
113663 0.835000
113670 0.840000
113686 0.845000
113703 0.850000
113707 0.855000
113716 0.860000
113718 0.865000
113720 0.870000
113745 0.875000
113755 0.880000
113763 0.885000
113779 0.895000
113790 0.900000
113813 0.905000
113820 0.910000
113839 0.915000
113848 0.920000
113866 0.925000
113891 0.930000
113905 0.935000
113914 0.940000
113941 0.950000
113955 0.955000
113967 0.960000
113970 0.965000
114036 0.970000
114073 0.975000
114089 0.980000
114090 0.985000
114129 0.990000
114190 0.995000
114323 1.000000


