135434 0.000000
135434 0.001000
144495 0.002000
146049 0.003000
149834 0.004000
150056 0.005000
151731 0.006000
153187 0.007000
153648 0.008000
154195 0.009000
154643 0.010000
155159 0.011000
155438 0.012000
155492 0.013000
155793 0.014000
156444 0.015000
157065 0.016000
157115 0.017000
157216 0.018000
157767 0.019000
158393 0.020000
158464 0.021000
160082 0.022000
160167 0.023000
160285 0.024000
160409 0.025000
160517 0.026000
161508 0.027000
161584 0.028000
162284 0.029000
163035 0.030000
163335 0.031000
163355 0.032000
163404 0.033000
163417 0.034000
163563 0.035000
163719 0.036000
164113 0.037000
164171 0.038000
164427 0.039000
164543 0.040000
165183 0.041000
165410 0.042000
165520 0.043000
165576 0.044000
165821 0.045000
166243 0.046000
166496 0.047000
166586 0.048000
167055 0.049000
167285 0.050000
167337 0.051000
167368 0.052000
167458 0.053000
167638 0.054000
167653 0.055000
167674 0.056000
167967 0.057000
168092 0.058000
168250 0.059000
168647 0.060000
168872 0.061000
168981 0.062000
169179 0.063000
169443 0.064000
169452 0.065000
169554 0.066000
169573 0.067000
170455 0.068000
170614 0.069000
170615 0.070000
170877 0.071000
171207 0.072000
171283 0.073000
171390 0.074000
171396 0.075000
171429 0.076000
171464 0.077000
171610 0.078000
171731 0.079000
171801 0.080000
171841 0.081000
172022 0.082000
172179 0.083000
172189 0.084000
172257 0.085000
172296 0.086000
172332 0.087000
172335 0.088000
172569 0.089000
172636 0.090000
172686 0.091000
172812 0.092000
172941 0.093000
173006 0.094000
173093 0.095000
173273 0.096000
173328 0.097000
173464 0.098000
173470 0.099000
173653 0.100000
173678 0.101000
173680 0.102000
173749 0.103000
173846 0.104000
173998 0.105000
174400 0.106000
174410 0.107000
174468 0.108000
174509 0.109000
174838 0.110000
174893 0.111000
175045 0.112000
175056 0.113000
175174 0.114000
175235 0.115000
175305 0.116000
175307 0.117000
175538 0.118000
175568 0.119000
175571 0.120000
175635 0.121000
175688 0.122000
175817 0.123000
175923 0.124000
175925 0.125000
176000 0.126000
176017 0.127000
176475 0.128000
176570 0.129000
176687 0.130000
176703 0.131000
176732 0.132000
176961 0.133000
177002 0.134000
177036 0.135000
177444 0.136000
177495 0.137000
177556 0.138000
177865 0.139000
177876 0.140000
177890 0.141000
177949 0.142000
178350 0.143000
178488 0.144000
178729 0.145000
178792 0.146000
178821 0.147000
178834 0.148000
178841 0.149000
178947 0.150000
178948 0.151000
179093 0.152000
179200 0.153000
179277 0.154000
179372 0.155000
179390 0.156000
179455 0.157000
179456 0.158000
179459 0.159000
179473 0.160000
179482 0.161000
179528 0.162000
179743 0.163000
179753 0.164000
179841 0.165000
179848 0.166000
179876 0.167000
179986 0.168000
180030 0.169000
180177 0.170000
180343 0.171000
180415 0.172000
180510 0.173000
180537 0.174000
180745 0.175000
180837 0.176000
180861 0.177000
180866 0.178000
181067 0.179000
181110 0.180000
181187 0.181000
181273 0.182000
181274 0.183000
181313 0.184000
181353 0.185000
181470 0.186000
181658 0.187000
181734 0.188000
181909 0.189000
182217 0.190000
182234 0.191000
182338 0.192000
182677 0.193000
182889 0.194000
182959 0.195000
183016 0.196000
183019 0.197000
183054 0.198000
183155 0.199000
183168 0.200000
183478 0.201000
183493 0.202000
183532 0.203000
183622 0.204000
183748 0.205000
183855 0.206000
183858 0.207000
183917 0.208000
183937 0.209000
183970 0.210000
183981 0.211000
184041 0.212000
184299 0.213000
184305 0.214000
184319 0.215000
184395 0.216000
184430 0.217000
184467 0.218000
184476 0.219000
184504 0.220000
184628 0.221000
184646 0.222000
184652 0.223000
184663 0.224000
184668 0.225000
184705 0.226000
184855 0.227000
184906 0.228000
184907 0.229000
185040 0.230000
185084 0.231000
185111 0.232000
185139 0.233000
185165 0.234000
185169 0.235000
185210 0.236000
185379 0.237000
185406 0.238000
185423 0.239000
185458 0.240000
185515 0.241000
185539 0.242000
185564 0.243000
185623 0.244000
185794 0.245000
185895 0.246000
185914 0.247000
186082 0.248000
186112 0.249000
186185 0.250000
186191 0.251000
186335 0.252000
186627 0.253000
186649 0.254000
186922 0.255000
186987 0.256000
186997 0.257000
187338 0.258000
187443 0.259000
187493 0.260000
187555 0.261000
187600 0.262000
187605 0.263000
187760 0.264000
187783 0.267000
187854 0.268000
188000 0.269000
188014 0.270000
188134 0.271000
188167 0.272000
188210 0.273000
188215 0.274000
188265 0.275000
188313 0.276000
188415 0.277000
188443 0.278000
188480 0.279000
188554 0.280000
188559 0.281000
188656 0.282000
188815 0.283000
188856 0.284000
188869 0.285000
188908 0.286000
188928 0.287000
189087 0.288000
189148 0.289000
189228 0.290000
189244 0.291000
189253 0.292000
189276 0.293000
189289 0.294000
189305 0.295000
189440 0.296000
189466 0.297000
189524 0.298000
189562 0.299000
189578 0.300000
189632 0.301000
189661 0.302000
189717 0.303000
189899 0.304000
189948 0.305000
190028 0.306000
190029 0.307000
190114 0.308000
190280 0.309000
190319 0.310000
190354 0.311000
190418 0.312000
190520 0.313000
190573 0.314000
190726 0.315000
190742 0.316000
190769 0.317000
190791 0.318000
190891 0.319000
190895 0.320000
191047 0.321000
191056 0.322000
191059 0.323000
191158 0.324000
191177 0.325000
191226 0.326000
191253 0.327000
191307 0.328000
191346 0.329000
191427 0.330000
191429 0.331000
191552 0.332000
191575 0.333000
191581 0.334000
191764 0.335000
191766 0.336000
191814 0.337000
191845 0.338000
191998 0.339000
192020 0.340000
192064 0.341000
192227 0.342000
192300 0.343000
192402 0.344000
192406 0.345000
192418 0.346000
192436 0.347000
192547 0.348000
192582 0.349000
192619 0.350000
192676 0.351000
192788 0.352000
192929 0.353000
192949 0.354000
192951 0.355000
193002 0.356000
193042 0.357000
193132 0.358000
193154 0.359000
193178 0.360000
193230 0.361000
193249 0.362000
193302 0.363000
193360 0.364000
193407 0.365000
193409 0.366000
193414 0.367000
193530 0.368000
193616 0.369000
193650 0.370000
193710 0.371000
193828 0.372000
193882 0.373000
193928 0.374000
193948 0.375000
193979 0.376000
193998 0.377000
194119 0.378000
194496 0.379000
194508 0.380000
194564 0.381000
194636 0.382000
194677 0.383000
194690 0.384000
194727 0.385000
194766 0.386000
194777 0.387000
194780 0.388000
194822 0.389000
194835 0.390000
194876 0.391000
194945 0.392000
194956 0.393000
194982 0.395000
195007 0.396000
195095 0.397000
195148 0.398000
195245 0.399000
195252 0.400000
195295 0.401000
195325 0.402000
195453 0.403000
195646 0.404000
195714 0.405000
195734 0.406000
195792 0.407000
195802 0.408000
195803 0.409000
196016 0.410000
196090 0.411000
196100 0.412000
196174 0.413000
196207 0.414000
196274 0.415000
196286 0.416000
196329 0.417000
196413 0.418000
196490 0.419000
196532 0.420000
196574 0.421000
196891 0.422000
196927 0.423000
197034 0.424000
197085 0.425000
197156 0.426000
197208 0.427000
197225 0.428000
197306 0.429000
197356 0.430000
197439 0.431000
197464 0.432000
197519 0.433000
197697 0.434000
197770 0.435000
197936 0.436000
198027 0.437000
198112 0.438000
198132 0.439000
198151 0.440000
198240 0.441000
198492 0.442000
198497 0.443000
198529 0.444000
198537 0.445000
198543 0.446000
198646 0.447000
198666 0.448000
198708 0.449000
198806 0.450000
198808 0.451000
199079 0.452000
199160 0.453000
199322 0.454000
199462 0.455000
199557 0.456000
199584 0.457000
199637 0.459000
199644 0.460000
199646 0.461000
199739 0.462000
199774 0.463000
199798 0.464000
199852 0.465000
199892 0.466000
199961 0.467000
199983 0.468000
199994 0.469000
200066 0.470000
200110 0.471000
200138 0.472000
200207 0.473000
200212 0.474000
200272 0.475000
200297 0.476000
200332 0.477000
200417 0.478000
200422 0.479000
200486 0.480000
200493 0.481000
200684 0.482000
200731 0.483000
200735 0.484000
200773 0.485000
200848 0.486000
200927 0.487000
200963 0.488000
200970 0.489000
200984 0.490000
201048 0.491000
201055 0.492000
201158 0.493000
201175 0.494000
201189 0.495000
201320 0.496000
201431 0.497000
201559 0.498000
201599 0.499000
201605 0.500000
201667 0.501000
201746 0.502000
201749 0.503000
201822 0.504000
201997 0.505000
202017 0.506000
202090 0.507000
202325 0.508000
202327 0.509000
202369 0.510000
202391 0.511000
202392 0.512000
202458 0.513000
202510 0.514000
202689 0.515000
202751 0.516000
202779 0.517000
202809 0.518000
202870 0.519000
202968 0.520000
203040 0.521000
203162 0.522000
203170 0.523000
203227 0.524000
203290 0.525000
203368 0.526000
203388 0.527000
203429 0.528000
203456 0.529000
203541 0.530000
203555 0.531000
203562 0.532000
203576 0.533000
203726 0.534000
203847 0.535000
203900 0.536000
203939 0.537000
204046 0.538000
204195 0.539000
204199 0.540000
204237 0.541000
204335 0.542000
204348 0.543000
204402 0.544000
204404 0.545000
204494 0.546000
204659 0.547000
204683 0.548000
204718 0.549000
204738 0.550000
204754 0.551000
204846 0.552000
204893 0.553000
204910 0.554000
204955 0.555000
205118 0.556000
205253 0.557000
205337 0.558000
205432 0.559000
205435 0.560000
205622 0.561000
205637 0.562000
205669 0.563000
205675 0.564000
205683 0.565000
205802 0.566000
205808 0.567000
205907 0.568000
205954 0.569000
206030 0.570000
206185 0.571000
206217 0.572000
206352 0.573000
206383 0.574000
206522 0.575000
206597 0.576000
206637 0.577000
206679 0.578000
206737 0.579000
206854 0.580000
206990 0.581000
207017 0.582000
207048 0.583000
207115 0.584000
207198 0.585000
207355 0.586000
207458 0.587000
207562 0.588000
207574 0.589000
207693 0.590000
207749 0.591000
207789 0.592000
207811 0.593000
207813 0.594000
207846 0.595000
207927 0.596000
207941 0.597000
207948 0.598000
207950 0.599000
207982 0.600000
207997 0.601000
208037 0.602000
208077 0.603000
208079 0.604000
208146 0.605000
208156 0.606000
208229 0.607000
208237 0.608000
208256 0.609000
208384 0.610000
208405 0.611000
208444 0.612000
208459 0.613000
208616 0.614000
208696 0.615000
208731 0.616000
208745 0.617000
208803 0.618000
208806 0.619000
208819 0.620000
208898 0.621000
208941 0.622000
209010 0.623000
209097 0.624000
209146 0.625000
209191 0.626000
209224 0.627000
209352 0.628000
209371 0.629000
209484 0.630000
209624 0.631000
209686 0.632000
209818 0.633000
210008 0.634000
210064 0.635000
210067 0.636000
210068 0.637000
210074 0.638000
210093 0.639000
210109 0.640000
210164 0.641000
210464 0.642000
210659 0.643000
210687 0.644000
210728 0.645000
210791 0.646000
210854 0.647000
210908 0.648000
210977 0.649000
211005 0.650000
211108 0.651000
211391 0.652000
211531 0.653000
211580 0.654000
211582 0.655000
211653 0.656000
211708 0.657000
211725 0.658000
211733 0.659000
211761 0.660000
211810 0.661000
211815 0.662000
211858 0.663000
211932 0.664000
211944 0.665000
212030 0.666000
212041 0.667000
212179 0.668000
212234 0.669000
212363 0.670000
212376 0.671000
212383 0.672000
212443 0.673000
212466 0.674000
212527 0.675000
212542 0.676000
212581 0.677000
212689 0.678000
212709 0.679000
212784 0.680000
212805 0.681000
212849 0.682000
212875 0.683000
212931 0.684000
213057 0.685000
213281 0.686000
213446 0.687000
213509 0.688000
213523 0.689000
213536 0.690000
213553 0.691000
213592 0.692000
213635 0.693000
213756 0.694000
213867 0.695000
213932 0.696000
214004 0.697000
214024 0.698000
214097 0.699000
214212 0.700000
214278 0.701000
214301 0.702000
214352 0.703000
214389 0.704000
214417 0.705000
214423 0.706000
214453 0.707000
214490 0.708000
214581 0.709000
214591 0.710000
214640 0.711000
214734 0.712000
214757 0.713000
214765 0.714000
214909 0.715000
215005 0.716000
215015 0.717000
215039 0.718000
215043 0.719000
215051 0.720000
215138 0.721000
215165 0.722000
215194 0.723000
215226 0.724000
215336 0.725000
215445 0.726000
215464 0.727000
215519 0.728000
215530 0.729000
215625 0.730000
215679 0.731000
215751 0.732000
215853 0.733000
215886 0.734000
216051 0.735000
216098 0.736000
216102 0.737000
216269 0.738000
216329 0.739000
216374 0.740000
216426 0.741000
216435 0.742000
216488 0.743000
216583 0.744000
216718 0.745000
216740 0.746000
216804 0.747000
216885 0.748000
217000 0.749000
217017 0.750000
217091 0.751000
217229 0.752000
217328 0.753000
217452 0.754000
217479 0.755000
217625 0.756000
217697 0.757000
217729 0.758000
217865 0.759000
217904 0.760000
217985 0.761000
218239 0.762000
218325 0.763000
218338 0.764000
218508 0.765000
218591 0.766000
218624 0.767000
218652 0.768000
218728 0.769000
218773 0.770000
218774 0.771000
218941 0.772000
218961 0.773000
218981 0.774000
219536 0.775000
219546 0.776000
219550 0.777000
219653 0.778000
219769 0.779000
219844 0.780000
219922 0.781000
220032 0.782000
220046 0.783000
220268 0.784000
220414 0.785000
220416 0.786000
220561 0.787000
220629 0.788000
220669 0.789000
220703 0.790000
220774 0.791000
220828 0.792000
220879 0.793000
220913 0.794000
220959 0.795000
221060 0.796000
221068 0.797000
221231 0.798000
221287 0.799000
221304 0.800000
221781 0.801000
221872 0.802000
221901 0.803000
222144 0.804000
222218 0.805000
222273 0.806000
222366 0.807000
222453 0.808000
222705 0.809000
222776 0.810000
222796 0.811000
222829 0.812000
222910 0.813000
223026 0.814000
223283 0.815000
223438 0.816000
223443 0.817000
223479 0.818000
223532 0.819000
223541 0.820000
223546 0.821000
223584 0.822000
223593 0.823000
223600 0.824000
223790 0.825000
223950 0.827000
224078 0.828000
224191 0.829000
224217 0.830000
224314 0.831000
224423 0.832000
224427 0.833000
224575 0.834000
224597 0.835000
224697 0.836000
224811 0.837000
224891 0.838000
224906 0.839000
224919 0.840000
224989 0.841000
225131 0.842000
225153 0.843000
225398 0.844000
225443 0.845000
225591 0.846000
225631 0.847000
225638 0.848000
225783 0.849000
225850 0.850000
225870 0.851000
225881 0.852000
226049 0.853000
226077 0.854000
226373 0.855000
226543 0.856000
226620 0.857000
226687 0.858000
226903 0.859000
226975 0.860000
227011 0.861000
227041 0.862000
227327 0.863000
227410 0.864000
227438 0.865000
227566 0.866000
227610 0.867000
227711 0.868000
227749 0.869000
227826 0.870000
227949 0.871000
227956 0.872000
228020 0.873000
228044 0.874000
228053 0.875000
228144 0.876000
228179 0.877000
228219 0.878000
228353 0.879000
228432 0.880000
228484 0.881000
228503 0.882000
228511 0.883000
228565 0.884000
228689 0.885000
228819 0.886000
228978 0.887000
229550 0.888000
229688 0.889000
229793 0.890000
229851 0.891000
229946 0.892000
230083 0.893000
230139 0.894000
230691 0.895000
230755 0.896000
231092 0.897000
231096 0.898000
231348 0.899000
231409 0.900000
231481 0.901000
231566 0.902000
231567 0.903000
232033 0.904000
232166 0.905000
232241 0.906000
232270 0.907000
232495 0.908000
232580 0.909000
232723 0.910000
232948 0.911000
232953 0.912000
232998 0.913000
233498 0.914000
233702 0.915000
233962 0.916000
234800 0.917000
234948 0.918000
235037 0.919000
235253 0.920000
235502 0.921000
235503 0.922000
235575 0.923000
235881 0.924000
235999 0.925000
236024 0.926000
236144 0.927000
236208 0.928000
236250 0.929000
236369 0.930000
236791 0.931000
236984 0.932000
237409 0.933000
237529 0.934000
237916 0.935000
237935 0.936000
238985 0.937000
239276 0.938000
239293 0.939000
239399 0.940000
239728 0.941000
239838 0.942000
239962 0.943000
240059 0.944000
240098 0.945000
240264 0.946000
240381 0.947000
240699 0.948000
240958 0.949000
241818 0.950000
241965 0.951000
242045 0.952000
242399 0.953000
242488 0.954000
242511 0.955000
242769 0.956000
243330 0.957000
243545 0.958000
243618 0.959000
243794 0.960000
244605 0.961000
244626 0.962000
244874 0.963000
245207 0.964000
246046 0.965000
246229 0.966000
246469 0.967000
246709 0.968000
247941 0.969000
248030 0.970000
249242 0.971000
249392 0.972000
249574 0.973000
249912 0.974000
250841 0.975000
250992 0.976000
251871 0.977000
252157 0.978000
252604 0.979000
252821 0.980000
253155 0.981000
253212 0.982000
253485 0.983000
255123 0.984000
255777 0.985000
255828 0.986000
256531 0.987000
260947 0.988000
261881 0.989000
262047 0.990000
262994 0.991000
271743 0.992000
273227 0.993000
275791 0.994000
276258 0.995000
276482 0.996000
285137 0.997000
290897 0.998000
291838 0.999000
294321 1.000000


95 0.000000
95 0.004000
96 0.006000
97 0.009000
98 0.012000
99 0.014000
100 0.020000
101 0.025000
102 0.031000
103 0.035000
104 0.046000
105 0.051000
106 0.057000
107 0.068000
108 0.082000
109 0.099000
110 0.115000
111 0.131000
112 0.148000
113 0.172000
114 0.206000
115 0.231000
116 0.261000
117 0.290000
118 0.313000
119 0.334000
120 0.360000
121 0.390000
122 0.417000
123 0.441000
124 0.465000
125 0.486000
126 0.509000
127 0.526000
128 0.553000
129 0.575000
130 0.595000
131 0.613000
132 0.636000
133 0.654000
134 0.676000
135 0.694000
136 0.714000
137 0.727000
138 0.741000
139 0.759000
140 0.766000
141 0.775000
142 0.793000
143 0.806000
144 0.821000
145 0.830000
146 0.844000
147 0.856000
148 0.865000
149 0.876000
150 0.886000
151 0.896000
152 0.904000
153 0.912000
154 0.920000
155 0.927000
156 0.932000
157 0.939000
158 0.941000
159 0.947000
160 0.948000
161 0.955000
162 0.958000
163 0.960000
164 0.963000
165 0.965000
166 0.966000
167 0.972000
168 0.974000
169 0.976000
170 0.978000
172 0.982000
174 0.983000
175 0.984000
178 0.985000
180 0.987000
183 0.988000
188 0.989000
191 0.991000
193 0.993000
197 0.994000
199 0.995000
201 0.996000
204 0.997000
211 0.998000
212 0.999000
213 1.000000


