488184 0.000000
488184 0.001000
609466 0.002000
647122 0.003000
678258 0.004000
702465 0.005000
704982 0.006000
764306 0.007000
784539 0.008000
792056 0.009000
823024 0.010000
827268 0.011000
844667 0.012000
850999 0.013000
857284 0.014000
874670 0.015000
882414 0.016000
888765 0.017000
893012 0.018000
894586 0.019000
899792 0.020000
908040 0.021000
920247 0.022000
923379 0.023000
925406 0.024000
938585 0.025000
949042 0.026000
959721 0.027000
975272 0.028000
989057 0.029000
994335 0.030000
998412 0.031000
1005619 0.032000
1006467 0.033000
1007808 0.034000
1008519 0.035000
1024353 0.036000
1031072 0.037000
1055206 0.038000
1056056 0.039000
1056200 0.040000
1072242 0.041000
1075962 0.042000
1092016 0.043000
1094320 0.044000
1105217 0.045000
1108450 0.046000
1109534 0.047000
1118093 0.048000
1125049 0.049000
1126538 0.050000
1130500 0.051000
1137708 0.052000
1141140 0.053000
1141927 0.054000
1148270 0.055000
1149707 0.056000
1152168 0.057000
1153891 0.058000
1155876 0.059000
1166043 0.060000
1168900 0.061000
1175861 0.062000
1177863 0.063000
1178328 0.064000
1179329 0.065000
1179791 0.066000
1180528 0.067000
1184622 0.068000
1186540 0.069000
1188188 0.070000
1191987 0.071000
1192287 0.072000
1192321 0.073000
1194882 0.074000
1195626 0.075000
1197506 0.076000
1197679 0.077000
1199194 0.078000
1203987 0.079000
1206125 0.080000
1206832 0.081000
1213087 0.082000
1213234 0.083000
1213802 0.084000
1225061 0.085000
1225177 0.086000
1226354 0.087000
1227658 0.088000
1227799 0.089000
1228320 0.090000
1228486 0.091000
1228801 0.092000
1229868 0.093000
1230423 0.094000
1234717 0.095000
1235344 0.096000
1236332 0.097000
1237558 0.098000
1242524 0.099000
1246870 0.100000
1247037 0.101000
1248391 0.102000
1248662 0.103000
1249688 0.104000
1250090 0.105000
1250884 0.106000
1251576 0.107000
1251589 0.108000
1251745 0.109000
1251970 0.110000
1252438 0.111000
1252617 0.112000
1252744 0.113000
1253793 0.114000
1254439 0.115000
1255044 0.116000
1255235 0.117000
1255276 0.118000
1255797 0.119000
1255948 0.120000
1256685 0.121000
1260083 0.122000
1262004 0.123000
1262102 0.124000
1262244 0.125000
1262622 0.126000
1263759 0.127000
1264312 0.128000
1266402 0.129000
1266773 0.130000
1266877 0.131000
1267063 0.132000
1267377 0.133000
1268297 0.134000
1268644 0.135000
1269042 0.136000
1269061 0.137000
1271073 0.138000
1272686 0.139000
1272802 0.140000
1273373 0.141000
1273899 0.142000
1274083 0.143000
1274513 0.144000
1274630 0.145000
1274693 0.146000
1275110 0.147000
1277468 0.148000
1277657 0.149000
1277778 0.150000
1278936 0.151000
1280700 0.152000
1281026 0.153000
1282194 0.154000
1282484 0.155000
1282522 0.156000
1283112 0.157000
1283547 0.158000
1283616 0.159000
1283942 0.160000
1284105 0.161000
1285634 0.162000
1285860 0.163000
1286073 0.164000
1286292 0.165000
1287609 0.166000
1287643 0.167000
1288558 0.168000
1288788 0.169000
1288828 0.170000
1289008 0.171000
1289591 0.172000
1289685 0.173000
1290277 0.174000
1290507 0.175000
1291085 0.176000
1291305 0.177000
1292484 0.178000
1292530 0.179000
1293557 0.180000
1294118 0.181000
1294322 0.182000
1294854 0.183000
1295002 0.184000
1295683 0.185000
1295979 0.186000
1297378 0.187000
1297821 0.188000
1298336 0.189000
1299267 0.190000
1299707 0.191000
1300443 0.192000
1301033 0.193000
1301151 0.194000
1301367 0.195000
1301416 0.196000
1301636 0.197000
1301918 0.198000
1302061 0.199000
1302280 0.200000
1302601 0.201000
1303032 0.202000
1303311 0.203000
1303474 0.204000
1303519 0.205000
1303737 0.206000
1304146 0.207000
1304366 0.208000
1304796 0.209000
1304952 0.210000
1305637 0.211000
1305846 0.212000
1306430 0.213000
1306783 0.214000
1307772 0.215000
1307804 0.216000
1307967 0.217000
1308124 0.218000
1308869 0.219000
1309457 0.220000
1309681 0.221000
1309891 0.222000
1310671 0.223000
1310817 0.224000
1311115 0.225000
1311736 0.226000
1312112 0.227000
1312490 0.228000
1312548 0.229000
1313029 0.230000
1313400 0.231000
1313666 0.232000
1313778 0.233000
1313887 0.234000
1314268 0.235000
1314296 0.236000
1314391 0.237000
1314965 0.238000
1315867 0.239000
1315915 0.240000
1316500 0.241000
1316989 0.242000
1317311 0.243000
1317470 0.244000
1317836 0.245000
1318023 0.246000
1318467 0.247000
1318656 0.248000
1319192 0.249000
1319658 0.250000
1319872 0.251000
1319905 0.252000
1320503 0.253000
1321680 0.254000
1321976 0.255000
1321988 0.256000
1322067 0.257000
1322251 0.258000
1322318 0.259000
1323371 0.260000
1323468 0.261000
1324054 0.262000
1324727 0.263000
1325630 0.264000
1326205 0.265000
1326231 0.266000
1326900 0.267000
1327663 0.268000
1327697 0.269000
1327773 0.270000
1327922 0.271000
1328423 0.272000
1328971 0.273000
1328993 0.274000
1329134 0.275000
1330374 0.276000
1330558 0.277000
1330561 0.278000
1330942 0.279000
1331944 0.280000
1332333 0.281000
1332951 0.282000
1333083 0.283000
1333260 0.284000
1333327 0.285000
1333356 0.286000
1333705 0.287000
1333736 0.288000
1334748 0.289000
1334845 0.290000
1335418 0.291000
1335489 0.292000
1335695 0.293000
1335909 0.294000
1336051 0.295000
1336116 0.296000
1336287 0.297000
1337032 0.298000
1338135 0.299000
1338292 0.300000
1338335 0.301000
1338403 0.302000
1340363 0.303000
1340865 0.304000
1341149 0.305000
1341288 0.306000
1341510 0.307000
1341538 0.308000
1342111 0.309000
1342127 0.310000
1342319 0.311000
1342361 0.312000
1342627 0.313000
1343445 0.314000
1343730 0.315000
1344248 0.316000
1344984 0.317000
1345193 0.318000
1345197 0.319000
1345244 0.320000
1345411 0.321000
1345442 0.322000
1346108 0.323000
1346220 0.324000
1346769 0.325000
1346842 0.326000
1347491 0.327000
1347554 0.328000
1347584 0.329000
1347630 0.330000
1347714 0.331000
1347799 0.332000
1347967 0.333000
1348210 0.334000
1348567 0.335000
1348932 0.336000
1349059 0.337000
1349202 0.338000
1349552 0.339000
1349601 0.340000
1349916 0.341000
1349945 0.342000
1349979 0.343000
1350011 0.344000
1350382 0.345000
1351346 0.346000
1351518 0.347000
1351699 0.348000
1352092 0.349000
1352108 0.350000
1352158 0.351000
1352343 0.352000
1352463 0.353000
1353301 0.354000
1353981 0.355000
1354538 0.356000
1354605 0.357000
1354704 0.358000
1355267 0.359000
1355905 0.360000
1355937 0.361000
1356428 0.362000
1356778 0.363000
1357076 0.364000
1357479 0.365000
1357707 0.366000
1357881 0.367000
1357953 0.368000
1358047 0.369000
1358060 0.370000
1358293 0.371000
1358696 0.372000
1358763 0.373000
1358845 0.374000
1358913 0.375000
1359130 0.376000
1359290 0.377000
1359625 0.378000
1359754 0.379000
1359889 0.380000
1360878 0.381000
1361465 0.382000
1362362 0.383000
1363570 0.384000
1363966 0.385000
1364074 0.386000
1364402 0.387000
1364457 0.388000
1364619 0.389000
1364643 0.390000
1364888 0.391000
1364920 0.392000
1365618 0.393000
1365754 0.394000
1366074 0.395000
1366396 0.396000
1366491 0.397000
1366537 0.398000
1366714 0.399000
1367034 0.400000
1367112 0.401000
1367898 0.402000
1368006 0.403000
1368850 0.404000
1369055 0.405000
1369174 0.406000
1369338 0.407000
1369453 0.408000
1369910 0.409000
1370568 0.410000
1371124 0.411000
1371647 0.412000
1372143 0.413000
1372183 0.414000
1372331 0.415000
1372469 0.416000
1372808 0.417000
1372954 0.418000
1373033 0.419000
1373279 0.420000
1373769 0.421000
1373862 0.422000
1374048 0.423000
1374313 0.424000
1374528 0.425000
1374626 0.426000
1374627 0.427000
1374733 0.428000
1375052 0.429000
1375832 0.430000
1376185 0.431000
1376355 0.432000
1377816 0.433000
1377926 0.434000
1378128 0.435000
1378336 0.436000
1378389 0.437000
1378876 0.438000
1379155 0.439000
1380207 0.440000
1380277 0.441000
1380297 0.442000
1381151 0.443000
1381181 0.444000
1381485 0.445000
1381557 0.446000
1382533 0.447000
1382642 0.448000
1382705 0.449000
1382723 0.450000
1382757 0.451000
1383143 0.452000
1383447 0.453000
1383906 0.454000
1384114 0.455000
1384169 0.456000
1384277 0.457000
1384491 0.458000
1384644 0.459000
1385015 0.460000
1385291 0.461000
1385400 0.462000
1385702 0.463000
1385811 0.464000
1386153 0.465000
1386160 0.466000
1386409 0.467000
1386639 0.468000
1387130 0.469000
1388342 0.470000
1388606 0.471000
1388891 0.472000
1389303 0.473000
1389919 0.474000
1390310 0.475000
1390788 0.476000
1391009 0.477000
1391031 0.478000
1391043 0.479000
1391329 0.480000
1391383 0.481000
1391536 0.482000
1391639 0.483000
1391807 0.484000
1392314 0.485000
1393260 0.486000
1394059 0.487000
1394506 0.488000
1394529 0.489000
1394551 0.490000
1394599 0.491000
1394907 0.492000
1395259 0.493000
1395428 0.494000
1395506 0.495000
1395551 0.496000
1395790 0.497000
1396038 0.498000
1396162 0.499000
1396708 0.500000
1396847 0.501000
1396853 0.502000
1396962 0.503000
1396989 0.504000
1397174 0.505000
1397230 0.506000
1397295 0.507000
1397342 0.508000
1397357 0.509000
1397390 0.510000
1397448 0.511000
1397812 0.512000
1397873 0.513000
1397963 0.514000
1398285 0.515000
1398292 0.516000
1398676 0.517000
1399036 0.518000
1399123 0.519000
1399144 0.520000
1399336 0.521000
1399604 0.522000
1399980 0.523000
1401206 0.524000
1401255 0.525000
1401781 0.526000
1401883 0.527000
1402154 0.528000
1402171 0.529000
1402242 0.530000
1402544 0.531000
1402602 0.532000
1403574 0.533000
1403683 0.534000
1403726 0.535000
1404055 0.536000
1404127 0.537000
1404389 0.538000
1404660 0.539000
1404754 0.540000
1405945 0.541000
1406158 0.542000
1406248 0.543000
1406744 0.544000
1407109 0.545000
1407511 0.546000
1407841 0.547000
1408122 0.548000
1408438 0.549000
1408490 0.550000
1408550 0.551000
1408746 0.552000
1409347 0.553000
1409460 0.554000
1409678 0.555000
1409852 0.556000
1410309 0.557000
1410362 0.558000
1410413 0.559000
1410794 0.560000
1410963 0.561000
1412645 0.562000
1412781 0.563000
1413102 0.564000
1413638 0.565000
1413714 0.567000
1413931 0.568000
1414513 0.569000
1414540 0.570000
1414588 0.571000
1414873 0.572000
1415128 0.573000
1415523 0.574000
1415801 0.575000
1415874 0.576000
1415990 0.577000
1416334 0.578000
1417784 0.579000
1418136 0.580000
1418178 0.581000
1418358 0.582000
1418656 0.583000
1418967 0.584000
1419040 0.585000
1419055 0.586000
1419487 0.587000
1419557 0.588000
1419608 0.589000
1419666 0.590000
1420655 0.591000
1421540 0.592000
1421734 0.593000
1421865 0.594000
1422106 0.595000
1422286 0.596000
1422496 0.597000
1422557 0.598000
1422839 0.599000
1422886 0.600000
1423081 0.601000
1423253 0.602000
1423360 0.603000
1423670 0.604000
1423766 0.605000
1424101 0.606000
1424700 0.607000
1425031 0.608000
1425280 0.609000
1425957 0.610000
1426816 0.611000
1426844 0.612000
1427115 0.613000
1427224 0.614000
1427576 0.615000
1427865 0.616000
1427950 0.617000
1428040 0.618000
1429585 0.619000
1429870 0.620000
1430119 0.621000
1430695 0.622000
1430763 0.623000
1430901 0.624000
1431099 0.625000
1431609 0.626000
1431698 0.627000
1431843 0.628000
1432367 0.629000
1432518 0.630000
1432567 0.631000
1432597 0.632000
1432646 0.633000
1433162 0.634000
1433276 0.635000
1433394 0.636000
1433735 0.637000
1433959 0.638000
1434127 0.639000
1434529 0.640000
1434684 0.641000
1434695 0.642000
1434870 0.643000
1434930 0.644000
1435252 0.645000
1435629 0.646000
1436087 0.647000
1436427 0.648000
1436801 0.649000
1436856 0.650000
1437056 0.651000
1437375 0.652000
1437417 0.653000
1437642 0.654000
1437721 0.655000
1437877 0.656000
1438073 0.657000
1438185 0.658000
1438491 0.659000
1439097 0.660000
1439487 0.661000
1439904 0.662000
1439957 0.663000
1440144 0.664000
1440385 0.665000
1440399 0.666000
1440573 0.667000
1440584 0.668000
1440588 0.669000
1440919 0.670000
1441007 0.671000
1441201 0.672000
1442527 0.673000
1442729 0.674000
1443210 0.675000
1443230 0.676000
1443880 0.677000
1443959 0.678000
1444180 0.679000
1444218 0.680000
1445104 0.681000
1445613 0.682000
1445859 0.683000
1445866 0.684000
1445909 0.685000
1446140 0.686000
1446316 0.687000
1446326 0.688000
1446532 0.689000
1447068 0.690000
1447994 0.691000
1448058 0.692000
1448678 0.693000
1448680 0.694000
1448896 0.695000
1449248 0.696000
1450290 0.697000
1450998 0.698000
1451127 0.699000
1451399 0.700000
1451901 0.701000
1452189 0.702000
1452678 0.703000
1452812 0.704000
1453081 0.705000
1453314 0.706000
1453344 0.707000
1453697 0.708000
1453771 0.709000
1453807 0.710000
1455368 0.711000
1455569 0.712000
1455720 0.713000
1456131 0.714000
1456489 0.715000
1456597 0.716000
1457066 0.717000
1457143 0.718000
1458415 0.719000
1458479 0.720000
1459141 0.721000
1459303 0.722000
1459311 0.723000
1459808 0.724000
1460449 0.725000
1460620 0.726000
1460861 0.727000
1461164 0.728000
1461296 0.729000
1461324 0.730000
1461457 0.731000
1461580 0.732000
1461583 0.733000
1461658 0.734000
1461678 0.735000
1461701 0.736000
1462011 0.737000
1462700 0.738000
1462723 0.739000
1462939 0.740000
1462954 0.741000
1462982 0.742000
1463223 0.743000
1463731 0.744000
1464738 0.745000
1465198 0.746000
1465486 0.747000
1465837 0.748000
1466140 0.749000
1466303 0.750000
1466508 0.751000
1467269 0.752000
1467285 0.753000
1467337 0.754000
1467664 0.755000
1467997 0.756000
1468453 0.757000
1468734 0.758000
1468774 0.759000
1469076 0.760000
1469263 0.761000
1469283 0.762000
1469451 0.763000
1469493 0.764000
1470361 0.765000
1471368 0.766000
1471490 0.767000
1471741 0.768000
1471814 0.769000
1472563 0.770000
1472704 0.771000
1473190 0.772000
1473546 0.773000
1473996 0.774000
1474281 0.775000
1474495 0.776000
1474559 0.777000
1474727 0.778000
1475897 0.779000
1475976 0.780000
1476150 0.781000
1476182 0.782000
1476402 0.783000
1477111 0.784000
1477661 0.785000
1478355 0.786000
1478911 0.787000
1479268 0.788000
1479315 0.789000
1479416 0.790000
1479852 0.791000
1479975 0.792000
1480221 0.793000
1481150 0.794000
1481441 0.795000
1481446 0.796000
1481692 0.797000
1481854 0.798000
1482265 0.799000
1482698 0.800000
1483004 0.801000
1483678 0.802000
1484488 0.803000
1484569 0.804000
1484580 0.805000
1484588 0.806000
1484686 0.807000
1484913 0.808000
1485178 0.809000
1485509 0.810000
1485618 0.811000
1485930 0.812000
1486788 0.813000
1486951 0.814000
1487579 0.815000
1487979 0.816000
1488464 0.817000
1488528 0.818000
1489963 0.819000
1490642 0.820000
1490904 0.821000
1491963 0.822000
1492706 0.823000
1494883 0.824000
1495228 0.825000
1495409 0.826000
1495568 0.827000
1495863 0.828000
1497832 0.829000
1497994 0.830000
1498028 0.831000
1498094 0.832000
1498362 0.833000
1498445 0.834000
1498475 0.835000
1498769 0.836000
1499320 0.837000
1500346 0.838000
1500501 0.839000
1500943 0.840000
1501378 0.841000
1501405 0.842000
1501545 0.843000
1501936 0.844000
1503082 0.845000
1503586 0.846000
1504723 0.847000
1505083 0.848000
1505325 0.849000
1505622 0.850000
1505824 0.851000
1506673 0.852000
1507293 0.853000
1507874 0.854000
1507919 0.855000
1507959 0.856000
1508153 0.857000
1509114 0.858000
1509170 0.859000
1509547 0.860000
1510208 0.861000
1510411 0.862000
1510525 0.863000
1510646 0.864000
1510937 0.865000
1510979 0.866000
1510999 0.867000
1511165 0.868000
1511199 0.869000
1511353 0.870000
1511588 0.871000
1511954 0.872000
1511981 0.873000
1512244 0.874000
1512638 0.875000
1512867 0.876000
1513390 0.877000
1513396 0.878000
1513732 0.879000
1514097 0.880000
1514875 0.881000
1517420 0.882000
1517486 0.883000
1517823 0.884000
1517919 0.885000
1518106 0.886000
1519827 0.887000
1519925 0.888000
1521195 0.889000
1521264 0.890000
1522376 0.891000
1522708 0.892000
1523148 0.893000
1523471 0.894000
1523791 0.895000
1523802 0.896000
1523845 0.897000
1523883 0.898000
1523901 0.899000
1523909 0.900000
1523938 0.901000
1524583 0.902000
1525299 0.903000
1527853 0.904000
1528018 0.905000
1528137 0.906000
1528255 0.907000
1528727 0.908000
1528786 0.909000
1528961 0.910000
1530631 0.911000
1531065 0.912000
1531781 0.913000
1531987 0.914000
1533437 0.915000
1533864 0.916000
1534164 0.917000
1535901 0.918000
1535926 0.919000
1537139 0.920000
1538200 0.921000
1540522 0.922000
1541675 0.923000
1541982 0.924000
1542472 0.925000
1542690 0.926000
1544286 0.927000
1545604 0.928000
1546849 0.929000
1548004 0.930000
1548198 0.931000
1548904 0.932000
1548954 0.933000
1549152 0.934000
1550531 0.935000
1551204 0.936000
1552212 0.937000
1552324 0.938000
1552425 0.939000
1553934 0.940000
1554610 0.941000
1555883 0.942000
1555941 0.943000
1556403 0.944000
1556616 0.945000
1558108 0.946000
1558155 0.947000
1559100 0.948000
1560009 0.949000
1560205 0.950000
1560213 0.951000
1561285 0.952000
1561710 0.953000
1561865 0.954000
1562035 0.955000
1562678 0.956000
1563847 0.957000
1563970 0.958000
1564013 0.959000
1564129 0.960000
1565650 0.961000
1566922 0.962000
1568097 0.963000
1570606 0.964000
1572409 0.965000
1572875 0.966000
1573953 0.967000
1573979 0.968000
1574086 0.969000
1575142 0.970000
1576779 0.971000
1578764 0.972000
1579450 0.973000
1579929 0.974000
1581387 0.975000
1582057 0.976000
1584151 0.977000
1585521 0.978000
1587486 0.979000
1589228 0.980000
1592783 0.981000
1594575 0.982000
1595477 0.983000
1595993 0.984000
1597268 0.985000
1605342 0.986000
1607396 0.987000
1608115 0.988000
1608508 0.989000
1609357 0.990000
1612240 0.991000
1620770 0.992000
1621792 0.993000
1623508 0.994000
1625259 0.995000
1635769 0.996000
1642652 0.997000
1642930 0.998000
1650822 0.999000
1695243 1.000000


