131702 0.000000
131702 0.001000
196121 0.002000
231777 0.003000
250962 0.004000
267177 0.005000
290280 0.006000
304178 0.007000
309815 0.008000
316380 0.009000
321999 0.010000
329396 0.011000
337092 0.012000
339486 0.013000
340676 0.014000
343240 0.015000
343330 0.016000
344457 0.017000
346085 0.018000
348585 0.019000
349129 0.020000
349133 0.021000
350951 0.022000
352588 0.023000
352836 0.024000
355301 0.025000
358849 0.026000
359435 0.027000
362240 0.028000
362825 0.029000
363876 0.030000
365640 0.031000
368005 0.032000
368724 0.033000
369222 0.034000
370187 0.035000
371639 0.036000
372654 0.037000
378323 0.038000
379946 0.039000
381773 0.040000
381847 0.041000
384326 0.042000
384916 0.043000
385153 0.044000
385157 0.045000
385994 0.046000
386030 0.047000
387876 0.048000
391084 0.049000
393209 0.050000
395866 0.051000
396963 0.052000
397980 0.053000
399693 0.054000
399758 0.055000
400735 0.056000
402264 0.057000
402716 0.058000
403902 0.059000
404608 0.060000
405718 0.061000
406168 0.062000
406401 0.063000
406816 0.064000
407367 0.065000
407831 0.066000
408125 0.067000
408432 0.068000
409488 0.069000
410520 0.070000
411104 0.071000
412186 0.072000
412429 0.073000
412574 0.074000
412879 0.075000
413010 0.076000
413153 0.077000
414859 0.078000
415075 0.079000
415447 0.080000
415887 0.081000
416363 0.082000
417459 0.083000
418392 0.084000
419746 0.085000
420022 0.086000
421500 0.087000
421969 0.088000
422124 0.089000
422286 0.090000
423110 0.091000
423810 0.092000
423896 0.093000
424053 0.094000
424137 0.095000
424319 0.096000
425206 0.097000
425326 0.098000
425527 0.099000
425568 0.100000
425688 0.101000
426341 0.102000
426855 0.103000
426863 0.104000
427763 0.105000
427849 0.106000
428369 0.107000
428387 0.108000
428738 0.109000
428857 0.110000
429753 0.111000
429950 0.112000
429975 0.113000
430929 0.115000
431467 0.116000
431940 0.117000
432086 0.118000
432097 0.119000
432237 0.120000
432442 0.121000
432450 0.122000
432498 0.123000
432563 0.124000
433196 0.125000
433291 0.126000
433467 0.127000
434201 0.128000
434262 0.129000
434556 0.130000
434699 0.131000
434913 0.132000
434942 0.133000
436034 0.134000
436579 0.135000
437202 0.136000
437277 0.137000
437553 0.138000
437643 0.139000
438268 0.140000
438681 0.141000
438726 0.142000
440449 0.143000
440714 0.144000
440747 0.145000
441157 0.146000
441196 0.147000
441515 0.148000
442130 0.149000
442220 0.150000
442236 0.151000
442333 0.152000
442816 0.153000
442863 0.154000
443362 0.155000
443616 0.156000
443625 0.157000
443682 0.158000
444166 0.159000
444316 0.160000
444772 0.161000
444824 0.162000
444949 0.163000
445150 0.164000
445228 0.165000
445267 0.166000
445608 0.167000
445808 0.168000
446536 0.169000
446825 0.170000
447152 0.171000
447184 0.172000
447377 0.173000
447397 0.174000
447662 0.175000
447765 0.176000
448200 0.177000
448345 0.178000
450048 0.179000
450364 0.180000
450844 0.181000
450859 0.182000
451082 0.183000
451099 0.184000
451304 0.185000
451310 0.186000
451373 0.187000
451678 0.188000
451697 0.189000
451777 0.190000
451920 0.191000
451943 0.192000
451988 0.193000
452030 0.194000
452211 0.195000
452418 0.196000
452551 0.197000
452763 0.198000
452795 0.199000
453169 0.200000
453778 0.201000
454172 0.202000
454523 0.203000
454944 0.204000
455362 0.205000
455779 0.206000
455843 0.207000
456045 0.208000
456066 0.209000
456483 0.210000
456498 0.211000
456699 0.212000
457142 0.213000
457226 0.214000
458095 0.215000
458296 0.216000
458720 0.217000
458851 0.218000
458888 0.219000
459299 0.220000
459357 0.221000
459376 0.222000
459586 0.223000
459774 0.224000
460086 0.225000
460090 0.226000
460105 0.227000
460248 0.228000
460313 0.229000
460570 0.230000
460638 0.231000
461370 0.232000
461620 0.233000
461683 0.234000
461702 0.235000
461770 0.236000
462464 0.237000
462466 0.238000
462927 0.239000
463139 0.240000
463209 0.241000
463245 0.242000
463444 0.243000
463479 0.244000
463604 0.245000
463832 0.246000
463855 0.247000
463878 0.248000
464097 0.249000
464136 0.250000
464209 0.251000
464443 0.252000
464646 0.253000
464894 0.254000
465226 0.255000
465392 0.256000
465449 0.257000
465481 0.258000
465593 0.259000
465599 0.260000
465670 0.261000
465700 0.262000
465935 0.263000
465966 0.264000
466331 0.265000
466370 0.266000
466547 0.267000
466550 0.268000
466582 0.269000
466697 0.270000
466855 0.271000
467176 0.272000
467999 0.273000
468064 0.274000
468125 0.275000
468130 0.276000
468198 0.277000
468473 0.278000
468697 0.279000
468698 0.280000
468740 0.281000
469034 0.282000
470603 0.283000
470759 0.284000
470760 0.285000
470851 0.286000
471015 0.287000
471163 0.288000
471176 0.289000
471208 0.290000
471353 0.291000
471529 0.292000
471636 0.293000
471667 0.294000
471670 0.295000
471763 0.296000
471875 0.297000
472033 0.298000
472139 0.299000
472261 0.300000
472299 0.301000
472352 0.302000
472432 0.303000
472440 0.304000
472514 0.305000
472556 0.306000
472587 0.307000
472725 0.308000
472977 0.309000
473224 0.310000
473386 0.311000
473661 0.312000
473711 0.313000
474012 0.314000
474053 0.315000
474064 0.316000
474724 0.317000
475080 0.318000
475126 0.319000
475257 0.320000
475524 0.321000
475683 0.322000
475745 0.323000
475824 0.324000
476172 0.325000
476352 0.326000
476403 0.327000
476494 0.328000
476634 0.329000
476889 0.330000
477010 0.331000
477163 0.332000
477208 0.333000
477519 0.334000
477527 0.335000
477773 0.336000
479001 0.337000
479123 0.338000
479460 0.339000
479473 0.340000
479856 0.341000
479894 0.342000
480025 0.343000
480150 0.344000
480169 0.345000
480228 0.346000
480380 0.347000
480513 0.348000
480867 0.349000
480964 0.350000
481037 0.351000
481096 0.352000
481264 0.353000
481305 0.354000
481539 0.355000
481717 0.356000
481910 0.357000
482066 0.358000
482069 0.359000
482559 0.360000
482622 0.361000
482895 0.362000
482947 0.363000
483168 0.364000
483199 0.366000
483607 0.367000
483837 0.368000
483923 0.369000
484036 0.370000
484160 0.371000
484232 0.372000
484501 0.373000
484525 0.374000
484699 0.375000
484854 0.376000
484879 0.377000
484996 0.378000
485162 0.379000
485475 0.380000
485605 0.381000
485730 0.382000
485755 0.383000
485999 0.384000
486106 0.385000
486433 0.386000
486459 0.387000
486562 0.388000
486664 0.389000
486854 0.390000
487630 0.391000
487641 0.392000
487687 0.393000
487936 0.394000
487965 0.395000
488030 0.396000
488334 0.397000
488725 0.398000
488839 0.399000
489200 0.400000
489202 0.401000
489253 0.402000
489260 0.403000
489750 0.404000
489824 0.405000
489834 0.406000
489975 0.407000
490183 0.408000
490451 0.409000
490509 0.410000
490575 0.411000
491127 0.412000
491274 0.413000
491349 0.414000
491610 0.415000
491775 0.416000
491877 0.417000
492080 0.418000
492185 0.419000
492317 0.420000
492426 0.421000
492622 0.422000
492726 0.423000
492789 0.424000
492838 0.425000
492955 0.426000
493013 0.427000
493123 0.428000
493201 0.429000
493335 0.430000
493370 0.431000
493404 0.432000
493561 0.433000
493721 0.434000
494253 0.435000
494267 0.436000
494577 0.437000
494808 0.438000
494937 0.439000
495006 0.440000
495014 0.441000
495169 0.442000
495216 0.443000
495306 0.444000
495373 0.445000
495415 0.446000
495521 0.447000
495654 0.448000
495683 0.449000
495817 0.450000
495970 0.451000
495981 0.452000
496022 0.453000
496037 0.454000
496168 0.455000
496182 0.456000
496229 0.457000
496463 0.458000
496549 0.459000
496727 0.460000
496987 0.461000
497318 0.462000
497332 0.463000
497488 0.464000
497677 0.465000
497859 0.466000
498183 0.467000
498885 0.468000
498936 0.469000
499115 0.470000
499209 0.471000
499283 0.472000
499347 0.473000
499653 0.474000
499999 0.475000
500074 0.476000
500094 0.477000
500185 0.478000
500339 0.479000
500525 0.480000
500582 0.481000
500589 0.482000
500731 0.483000
501044 0.484000
501207 0.485000
501381 0.486000
501762 0.487000
501939 0.488000
502629 0.489000
502849 0.490000
502862 0.491000
503169 0.492000
503311 0.493000
503447 0.494000
503581 0.495000
503595 0.496000
503605 0.497000
503642 0.498000
504050 0.499000
504071 0.500000
504200 0.501000
504547 0.502000
504561 0.503000
504601 0.504000
504621 0.505000
504629 0.506000
504679 0.507000
504806 0.508000
504916 0.509000
504991 0.510000
505196 0.511000
505296 0.512000
505345 0.513000
505397 0.514000
505677 0.515000
505832 0.516000
506096 0.517000
506141 0.518000
506407 0.519000
506531 0.520000
506549 0.521000
507371 0.522000
507539 0.523000
507660 0.524000
507817 0.525000
507947 0.526000
507953 0.527000
508070 0.528000
508081 0.529000
508123 0.530000
508352 0.531000
508537 0.532000
508736 0.533000
509235 0.534000
509346 0.535000
509515 0.536000
509593 0.537000
509806 0.538000
509814 0.539000
509856 0.540000
509911 0.541000
510121 0.542000
510198 0.543000
510289 0.544000
510376 0.545000
510508 0.546000
510519 0.547000
511132 0.548000
511546 0.549000
511560 0.550000
511630 0.551000
511646 0.552000
511908 0.553000
511994 0.554000
512210 0.555000
512400 0.556000
512419 0.557000
512522 0.558000
512774 0.559000
512962 0.560000
513036 0.561000
513373 0.562000
513507 0.563000
513758 0.564000
513766 0.565000
514851 0.566000
514901 0.567000
514938 0.568000
515265 0.569000
515384 0.570000
515667 0.571000
515941 0.572000
516780 0.573000
517020 0.574000
517786 0.575000
517789 0.576000
518500 0.577000
518658 0.578000
518777 0.579000
518815 0.580000
519024 0.581000
519417 0.582000
519514 0.583000
519530 0.584000
519746 0.585000
519775 0.586000
519825 0.587000
519940 0.588000
519987 0.589000
520000 0.590000
520003 0.591000
520113 0.592000
520151 0.593000
520179 0.594000
520768 0.595000
520832 0.596000
520834 0.597000
520950 0.598000
521000 0.599000
522070 0.600000
522407 0.601000
522641 0.602000
522851 0.603000
522854 0.604000
523081 0.605000
523823 0.606000
524073 0.607000
524464 0.608000
525449 0.609000
526231 0.610000
526394 0.611000
526538 0.612000
526548 0.613000
526568 0.614000
526963 0.615000
527458 0.616000
527459 0.617000
527547 0.618000
527594 0.619000
527936 0.620000
527993 0.621000
528003 0.622000
528009 0.623000
528097 0.624000
528200 0.625000
528342 0.626000
528549 0.627000
528644 0.628000
528660 0.629000
529082 0.630000
529126 0.631000
529500 0.632000
529507 0.633000
529695 0.634000
530694 0.635000
530839 0.636000
531088 0.637000
531155 0.638000
531437 0.639000
531445 0.640000
531593 0.641000
532003 0.642000
532046 0.643000
532080 0.644000
532217 0.645000
532251 0.646000
532254 0.647000
532317 0.648000
532489 0.649000
532865 0.650000
533331 0.651000
533698 0.652000
533719 0.653000
533812 0.654000
533863 0.655000
534138 0.656000
534384 0.657000
534485 0.658000
534492 0.659000
534503 0.660000
534602 0.661000
534907 0.662000
534953 0.663000
535002 0.664000
535036 0.665000
535119 0.666000
535473 0.667000
535605 0.668000
535853 0.669000
535866 0.670000
535870 0.671000
536213 0.672000
536334 0.673000
536564 0.674000
536938 0.675000
537127 0.676000
537340 0.677000
537896 0.678000
538047 0.679000
538115 0.680000
538369 0.681000
538459 0.682000
538519 0.683000
538613 0.684000
538665 0.685000
538720 0.686000
538772 0.687000
539006 0.688000
539047 0.689000
539129 0.690000
539502 0.691000
539752 0.692000
539780 0.693000
539873 0.694000
539891 0.695000
539908 0.696000
539962 0.697000
541011 0.698000
541060 0.699000
541064 0.700000
541476 0.701000
542243 0.702000
542600 0.703000
542802 0.704000
542882 0.705000
543224 0.706000
543490 0.707000
543685 0.708000
544094 0.709000
544155 0.710000
544553 0.711000
544602 0.712000
544835 0.713000
544995 0.714000
545099 0.715000
545217 0.716000
545270 0.717000
545602 0.718000
545973 0.719000
546171 0.720000
546470 0.721000
546778 0.722000
547128 0.723000
547414 0.724000
547458 0.725000
547529 0.726000
547599 0.727000
547786 0.728000
547853 0.729000
547885 0.730000
547939 0.731000
548211 0.732000
548263 0.733000
548446 0.734000
548518 0.735000
548547 0.736000
548593 0.737000
548766 0.738000
548819 0.739000
548966 0.740000
549229 0.741000
549548 0.742000
549600 0.743000
549743 0.744000
549883 0.745000
550322 0.746000
550501 0.747000
550553 0.748000
550642 0.749000
551117 0.750000
551395 0.751000
551516 0.752000
551888 0.753000
551898 0.754000
552167 0.755000
552839 0.756000
552985 0.757000
553592 0.758000
553703 0.759000
554718 0.760000
554889 0.761000
554901 0.762000
555378 0.763000
555454 0.764000
555533 0.765000
556180 0.766000
556400 0.767000
556428 0.768000
556531 0.769000
556582 0.770000
556697 0.771000
556803 0.772000
556893 0.773000
557109 0.774000
557126 0.775000
557265 0.776000
557341 0.777000
557529 0.778000
558294 0.779000
558473 0.780000
558510 0.781000
558551 0.782000
558740 0.783000
558770 0.784000
558843 0.785000
558904 0.786000
559771 0.787000
559780 0.788000
559852 0.789000
560098 0.790000
560144 0.791000
560770 0.792000
561309 0.793000
561425 0.794000
561621 0.795000
562267 0.796000
562774 0.797000
563105 0.798000
563286 0.799000
563309 0.800000
563615 0.801000
563666 0.802000
564004 0.803000
564251 0.804000
564717 0.805000
565172 0.806000
565265 0.807000
565526 0.808000
565564 0.809000
565663 0.810000
565736 0.811000
566114 0.812000
566311 0.813000
566396 0.814000
566716 0.815000
566817 0.816000
566914 0.817000
567217 0.818000
567295 0.819000
567492 0.820000
568035 0.821000
568138 0.822000
568160 0.823000
568205 0.824000
568438 0.825000
568809 0.826000
569124 0.827000
569192 0.828000
569303 0.829000
569315 0.830000
569425 0.831000
569769 0.832000
569996 0.833000
570214 0.834000
570645 0.835000
570786 0.836000
570851 0.837000
571165 0.838000
571220 0.839000
571296 0.840000
571581 0.841000
572094 0.842000
572260 0.843000
572686 0.844000
572863 0.845000
572875 0.846000
573078 0.847000
573475 0.848000
573643 0.849000
573706 0.850000
574660 0.851000
574744 0.852000
574952 0.853000
575268 0.854000
575571 0.855000
576120 0.856000
576207 0.857000
576633 0.858000
576752 0.859000
577087 0.860000
577321 0.861000
578436 0.862000
579237 0.863000
579693 0.864000
579732 0.865000
579799 0.866000
579835 0.867000
580202 0.868000
580277 0.869000
580323 0.870000
580503 0.871000
581004 0.872000
581399 0.873000
581758 0.874000
581854 0.875000
582083 0.876000
582100 0.877000
582431 0.878000
582536 0.879000
583623 0.880000
583635 0.881000
583726 0.882000
583730 0.883000
583820 0.884000
584040 0.885000
584295 0.886000
584430 0.887000
584833 0.888000
584966 0.889000
585430 0.890000
585886 0.891000
586484 0.892000
586821 0.893000
587564 0.894000
588912 0.895000
588948 0.896000
590171 0.897000
590446 0.898000
590702 0.899000
590840 0.900000
592041 0.901000
592443 0.902000
592503 0.903000
592632 0.904000
592765 0.905000
592969 0.906000
593556 0.907000
594792 0.908000
595059 0.909000
595242 0.910000
595981 0.911000
596085 0.912000
596574 0.913000
597322 0.914000
597454 0.915000
598398 0.916000
598914 0.917000
599105 0.918000
599491 0.919000
599528 0.920000
600181 0.921000
600584 0.922000
601233 0.923000
602269 0.924000
603114 0.925000
603456 0.926000
603806 0.927000
604046 0.928000
605242 0.929000
606778 0.930000
606953 0.931000
607139 0.932000
607719 0.933000
607835 0.934000
608162 0.935000
608228 0.936000
608245 0.937000
608311 0.938000
608563 0.939000
608582 0.940000
608667 0.941000
608734 0.942000
608773 0.943000
609760 0.944000
609880 0.945000
610072 0.946000
610478 0.947000
611288 0.948000
612580 0.949000
614458 0.950000
615314 0.951000
616715 0.952000
617206 0.953000
620835 0.954000
621243 0.955000
622775 0.956000
623898 0.957000
624954 0.958000
625230 0.959000
625350 0.960000
625517 0.961000
626151 0.962000
627022 0.963000
627554 0.964000
629002 0.965000
630146 0.966000
630398 0.967000
630940 0.968000
631737 0.969000
636319 0.970000
639068 0.971000
639399 0.972000
640223 0.973000
640240 0.974000
640427 0.975000
641573 0.976000
643526 0.977000
643579 0.978000
648108 0.979000
650072 0.980000
651063 0.981000
653998 0.982000
654613 0.983000
657818 0.984000
659053 0.985000
667951 0.986000
668991 0.987000
670065 0.988000
671112 0.989000
671380 0.990000
679772 0.991000
682998 0.992000
684524 0.993000
696572 0.994000
701806 0.995000
704463 0.996000
713843 0.997000
725480 0.998000
728529 0.999000
730974 1.000000


