226235 0.000000
226235 0.002000
226454 0.004000
227774 0.006000
228094 0.008000
230286 0.010000
230783 0.012000
232020 0.014000
232065 0.016000
232215 0.018000
233231 0.020000
234000 0.022000
234090 0.024000
234274 0.026000
234292 0.028000
234355 0.030000
234363 0.032000
234367 0.034000
234398 0.036000
234418 0.040000
234449 0.042000
234453 0.044000
234471 0.046000
234487 0.048000
234497 0.050000
234498 0.052000
234500 0.054000
234506 0.056000
234526 0.058000
234537 0.060000
234539 0.062000
234561 0.064000
234595 0.066000
234598 0.068000
234602 0.070000
234610 0.072000
234613 0.074000
234624 0.076000
234680 0.078000
234685 0.080000
234689 0.082000
234701 0.084000
234732 0.086000
234733 0.088000
234802 0.090000
234863 0.092000
234918 0.094000
234964 0.096000
235026 0.098000
235032 0.100000
235039 0.102000
235059 0.104000
235200 0.106000
235201 0.108000
235230 0.110000
235468 0.112000
235476 0.114000
235597 0.116000
235636 0.118000
235710 0.120000
235748 0.122000
235833 0.124000
235881 0.126000
235957 0.128000
235963 0.130000
235964 0.132000
235982 0.134000
235987 0.136000
235993 0.138000
236010 0.140000
236040 0.142000
236170 0.144000
236171 0.146000
236206 0.148000
236208 0.150000
236211 0.152000
236232 0.154000
236265 0.156000
236319 0.158000
236338 0.160000
236341 0.162000
236356 0.164000
236360 0.166000
236367 0.168000
236368 0.170000
236405 0.172000
236413 0.174000
236447 0.176000
236452 0.178000
236457 0.180000
236477 0.182000
236481 0.184000
236494 0.186000
236499 0.188000
236524 0.190000
236534 0.192000
236578 0.194000
236588 0.198000
236591 0.200000
236622 0.202000
236632 0.204000
236672 0.206000
236679 0.208000
236685 0.210000
236694 0.212000
236748 0.214000
236763 0.216000
236812 0.218000
236823 0.220000
236856 0.222000
236869 0.224000
236889 0.226000
236891 0.228000
236905 0.230000
237058 0.232000
237067 0.234000
237073 0.236000
237701 0.238000
237762 0.240000
237784 0.242000
237880 0.244000
237888 0.246000
237893 0.248000
237898 0.250000
237926 0.252000
237955 0.254000
238001 0.256000
238021 0.258000
238026 0.260000
238027 0.262000
238040 0.264000
238046 0.266000
238053 0.268000
238060 0.270000
238074 0.272000
238082 0.274000
238091 0.276000
238104 0.278000
238116 0.282000
238129 0.284000
238131 0.286000
238143 0.288000
238149 0.290000
238150 0.292000
238154 0.294000
238156 0.296000
238158 0.298000
238173 0.300000
238174 0.302000
238176 0.304000
238180 0.306000
238184 0.310000
238185 0.312000
238189 0.314000
238195 0.316000
238196 0.318000
238200 0.320000
238201 0.322000
238202 0.324000
238207 0.326000
238214 0.330000
238216 0.332000
238222 0.334000
238225 0.338000
238229 0.342000
238237 0.344000
238243 0.346000
238246 0.350000
238248 0.352000
238249 0.354000
238260 0.356000
238267 0.358000
238275 0.360000
238277 0.362000
238280 0.364000
238287 0.368000
238289 0.370000
238290 0.372000
238292 0.374000
238301 0.376000
238303 0.378000
238305 0.380000
238312 0.382000
238314 0.384000
238316 0.386000
238318 0.388000
238324 0.390000
238326 0.392000
238334 0.394000
238339 0.398000
238342 0.400000
238346 0.402000
238353 0.404000
238355 0.406000
238356 0.408000
238357 0.410000
238359 0.412000
238365 0.414000
238369 0.416000
238370 0.418000
238371 0.422000
238373 0.426000
238379 0.430000
238380 0.432000
238383 0.434000
238387 0.436000
238389 0.438000
238404 0.440000
238407 0.442000
238434 0.444000
238439 0.448000
238441 0.450000
238442 0.452000
238444 0.454000
238453 0.456000
238454 0.458000
238455 0.460000
238456 0.462000
238463 0.468000
238470 0.470000
238481 0.472000
238485 0.474000
238486 0.476000
238492 0.480000
238494 0.482000
238499 0.484000
238504 0.486000
238505 0.488000
238507 0.490000
238508 0.492000
238509 0.496000
238520 0.498000
238538 0.500000
238542 0.502000
238543 0.504000
238544 0.506000
238553 0.510000
238554 0.512000
238557 0.514000
238561 0.516000
238570 0.518000
238578 0.520000
238585 0.522000
238591 0.524000
238595 0.526000
238601 0.528000
238602 0.530000
238611 0.532000
238617 0.534000
238618 0.536000
238623 0.538000
238640 0.540000
238643 0.542000
238655 0.544000
238657 0.546000
238666 0.548000
238673 0.550000
238675 0.552000
238700 0.554000
238702 0.556000
238714 0.558000
238736 0.560000
238737 0.564000
238775 0.566000
238783 0.570000
238811 0.572000
238843 0.574000
238844 0.576000
238848 0.578000
238853 0.580000
238864 0.582000
238888 0.584000
238903 0.586000
238909 0.588000
238917 0.590000
238924 0.592000
238925 0.594000
238933 0.596000
238944 0.598000
238970 0.600000
239009 0.602000
239041 0.604000
239058 0.606000
239158 0.608000
239162 0.610000
239163 0.612000
239217 0.614000
239257 0.616000
239267 0.618000
239283 0.620000
239360 0.622000
239416 0.624000
239438 0.626000
239440 0.628000
239485 0.630000
239489 0.632000
239519 0.634000
239762 0.636000
239798 0.638000
239861 0.640000
239864 0.642000
239891 0.644000
239973 0.646000
239980 0.648000
240006 0.650000
240013 0.652000
240096 0.654000
240098 0.656000
240143 0.658000
240188 0.660000
240198 0.662000
240263 0.664000
240267 0.666000
240271 0.668000
240275 0.670000
240279 0.672000
240284 0.674000
240287 0.676000
240309 0.680000
240329 0.682000
240343 0.684000
240350 0.686000
240352 0.690000
240363 0.692000
240416 0.694000
240461 0.696000
240482 0.698000
240488 0.700000
240491 0.702000
240522 0.704000
240523 0.706000
240550 0.708000
240574 0.710000
240634 0.712000
240641 0.714000
240657 0.716000
240690 0.718000
240712 0.720000
240735 0.722000
240740 0.724000
240741 0.726000
240792 0.728000
240803 0.730000
240813 0.732000
240861 0.734000
240926 0.736000
241369 0.738000
241944 0.740000
241982 0.742000
241990 0.744000
242002 0.746000
242038 0.748000
242045 0.750000
242051 0.752000
242077 0.756000
242081 0.758000
242097 0.760000
242112 0.762000
242126 0.764000
242144 0.766000
242145 0.768000
242210 0.770000
242220 0.772000
242224 0.774000
242225 0.776000
242233 0.780000
242240 0.782000
242259 0.786000
242263 0.788000
242266 0.790000
242269 0.792000
242271 0.794000
242275 0.796000
242278 0.798000
242289 0.800000
242290 0.802000
242291 0.804000
242295 0.806000
242296 0.808000
242300 0.810000
242303 0.812000
242308 0.814000
242309 0.816000
242310 0.818000
242312 0.820000
242324 0.822000
242331 0.824000
242345 0.826000
242353 0.828000
242372 0.830000
242376 0.832000
242380 0.834000
242388 0.836000
242400 0.838000
242408 0.840000
242417 0.842000
242419 0.844000
242421 0.846000
242429 0.848000
242454 0.850000
242458 0.852000
242465 0.854000
242466 0.856000
242491 0.858000
242506 0.860000
242510 0.862000
242511 0.864000
242514 0.866000
242515 0.868000
242523 0.870000
242526 0.872000
242537 0.874000
242556 0.876000
242565 0.878000
242568 0.880000
242578 0.882000
242580 0.884000
242606 0.886000
242610 0.888000
242611 0.890000
242629 0.892000
242639 0.894000
242643 0.896000
242649 0.898000
242663 0.900000
242666 0.902000
242697 0.904000
242719 0.906000
242818 0.908000
242846 0.910000
242857 0.912000
242875 0.914000
242909 0.916000
242942 0.918000
242993 0.920000
243044 0.922000
243057 0.924000
243168 0.926000
243177 0.928000
243197 0.930000
243766 0.932000
243973 0.934000
244092 0.936000
244129 0.938000
244138 0.940000
244170 0.942000
244274 0.944000
244297 0.946000
244347 0.948000
244348 0.950000
244384 0.954000
244423 0.956000
244461 0.958000
244491 0.960000
244495 0.962000
244523 0.964000
244531 0.966000
244580 0.968000
244590 0.970000
244635 0.972000
244651 0.974000
244662 0.976000
244842 0.978000
246004 0.980000
246175 0.982000
246263 0.984000
246292 0.986000
246343 0.988000
246425 0.990000
246486 0.992000
246820 0.994000
246848 0.996000
248582 0.998000
250111 1.000000


