218960 0.000000
218960 0.001002
222325 0.002004
227023 0.003006
227699 0.004008
229222 0.005010
230775 0.006012
231989 0.007014
233066 0.008016
233151 0.009018
233964 0.010020
234100 0.011022
234599 0.012024
234672 0.013026
235870 0.014028
236055 0.015030
236269 0.016032
236934 0.017034
237198 0.018036
237390 0.019038
237513 0.020040
238675 0.021042
238760 0.022044
239127 0.023046
239655 0.024048
239837 0.025050
240787 0.026052
241046 0.027054
241316 0.028056
241547 0.029058
241809 0.030060
241980 0.031062
242699 0.032064
242742 0.033066
242963 0.034068
243790 0.036072
244501 0.037074
245073 0.038076
245376 0.039078
245698 0.040080
246903 0.041082
246992 0.042084
247524 0.043086
247525 0.044088
247869 0.045090
248119 0.046092
248258 0.047094
248512 0.048096
248859 0.049098
248906 0.050100
248995 0.051102
249042 0.052104
249106 0.053106
249520 0.054108
249560 0.055110
249767 0.056112
249813 0.057114
250000 0.058116
250182 0.059118
250463 0.060120
250576 0.061122
250585 0.062124
250632 0.063126
250842 0.064128
250908 0.065130
250989 0.066132
251340 0.067134
251404 0.068136
251847 0.069138
251909 0.070140
252213 0.071142
252233 0.072144
252240 0.073146
252481 0.074148
252648 0.075150
252819 0.076152
252902 0.077154
253024 0.078156
253082 0.079158
253323 0.080160
253674 0.081162
253751 0.082164
254012 0.083166
254262 0.084168
254485 0.085170
254563 0.086172
254564 0.087174
254779 0.088176
254887 0.089178
255002 0.090180
255264 0.091182
255296 0.092184
255650 0.093186
255902 0.094188
256300 0.095190
256677 0.096192
256857 0.097194
257291 0.098196
257421 0.099198
257447 0.100200
258012 0.101202
258245 0.102204
258467 0.103206
258553 0.104208
258692 0.105210
258795 0.106212
258888 0.107214
259347 0.108216
259431 0.109218
259912 0.110220
259915 0.112224
259966 0.113226
260174 0.114228
260243 0.115230
260330 0.116232
260333 0.117234
260381 0.118236
260394 0.119238
260672 0.120240
260930 0.121242
261125 0.122244
261140 0.123246
261367 0.124248
261406 0.125251
261505 0.126253
261688 0.127255
261974 0.128257
262102 0.129259
262198 0.130261
262289 0.131263
262345 0.132265
262400 0.133267
262444 0.134269
262567 0.135271
262830 0.136273
262954 0.137275
262955 0.138277
263027 0.139279
263062 0.140281
263118 0.141283
263385 0.142285
263419 0.143287
263422 0.144289
263529 0.145291
263814 0.146293
264284 0.147295
264323 0.148297
264426 0.149299
264451 0.150301
264468 0.151303
264511 0.152305
264542 0.153307
264550 0.154309
264720 0.155311
264835 0.156313
264954 0.157315
265216 0.158317
265237 0.159319
265257 0.160321
265325 0.161323
265432 0.162325
265509 0.163327
265554 0.164329
265568 0.165331
265612 0.166333
265726 0.167335
265858 0.168337
266079 0.169339
266478 0.170341
266503 0.171343
266543 0.172345
266595 0.173347
266744 0.174349
266788 0.175351
266824 0.176353
266842 0.177355
267221 0.178357
267274 0.179359
267562 0.180361
267692 0.181363
267711 0.182365
267722 0.183367
267734 0.184369
267847 0.185371
267858 0.186373
267894 0.187375
267992 0.188377
268080 0.189379
268228 0.190381
268241 0.191383
268323 0.192385
268384 0.193387
268409 0.194389
268615 0.195391
268824 0.196393
268989 0.197395
269036 0.198397
269072 0.199399
269172 0.200401
269201 0.201403
269330 0.202405
269477 0.203407
269500 0.204409
269528 0.205411
269563 0.206413
269841 0.207415
269890 0.208417
270050 0.209419
270118 0.210421
270140 0.211423
270176 0.212425
270193 0.213427
270246 0.214429
270251 0.215431
270314 0.216433
270315 0.217435
270426 0.218437
270578 0.219439
270711 0.220441
270939 0.221443
271008 0.222445
271030 0.223447
271176 0.224449
271189 0.225451
271543 0.226453
271770 0.227455
271942 0.228457
272002 0.229459
272014 0.230461
272027 0.231463
272095 0.232465
272166 0.233467
272239 0.234469
272241 0.235471
272256 0.236473
272289 0.237475
272341 0.238477
272454 0.239479
272458 0.240481
272550 0.241483
272585 0.242485
272591 0.243487
272596 0.244489
272738 0.245491
272904 0.246493
272936 0.247495
273008 0.248497
273063 0.249499
273105 0.250501
273157 0.251503
273414 0.252505
273534 0.253507
273555 0.254509
273582 0.255511
273665 0.256513
273791 0.257515
273825 0.258517
273920 0.259519
273956 0.260521
273980 0.261523
273983 0.262525
274012 0.263527
274096 0.264529
274121 0.265531
274194 0.266533
274389 0.267535
274522 0.268537
274532 0.269539
274773 0.270541
274856 0.271543
274908 0.272545
274968 0.273547
275037 0.274549
275282 0.275551
275303 0.276553
275381 0.277555
275393 0.278557
275445 0.279559
275477 0.280561
275523 0.281563
275554 0.282565
275626 0.283567
275750 0.284569
275802 0.285571
275809 0.286573
275835 0.287575
275901 0.288577
276060 0.289579
276151 0.290581
276200 0.291583
276214 0.292585
276282 0.293587
276393 0.294589
276417 0.295591
276420 0.296593
276438 0.297595
276448 0.298597
276540 0.299599
276641 0.300601
276646 0.301603
276663 0.302605
276675 0.303607
276694 0.304609
276725 0.305611
276735 0.306613
276755 0.307615
276852 0.308617
276860 0.309619
276909 0.310621
276989 0.311623
277246 0.312625
277275 0.313627
277315 0.314629
277348 0.315631
277354 0.316633
277710 0.317635
277735 0.318637
277736 0.319639
277745 0.320641
277764 0.321643
277775 0.322645
277906 0.323647
278015 0.324649
278029 0.325651
278049 0.326653
278147 0.327655
278184 0.328657
278286 0.329659
278290 0.330661
278410 0.331663
278597 0.332665
278738 0.333667
278739 0.334669
278815 0.335671
278833 0.336673
278835 0.337675
278956 0.338677
278980 0.339679
278988 0.340681
279041 0.341683
279126 0.342685
279329 0.343687
279500 0.344689
279614 0.345691
279693 0.346693
279705 0.347695
279750 0.348697
279753 0.349699
279761 0.350701
279784 0.351703
279814 0.352705
279817 0.353707
279965 0.354709
279973 0.355711
279974 0.356713
280040 0.357715
280076 0.358717
280108 0.359719
280110 0.360721
280164 0.361723
280231 0.362725
280358 0.363727
280487 0.364729
280542 0.365731
280610 0.366733
280634 0.367735
280661 0.368737
280740 0.369739
280840 0.370741
280883 0.371743
280995 0.372745
281015 0.373747
281086 0.374749
281088 0.375752
281130 0.376754
281182 0.377756
281231 0.378758
281236 0.379760
281276 0.380762
281301 0.381764
281363 0.382766
281391 0.383768
281509 0.384770
281513 0.385772
281550 0.386774
281556 0.388778
281583 0.390782
281615 0.391784
281651 0.392786
281664 0.393788
281812 0.394790
281814 0.395792
281880 0.396794
281882 0.397796
281944 0.398798
281974 0.399800
281991 0.400802
282029 0.401804
282042 0.402806
282079 0.403808
282118 0.404810
282190 0.405812
282195 0.406814
282197 0.407816
282407 0.408818
282426 0.409820
282448 0.410822
282450 0.411824
282471 0.412826
282529 0.413828
282580 0.414830
282663 0.415832
282800 0.416834
282816 0.417836
282825 0.418838
282867 0.419840
282928 0.420842
282982 0.421844
283132 0.422846
283136 0.423848
283260 0.424850
283505 0.425852
283542 0.426854
283546 0.427856
283636 0.428858
283685 0.429860
283846 0.430862
283973 0.431864
284002 0.432866
284009 0.433868
284126 0.435872
284290 0.436874
284362 0.437876
284580 0.438878
284597 0.439880
284686 0.440882
284689 0.441884
284723 0.442886
284744 0.443888
284745 0.444890
284781 0.445892
284790 0.446894
284832 0.447896
284879 0.448898
284943 0.449900
284960 0.450902
284964 0.451904
285028 0.452906
285101 0.453908
285110 0.454910
285163 0.455912
285231 0.456914
285340 0.457916
285399 0.458918
285444 0.459920
285503 0.460922
285525 0.461924
285557 0.462926
285594 0.463928
285836 0.464930
285846 0.465932
285941 0.466934
285987 0.467936
286020 0.468938
286284 0.469940
286414 0.470942
286433 0.471944
286499 0.472946
286534 0.473948
286554 0.474950
286598 0.475952
286684 0.476954
286836 0.477956
286893 0.478958
286980 0.479960
286982 0.480962
286987 0.481964
287018 0.482966
287052 0.483968
287133 0.484970
287172 0.485972
287214 0.486974
287248 0.487976
287401 0.488978
287494 0.489980
287619 0.490982
287700 0.491984
287781 0.492986
287791 0.493988
287885 0.494990
287991 0.495992
288021 0.496994
288088 0.497996
288130 0.498998
288215 0.500000
288284 0.501002
288319 0.502004
288361 0.503006
288437 0.505010
288498 0.506012
288507 0.507014
288527 0.508016
288537 0.509018
288636 0.510020
288638 0.511022
288649 0.512024
288699 0.513026
288704 0.514028
288743 0.515030
288822 0.516032
288834 0.517034
288904 0.518036
289168 0.519038
289270 0.520040
289349 0.521042
289411 0.522044
289419 0.523046
289423 0.524048
289471 0.525050
289499 0.526052
289523 0.527054
289620 0.528056
289643 0.529058
289664 0.530060
289823 0.531062
289826 0.532064
289835 0.533066
289844 0.534068
289856 0.535070
289862 0.536072
289945 0.537074
290084 0.538076
290213 0.539078
290506 0.540080
290551 0.541082
290575 0.542084
290614 0.543086
290640 0.544088
290679 0.545090
290680 0.546092
290725 0.547094
290736 0.548096
290783 0.549098
290809 0.550100
290921 0.551102
291083 0.552104
291144 0.553106
291198 0.554108
291211 0.555110
291230 0.556112
291244 0.557114
291248 0.558116
291258 0.559118
291270 0.560120
291458 0.561122
291512 0.562124
291625 0.564128
291671 0.565130
291728 0.566132
291747 0.567134
291918 0.568136
291929 0.569138
292099 0.570140
292108 0.571142
292210 0.572144
292212 0.573146
292263 0.574148
292364 0.575150
292365 0.576152
292377 0.577154
292436 0.578156
292482 0.579158
292485 0.580160
292496 0.581162
292561 0.582164
292820 0.583166
292847 0.584168
292889 0.585170
292970 0.586172
292992 0.587174
293044 0.588176
293240 0.589178
293256 0.590180
293258 0.591182
293302 0.592184
293328 0.593186
293341 0.594188
293346 0.595190
293481 0.597194
293482 0.598196
293500 0.599198
293531 0.600200
293633 0.601202
293650 0.602204
293685 0.603206
293731 0.604208
293753 0.605210
293776 0.606212
293856 0.607214
293915 0.608216
294051 0.609218
294089 0.610220
294137 0.611222
294213 0.612224
294214 0.613226
294427 0.614228
294465 0.615230
294581 0.616232
294678 0.617234
294765 0.618236
294904 0.619238
294939 0.620240
294972 0.621242
294989 0.622244
295026 0.623246
295221 0.625251
295305 0.626253
295371 0.627255
295633 0.628257
295800 0.629259
295811 0.630261
295816 0.631263
295841 0.632265
295865 0.633267
295999 0.634269
296083 0.635271
296244 0.636273
296282 0.637275
296345 0.638277
296401 0.639279
296451 0.640281
296481 0.642285
296549 0.643287
296561 0.644289
296582 0.645291
296663 0.646293
296733 0.647295
296734 0.648297
296769 0.649299
296788 0.650301
296795 0.651303
296850 0.652305
296856 0.653307
296915 0.654309
297009 0.655311
297066 0.656313
297086 0.657315
297173 0.658317
297185 0.659319
297235 0.660321
297290 0.661323
297356 0.662325
297374 0.663327
297381 0.664329
297457 0.665331
297477 0.666333
297495 0.667335
297668 0.668337
298041 0.669339
298081 0.670341
298200 0.671343
298308 0.672345
298355 0.673347
298374 0.674349
298403 0.675351
298512 0.676353
298538 0.677355
298668 0.678357
298721 0.679359
298734 0.680361
298742 0.681363
298758 0.682365
298845 0.683367
298901 0.684369
298975 0.685371
298989 0.686373
299008 0.687375
299112 0.688377
299139 0.689379
299168 0.690381
299173 0.691383
299180 0.692385
299253 0.693387
299287 0.694389
299303 0.695391
299599 0.696393
299615 0.697395
299710 0.698397
299922 0.699399
300086 0.700401
300099 0.701403
300250 0.702405
300256 0.703407
300497 0.704409
300548 0.705411
300555 0.706413
300635 0.707415
300671 0.708417
300683 0.709419
300737 0.710421
300756 0.711423
300801 0.712425
300848 0.713427
300857 0.714429
300860 0.715431
301116 0.716433
301118 0.717435
301225 0.718437
301317 0.719439
301398 0.720441
301401 0.721443
301415 0.722445
301588 0.723447
301589 0.724449
301622 0.725451
301644 0.726453
301728 0.727455
301858 0.728457
301959 0.729459
302049 0.730461
302069 0.731463
302093 0.732465
302104 0.733467
302183 0.734469
302187 0.735471
302229 0.736473
302312 0.737475
302351 0.738477
302358 0.739479
302538 0.740481
302823 0.741483
302869 0.742485
303014 0.743487
303213 0.744489
303269 0.745491
303381 0.746493
303422 0.747495
303424 0.748497
303508 0.749499
303517 0.750501
303656 0.752505
303677 0.753507
303805 0.754509
303932 0.755511
303982 0.756513
303983 0.757515
304263 0.758517
304276 0.759519
304313 0.760521
304512 0.761523
304595 0.762525
304674 0.763527
304687 0.764529
304694 0.765531
304749 0.766533
304756 0.767535
304794 0.768537
304873 0.769539
304945 0.770541
304970 0.771543
305143 0.772545
305375 0.773547
305411 0.774549
305451 0.775551
305495 0.776553
305532 0.777555
305546 0.778557
305582 0.779559
305658 0.780561
305686 0.781563
305689 0.782565
305772 0.783567
305851 0.784569
305965 0.785571
306003 0.786573
306015 0.787575
306074 0.788577
306160 0.789579
306193 0.790581
306248 0.791583
306294 0.792585
306387 0.793587
306680 0.794589
306836 0.795591
306928 0.796593
307023 0.797595
307050 0.798597
307124 0.799599
307208 0.800601
307229 0.801603
307307 0.802605
307473 0.803607
307495 0.804609
307528 0.805611
307534 0.806613
307538 0.807615
307767 0.808617
307789 0.809619
307834 0.810621
307848 0.811623
307858 0.812625
307926 0.813627
308275 0.814629
308529 0.815631
308540 0.816633
308691 0.817635
308914 0.818637
308955 0.819639
309161 0.820641
309277 0.821643
309286 0.822645
309324 0.823647
309387 0.824649
309441 0.825651
309673 0.826653
309848 0.827655
309930 0.828657
310142 0.829659
310158 0.830661
310242 0.831663
310394 0.832665
310478 0.833667
310671 0.834669
310724 0.835671
311056 0.836673
311116 0.837675
311152 0.838677
311271 0.839679
311319 0.840681
311356 0.841683
311418 0.842685
311497 0.843687
311835 0.844689
311855 0.845691
311890 0.846693
311935 0.847695
312169 0.848697
312270 0.849699
312287 0.850701
312322 0.851703
312367 0.852705
312380 0.853707
312405 0.854709
312678 0.855711
312884 0.856713
312946 0.857715
313019 0.858717
313413 0.859719
313484 0.860721
313637 0.861723
313655 0.862725
313788 0.863727
313831 0.864729
313908 0.865731
313958 0.866733
314010 0.867735
314071 0.868737
314076 0.869739
314149 0.870741
314178 0.871743
314296 0.872745
314397 0.873747
314400 0.874749
314406 0.875752
314524 0.876754
314608 0.877756
314786 0.878758
314877 0.879760
314899 0.880762
314989 0.881764
315222 0.882766
315467 0.883768
315496 0.884770
316150 0.885772
316658 0.886774
316737 0.887776
316837 0.888778
317162 0.889780
317290 0.890782
317356 0.891784
317896 0.892786
317984 0.893788
318114 0.894790
318144 0.895792
318331 0.896794
318404 0.897796
318673 0.898798
318817 0.899800
319019 0.900802
319095 0.901804
319141 0.902806
319590 0.903808
320155 0.904810
320339 0.905812
321000 0.906814
321187 0.907816
321512 0.908818
321874 0.909820
322086 0.910822
322544 0.911824
322578 0.912826
322799 0.913828
323428 0.914830
323440 0.915832
323589 0.916834
323602 0.917836
323628 0.918838
324008 0.919840
324016 0.920842
324033 0.921844
324080 0.922846
324395 0.923848
325140 0.924850
325997 0.925852
326550 0.926854
326554 0.927856
326568 0.928858
326676 0.929860
326678 0.930862
326820 0.931864
327153 0.932866
327185 0.933868
327194 0.934870
327330 0.935872
327480 0.936874
327677 0.937876
327778 0.938878
327801 0.939880
328110 0.940882
328154 0.941884
328289 0.942886
328447 0.943888
329253 0.944890
329297 0.945892
329877 0.946894
329970 0.947896
330146 0.948898
330485 0.949900
330643 0.950902
331935 0.951904
331986 0.952906
332206 0.953908
332505 0.954910
332824 0.955912
333159 0.956914
333650 0.957916
333703 0.958918
334043 0.959920
334155 0.960922
334176 0.961924
334203 0.962926
334242 0.963928
334667 0.964930
334677 0.965932
334995 0.966934
335443 0.967936
335838 0.968938
336105 0.969940
336200 0.970942
336541 0.971944
336593 0.972946
336663 0.973948
336935 0.974950
337197 0.975952
337535 0.976954
337637 0.977956
337805 0.978958
338154 0.979960
338466 0.980962
338867 0.981964
339493 0.982966
339808 0.983968
341122 0.984970
341433 0.985972
342043 0.986974
343311 0.987976
344054 0.988978
344306 0.989980
345944 0.990982
346000 0.991984
346838 0.992986
346908 0.993988
351294 0.994990
352170 0.995992
355797 0.996994
358082 0.997996
375573 0.998998
377892 1.000000


113 0.000000
113 0.001002
115 0.004008
116 0.007014
117 0.014028
118 0.016032
119 0.021042
120 0.024048
121 0.032064
122 0.050100
123 0.062124
124 0.083166
125 0.103206
126 0.123246
127 0.142285
128 0.166333
129 0.193387
130 0.219439
131 0.259519
132 0.290581
133 0.328657
134 0.355711
135 0.402806
136 0.444890
137 0.479960
138 0.510020
139 0.555110
140 0.599198
141 0.625251
142 0.657315
143 0.687375
144 0.714429
145 0.745491
146 0.763527
147 0.786573
148 0.798597
149 0.816633
150 0.832665
151 0.840681
152 0.846693
153 0.857715
154 0.871743
155 0.887776
156 0.895792
157 0.904810
158 0.912826
159 0.920842
160 0.922846
161 0.929860
162 0.934870
163 0.940882
164 0.943888
165 0.950902
166 0.953908
167 0.955912
168 0.959920
169 0.961924
170 0.963928
171 0.964930
172 0.967936
173 0.971944
174 0.974950
178 0.975952
179 0.976954
180 0.980962
181 0.982966
182 0.986974
183 0.987976
185 0.991984
187 0.993988
188 0.995992
189 0.996994
190 0.998998
199 1.000000


