179989 0.000000
179989 0.001002
185749 0.002004
190859 0.003006
191222 0.004008
191296 0.005010
191332 0.006012
191827 0.007014
192099 0.008016
192486 0.009018
193953 0.010020
193995 0.011022
194226 0.012024
194344 0.013026
194397 0.014028
194451 0.015030
194502 0.016032
194527 0.017034
194680 0.018036
195337 0.019038
196420 0.020040
196749 0.021042
197645 0.022044
197826 0.023046
197836 0.024048
198439 0.025050
198758 0.026052
198896 0.027054
199260 0.028056
199372 0.029058
199618 0.030060
200084 0.031062
200162 0.032064
200617 0.033066
201169 0.034068
201174 0.035070
201935 0.036072
202286 0.037074
202910 0.038076
203360 0.039078
203769 0.040080
203977 0.041082
203991 0.042084
204031 0.043086
204228 0.044088
204250 0.045090
204499 0.046092
204567 0.047094
204786 0.048096
204873 0.049098
204976 0.050100
205057 0.051102
205186 0.052104
205523 0.053106
205663 0.054108
205767 0.055110
206185 0.056112
206233 0.057114
206530 0.058116
206769 0.059118
207106 0.060120
207369 0.061122
207510 0.062124
207646 0.063126
208096 0.064128
208140 0.065130
208295 0.066132
208603 0.067134
208838 0.068136
209032 0.069138
209249 0.070140
209293 0.071142
209421 0.072144
209465 0.073146
209811 0.074148
209969 0.075150
209990 0.076152
210017 0.077154
210336 0.078156
210348 0.079158
210817 0.080160
211454 0.081162
211762 0.083166
212286 0.084168
212501 0.085170
212541 0.086172
212558 0.087174
212596 0.088176
212653 0.089178
213050 0.090180
213327 0.091182
213352 0.092184
213421 0.093186
213436 0.094188
213755 0.095190
213956 0.096192
214130 0.097194
214134 0.098196
214150 0.099198
214241 0.100200
214413 0.101202
214434 0.102204
214530 0.103206
214533 0.104208
214557 0.105210
214631 0.106212
214908 0.107214
215017 0.108216
215183 0.109218
215195 0.110220
215391 0.111222
215828 0.112224
215840 0.113226
215978 0.114228
216036 0.115230
216269 0.116232
216360 0.117234
216431 0.118236
216811 0.119238
217040 0.120240
217202 0.121242
217530 0.122244
217819 0.123246
217946 0.124248
218213 0.125251
218229 0.126253
218375 0.127255
218419 0.128257
218749 0.129259
218775 0.130261
218837 0.131263
219199 0.132265
219328 0.133267
219336 0.134269
219377 0.135271
219599 0.136273
219936 0.137275
220002 0.138277
220090 0.139279
220136 0.140281
220548 0.141283
220637 0.142285
220655 0.143287
220674 0.144289
220772 0.145291
220794 0.146293
220799 0.147295
220989 0.148297
221034 0.149299
221108 0.150301
221194 0.151303
221269 0.152305
221304 0.153307
221315 0.154309
221390 0.155311
221398 0.156313
221490 0.157315
221637 0.158317
221961 0.159319
222003 0.160321
222089 0.161323
222202 0.162325
222581 0.163327
222621 0.164329
222800 0.165331
222982 0.166333
222995 0.167335
223066 0.168337
223284 0.169339
223423 0.170341
223448 0.171343
223495 0.172345
223540 0.173347
223587 0.174349
223590 0.175351
223594 0.176353
223627 0.177355
223746 0.178357
223930 0.179359
224002 0.180361
224020 0.181363
224111 0.182365
224115 0.183367
224171 0.184369
224336 0.185371
224484 0.186373
224548 0.187375
224584 0.188377
224586 0.189379
224617 0.190381
224680 0.191383
224740 0.192385
224793 0.193387
225031 0.194389
225042 0.195391
225101 0.196393
225229 0.197395
225238 0.198397
225285 0.199399
225497 0.200401
225513 0.201403
225596 0.202405
225616 0.203407
225845 0.204409
225849 0.205411
225855 0.206413
225867 0.207415
226032 0.208417
226088 0.209419
226117 0.210421
226142 0.211423
226357 0.212425
226382 0.213427
226500 0.214429
226541 0.215431
226560 0.216433
226565 0.217435
226607 0.218437
226638 0.219439
226767 0.220441
226835 0.221443
226861 0.222445
226878 0.223447
226921 0.224449
227002 0.225451
227064 0.226453
227085 0.227455
227104 0.228457
227117 0.229459
227144 0.230461
227245 0.231463
227272 0.232465
227296 0.233467
227397 0.234469
227398 0.235471
227484 0.236473
227667 0.237475
227728 0.238477
227851 0.239479
227918 0.240481
228038 0.241483
228222 0.242485
228365 0.243487
228435 0.244489
228576 0.246493
228609 0.247495
228701 0.248497
228916 0.249499
228939 0.250501
229015 0.251503
229078 0.252505
229193 0.253507
229239 0.254509
229260 0.255511
229341 0.256513
229415 0.257515
229434 0.258517
229458 0.259519
229600 0.260521
229654 0.261523
229675 0.262525
229753 0.263527
229812 0.264529
229816 0.265531
229873 0.266533
229877 0.267535
229930 0.268537
229967 0.269539
230092 0.270541
230282 0.271543
230338 0.272545
230392 0.273547
230393 0.274549
230637 0.275551
230727 0.276553
230754 0.277555
230781 0.278557
230801 0.279559
230856 0.280561
231015 0.281563
231073 0.282565
231160 0.283567
231242 0.284569
231289 0.285571
231298 0.286573
231331 0.287575
231365 0.288577
231413 0.289579
231418 0.290581
231570 0.291583
231618 0.292585
231643 0.293587
231697 0.294589
231761 0.295591
231852 0.296593
231855 0.297595
231898 0.298597
231950 0.299599
232070 0.300601
232117 0.301603
232273 0.302605
232276 0.303607
232306 0.304609
232344 0.305611
232368 0.306613
232381 0.307615
232392 0.308617
232404 0.309619
232413 0.311623
232428 0.312625
232448 0.313627
232568 0.314629
232609 0.315631
232647 0.316633
232774 0.317635
232857 0.318637
232936 0.319639
233026 0.320641
233106 0.321643
233128 0.322645
233209 0.323647
233223 0.324649
233250 0.325651
233369 0.326653
233421 0.327655
233547 0.328657
233607 0.329659
233703 0.330661
233792 0.331663
233807 0.332665
233870 0.334669
233892 0.335671
233911 0.336673
234050 0.337675
234071 0.338677
234124 0.339679
234169 0.340681
234186 0.341683
234288 0.342685
234338 0.343687
234344 0.344689
234376 0.345691
234424 0.346693
234463 0.347695
234483 0.348697
234491 0.349699
234547 0.350701
234601 0.351703
234662 0.352705
234795 0.353707
234812 0.354709
234895 0.355711
234993 0.356713
235010 0.357715
235175 0.358717
235263 0.359719
235273 0.360721
235288 0.361723
235331 0.362725
235423 0.363727
235573 0.364729
235600 0.365731
235614 0.366733
235634 0.367735
235675 0.368737
235685 0.369739
235708 0.370741
235714 0.371743
235722 0.372745
235768 0.373747
235797 0.374749
235813 0.375752
235871 0.376754
235890 0.377756
235945 0.378758
236001 0.379760
236084 0.380762
236190 0.381764
236196 0.382766
236228 0.383768
236285 0.384770
236286 0.385772
236326 0.386774
236377 0.387776
236387 0.388778
236396 0.389780
236429 0.390782
236572 0.391784
236592 0.392786
236636 0.393788
236653 0.394790
236725 0.395792
236791 0.396794
236873 0.397796
236940 0.398798
236972 0.399800
236980 0.400802
236999 0.401804
237046 0.402806
237066 0.403808
237108 0.404810
237181 0.405812
237182 0.406814
237292 0.407816
237313 0.408818
237341 0.409820
237363 0.410822
237407 0.411824
237466 0.412826
237488 0.413828
237504 0.414830
237539 0.415832
237605 0.416834
237617 0.417836
237735 0.418838
237843 0.419840
237888 0.420842
237973 0.421844
238036 0.422846
238052 0.423848
238056 0.424850
238117 0.425852
238387 0.426854
238703 0.427856
238709 0.428858
238835 0.429860
238838 0.430862
238851 0.431864
238856 0.432866
238942 0.433868
238981 0.434870
239026 0.435872
239073 0.436874
239074 0.437876
239130 0.438878
239166 0.439880
239249 0.440882
239273 0.441884
239356 0.442886
239417 0.443888
239461 0.444890
239495 0.445892
239543 0.446894
239561 0.447896
239581 0.448898
239673 0.449900
239687 0.450902
239782 0.451904
239797 0.452906
239917 0.453908
239964 0.454910
240011 0.455912
240022 0.456914
240028 0.457916
240032 0.458918
240090 0.459920
240117 0.460922
240157 0.461924
240279 0.462926
240335 0.463928
240353 0.464930
240415 0.465932
240451 0.466934
240520 0.467936
240552 0.468938
240560 0.469940
240683 0.470942
240736 0.471944
240758 0.472946
240773 0.473948
240849 0.474950
240868 0.475952
240981 0.476954
241042 0.477956
241088 0.478958
241105 0.479960
241357 0.480962
241397 0.481964
241409 0.482966
241548 0.483968
241550 0.484970
241625 0.485972
241673 0.486974
241877 0.487976
241949 0.488978
241965 0.489980
241978 0.490982
242011 0.491984
242061 0.492986
242091 0.493988
242208 0.494990
242318 0.495992
242328 0.496994
242351 0.497996
242395 0.498998
242421 0.500000
242442 0.501002
242448 0.502004
242532 0.503006
242598 0.504008
242610 0.505010
242620 0.506012
242654 0.507014
242684 0.508016
242783 0.509018
242831 0.510020
242845 0.511022
242872 0.512024
242893 0.513026
242898 0.514028
242905 0.515030
242908 0.516032
242952 0.517034
243023 0.518036
243074 0.519038
243200 0.520040
243233 0.521042
243236 0.522044
243252 0.523046
243260 0.524048
243333 0.525050
243435 0.526052
243477 0.527054
243604 0.528056
243615 0.529058
243676 0.530060
243722 0.531062
243730 0.532064
243737 0.533066
243763 0.534068
243811 0.535070
243821 0.536072
243880 0.537074
243907 0.538076
243961 0.539078
243979 0.540080
244037 0.541082
244053 0.542084
244139 0.543086
244192 0.544088
244293 0.545090
244296 0.546092
244307 0.547094
244367 0.548096
244374 0.549098
244395 0.550100
244504 0.551102
244564 0.552104
244595 0.553106
244599 0.554108
244652 0.555110
244670 0.556112
244672 0.557114
244684 0.558116
244772 0.559118
244776 0.560120
244782 0.561122
244805 0.562124
244858 0.563126
244869 0.564128
244912 0.565130
244964 0.566132
245086 0.567134
245094 0.568136
245175 0.569138
245257 0.570140
245302 0.571142
245306 0.572144
245442 0.573146
245446 0.574148
245480 0.575150
245608 0.576152
245609 0.577154
245634 0.578156
245671 0.579158
245696 0.580160
245702 0.581162
245714 0.582164
245816 0.583166
245897 0.584168
245965 0.585170
245981 0.586172
246098 0.587174
246165 0.589178
246223 0.590180
246242 0.591182
246351 0.592184
246354 0.593186
246359 0.594188
246409 0.595190
246475 0.596192
246782 0.597194
246890 0.598196
246893 0.599198
246901 0.600200
246905 0.601202
246977 0.602204
247007 0.603206
247020 0.604208
247043 0.605210
247052 0.606212
247063 0.607214
247086 0.608216
247181 0.609218
247196 0.610220
247223 0.611222
247382 0.612224
247470 0.613226
247485 0.614228
247515 0.615230
247535 0.616232
247558 0.617234
247566 0.618236
247570 0.619238
247572 0.620240
247625 0.621242
247646 0.622244
247682 0.623246
247734 0.624248
247750 0.625251
247761 0.626253
247975 0.627255
248077 0.628257
248105 0.629259
248240 0.630261
248325 0.631263
248358 0.632265
248421 0.633267
248492 0.634269
248515 0.635271
248561 0.636273
248626 0.637275
248831 0.638277
248960 0.639279
248983 0.640281
249086 0.641283
249092 0.642285
249101 0.643287
249219 0.644289
249240 0.645291
249278 0.646293
249356 0.647295
249398 0.648297
249413 0.649299
249420 0.650301
249479 0.651303
249590 0.652305
249614 0.653307
249819 0.654309
249885 0.655311
249915 0.656313
249936 0.657315
249965 0.658317
249994 0.659319
250105 0.660321
250109 0.661323
250131 0.662325
250206 0.663327
250270 0.664329
250351 0.665331
250385 0.666333
250408 0.667335
250469 0.668337
250478 0.669339
250526 0.670341
250556 0.671343
250599 0.672345
250702 0.673347
250763 0.674349
250772 0.675351
250850 0.676353
250868 0.677355
251197 0.678357
251203 0.679359
251399 0.680361
251544 0.681363
251599 0.682365
251631 0.683367
251669 0.684369
251676 0.685371
251717 0.686373
251754 0.687375
251811 0.688377
251833 0.689379
252138 0.690381
252178 0.691383
252187 0.692385
252188 0.693387
252201 0.694389
252289 0.695391
252338 0.696393
252385 0.697395
252618 0.698397
252629 0.699399
252895 0.700401
252916 0.701403
253030 0.702405
253076 0.703407
253090 0.704409
253102 0.705411
253110 0.706413
253207 0.707415
253217 0.708417
253350 0.709419
253401 0.710421
253422 0.711423
253444 0.712425
253483 0.713427
253744 0.714429
253813 0.715431
253835 0.716433
253867 0.717435
253871 0.718437
253883 0.719439
253914 0.720441
253946 0.721443
253949 0.722445
253979 0.723447
254081 0.724449
254091 0.725451
254110 0.726453
254147 0.727455
254486 0.728457
254497 0.729459
254548 0.730461
254611 0.731463
254651 0.732465
254775 0.733467
254788 0.734469
254797 0.735471
254804 0.736473
254860 0.737475
254890 0.738477
254937 0.739479
255046 0.740481
255173 0.741483
255183 0.742485
255264 0.743487
255279 0.744489
255341 0.745491
255381 0.746493
255521 0.747495
255539 0.748497
255569 0.749499
255625 0.750501
255640 0.751503
255653 0.752505
255657 0.753507
255919 0.754509
256025 0.755511
256041 0.756513
256051 0.757515
256309 0.758517
256351 0.759519
256356 0.760521
256391 0.761523
256540 0.762525
256570 0.763527
256643 0.764529
256706 0.765531
256749 0.766533
256840 0.767535
256847 0.768537
256863 0.769539
256867 0.770541
256875 0.771543
256946 0.772545
257057 0.773547
257071 0.774549
257119 0.775551
257158 0.776553
257218 0.777555
257319 0.778557
257338 0.779559
257355 0.780561
257383 0.781563
257394 0.782565
257462 0.783567
257483 0.784569
257499 0.785571
257525 0.786573
257551 0.787575
257574 0.788577
257611 0.789579
257838 0.790581
257958 0.791583
257964 0.792585
257996 0.793587
258028 0.794589
258095 0.795591
258200 0.796593
258335 0.797595
258397 0.798597
258475 0.799599
258710 0.800601
258740 0.801603
258830 0.802605
258870 0.803607
258963 0.804609
259091 0.805611
259119 0.806613
259131 0.807615
259187 0.808617
259319 0.809619
259525 0.810621
259552 0.811623
259571 0.812625
259727 0.813627
259768 0.814629
259808 0.815631
259945 0.816633
260013 0.817635
260018 0.818637
260047 0.819639
260157 0.820641
260356 0.821643
260376 0.822645
260427 0.823647
260485 0.824649
260594 0.825651
260596 0.826653
260627 0.827655
260751 0.828657
260803 0.829659
260915 0.830661
260939 0.831663
261029 0.832665
261096 0.833667
261119 0.834669
261492 0.835671
261558 0.836673
261570 0.837675
261706 0.838677
261756 0.839679
261767 0.840681
261796 0.841683
261846 0.842685
261855 0.843687
261979 0.844689
261999 0.845691
262128 0.846693
262484 0.847695
262508 0.848697
262584 0.849699
262714 0.850701
262968 0.851703
263320 0.852705
263345 0.853707
263716 0.854709
263771 0.855711
263805 0.856713
264076 0.857715
264086 0.858717
264227 0.859719
264230 0.860721
264266 0.861723
264491 0.862725
264548 0.863727
264562 0.864729
264587 0.865731
264688 0.866733
264774 0.867735
264880 0.868737
264921 0.869739
264972 0.870741
264997 0.871743
265335 0.872745
265471 0.873747
265545 0.874749
265565 0.875752
265583 0.876754
265710 0.877756
265752 0.878758
265856 0.879760
265892 0.880762
265957 0.881764
265967 0.882766
266261 0.883768
266277 0.884770
266310 0.885772
266379 0.886774
266421 0.887776
266462 0.888778
266702 0.889780
266711 0.890782
266826 0.891784
266961 0.892786
267022 0.893788
267242 0.894790
267259 0.895792
267368 0.896794
267371 0.897796
267487 0.898798
267565 0.899800
267610 0.900802
267629 0.901804
267959 0.902806
268055 0.903808
268118 0.904810
268177 0.905812
268407 0.906814
268520 0.907816
268568 0.908818
268645 0.909820
268658 0.910822
268940 0.911824
269025 0.912826
269107 0.913828
269221 0.914830
269261 0.915832
269272 0.916834
269302 0.917836
269321 0.918838
269516 0.919840
269656 0.920842
269669 0.921844
269773 0.922846
269840 0.923848
269858 0.924850
269950 0.925852
270015 0.926854
270174 0.927856
270427 0.928858
270551 0.929860
270721 0.930862
270833 0.931864
271088 0.932866
271148 0.933868
271303 0.934870
272114 0.935872
272581 0.936874
272713 0.937876
273173 0.938878
273192 0.939880
273544 0.940882
273727 0.941884
274378 0.942886
274500 0.943888
274569 0.944890
275118 0.945892
275301 0.946894
275350 0.947896
275382 0.948898
276000 0.949900
276211 0.950902
277052 0.951904
277120 0.952906
277196 0.953908
277363 0.954910
277583 0.955912
277798 0.956914
277849 0.957916
278026 0.958918
278061 0.959920
278149 0.960922
278661 0.961924
279040 0.962926
279197 0.963928
279318 0.964930
279530 0.965932
279950 0.966934
279961 0.967936
280413 0.968938
280475 0.969940
280730 0.970942
280755 0.971944
281010 0.972946
281085 0.973948
281113 0.974950
281204 0.975952
282482 0.976954
283032 0.977956
283049 0.978958
283464 0.979960
284108 0.980962
284113 0.981964
284249 0.982966
285582 0.983968
285944 0.984970
286225 0.985972
286781 0.986974
287100 0.987976
287284 0.988978
287394 0.989980
287514 0.990982
288093 0.991984
288143 0.992986
288927 0.993988
289448 0.994990
291388 0.995992
295400 0.996994
299207 0.997996
307461 0.998998
317778 1.000000


102 0.000000
102 0.002004
103 0.007014
104 0.018036
105 0.027054
106 0.041082
107 0.073146
108 0.122244
109 0.161323
110 0.205411
111 0.239479
112 0.278557
113 0.308617
114 0.343687
115 0.373747
116 0.403808
117 0.450902
118 0.479960
119 0.507014
120 0.534068
121 0.570140
122 0.598196
123 0.630261
124 0.660321
125 0.699399
126 0.741483
127 0.783567
128 0.810621
129 0.837675
130 0.874749
131 0.894790
132 0.910822
133 0.924850
134 0.939880
135 0.947896
136 0.956914
137 0.959920
138 0.960922
139 0.962926
140 0.963928
141 0.966934
142 0.968938
143 0.971944
144 0.974950
145 0.977956
146 0.978958
147 0.980962
148 0.985972
152 0.987976
154 0.989980
158 0.990982
160 0.992986
162 0.993988
164 0.995992
167 0.996994
171 0.997996
174 1.000000


