164552 0.000000
164552 0.001001
169082 0.002002
172256 0.003003
172861 0.004004
173712 0.005005
174399 0.006006
174714 0.007007
174761 0.008008
174845 0.009009
174953 0.010010
175247 0.011011
175371 0.012012
175548 0.013013
175759 0.014014
176022 0.015015
176178 0.016016
176339 0.017017
176473 0.018018
176846 0.019019
176872 0.020020
176980 0.021021
177047 0.022022
177140 0.023023
177221 0.024024
177311 0.025025
177429 0.026026
177517 0.027027
177603 0.028028
177707 0.029029
177718 0.030030
177739 0.031031
177748 0.032032
177770 0.033033
177858 0.034034
177904 0.035035
177956 0.036036
178021 0.037037
178228 0.039039
178416 0.040040
178493 0.041041
178526 0.042042
178637 0.043043
178668 0.044044
178712 0.045045
178779 0.046046
178914 0.047047
178986 0.048048
179094 0.049049
179124 0.050050
179152 0.051051
179182 0.052052
179217 0.053053
179298 0.054054
179320 0.055055
179322 0.056056
179444 0.057057
179452 0.058058
179511 0.059059
179518 0.060060
179527 0.061061
179569 0.062062
179581 0.063063
179683 0.064064
179731 0.065065
179900 0.066066
179934 0.067067
179953 0.068068
179979 0.069069
179997 0.070070
179999 0.071071
180018 0.072072
180138 0.073073
180145 0.074074
180152 0.075075
180154 0.076076
180171 0.077077
180299 0.078078
180341 0.079079
180359 0.080080
180365 0.081081
180510 0.082082
180536 0.083083
180576 0.084084
180623 0.085085
180640 0.086086
180657 0.087087
180731 0.088088
180816 0.089089
180832 0.090090
180858 0.091091
180877 0.092092
180882 0.093093
180982 0.094094
181062 0.095095
181065 0.096096
181070 0.097097
181089 0.098098
181113 0.099099
181125 0.100100
181129 0.101101
181186 0.102102
181200 0.103103
181201 0.104104
181219 0.105105
181231 0.106106
181273 0.107107
181303 0.108108
181351 0.109109
181357 0.110110
181395 0.111111
181419 0.112112
181481 0.113113
181722 0.114114
181735 0.115115
181746 0.116116
181752 0.117117
181824 0.118118
181888 0.119119
181891 0.120120
181929 0.121121
181938 0.122122
181944 0.123123
181970 0.124124
181977 0.125125
182048 0.127127
182060 0.128128
182112 0.129129
182165 0.130130
182167 0.131131
182226 0.132132
182228 0.133133
182300 0.134134
182318 0.135135
182336 0.136136
182346 0.137137
182381 0.138138
182386 0.139139
182433 0.140140
182446 0.141141
182488 0.142142
182496 0.143143
182511 0.144144
182533 0.145145
182576 0.146146
182592 0.147147
182601 0.148148
182602 0.149149
182627 0.150150
182664 0.151151
182667 0.152152
182693 0.153153
182714 0.154154
182758 0.155155
182805 0.156156
182827 0.157157
182836 0.158158
182850 0.159159
182853 0.160160
182881 0.161161
182894 0.162162
182921 0.163163
182960 0.165165
182962 0.166166
183079 0.167167
183092 0.168168
183117 0.169169
183146 0.170170
183188 0.171171
183193 0.172172
183275 0.173173
183298 0.174174
183309 0.175175
183412 0.176176
183417 0.177177
183441 0.178178
183544 0.179179
183545 0.180180
183552 0.181181
183567 0.182182
183568 0.183183
183709 0.184184
183811 0.185185
183842 0.186186
183879 0.187187
183899 0.188188
183930 0.189189
183936 0.190190
184001 0.191191
184003 0.192192
184027 0.193193
184061 0.194194
184067 0.195195
184074 0.196196
184082 0.197197
184091 0.198198
184098 0.199199
184105 0.200200
184108 0.201201
184125 0.202202
184184 0.203203
184270 0.204204
184304 0.205205
184390 0.206206
184406 0.207207
184515 0.208208
184517 0.209209
184559 0.210210
184672 0.211211
184744 0.212212
184775 0.213213
184902 0.214214
184949 0.215215
184954 0.216216
184969 0.217217
185001 0.218218
185012 0.219219
185043 0.220220
185052 0.221221
185081 0.222222
185085 0.223223
185110 0.224224
185158 0.225225
185206 0.226226
185274 0.227227
185289 0.228228
185304 0.229229
185360 0.230230
185407 0.231231
185477 0.232232
185524 0.233233
185566 0.234234
185569 0.235235
185587 0.236236
185597 0.237237
185620 0.238238
185627 0.239239
185632 0.240240
185641 0.241241
185671 0.242242
185712 0.243243
185830 0.244244
185858 0.245245
185860 0.246246
185865 0.247247
185876 0.248248
185881 0.249249
185891 0.250250
185894 0.251251
185904 0.252252
185914 0.253253
185934 0.254254
185959 0.255255
185962 0.256256
185976 0.257257
186011 0.258258
186040 0.259259
186055 0.260260
186098 0.261261
186110 0.262262
186114 0.263263
186137 0.264264
186177 0.265265
186191 0.266266
186195 0.267267
186197 0.268268
186222 0.269269
186242 0.270270
186247 0.271271
186269 0.272272
186277 0.273273
186287 0.274274
186292 0.275275
186298 0.276276
186332 0.277277
186350 0.278278
186375 0.279279
186424 0.280280
186426 0.281281
186476 0.282282
186529 0.283283
186562 0.285285
186571 0.286286
186594 0.287287
186611 0.288288
186696 0.289289
186713 0.290290
186751 0.291291
186754 0.292292
186809 0.293293
186842 0.294294
186844 0.295295
186857 0.296296
186880 0.297297
186898 0.298298
186914 0.299299
186924 0.300300
186980 0.301301
187014 0.302302
187021 0.303303
187032 0.304304
187045 0.305305
187087 0.306306
187113 0.307307
187114 0.308308
187159 0.309309
187200 0.310310
187251 0.311311
187264 0.312312
187277 0.313313
187299 0.314314
187303 0.315315
187310 0.316316
187344 0.317317
187349 0.318318
187358 0.320320
187452 0.321321
187455 0.322322
187484 0.323323
187543 0.324324
187554 0.325325
187574 0.326326
187595 0.327327
187596 0.328328
187635 0.329329
187668 0.330330
187702 0.331331
187722 0.332332
187785 0.333333
187819 0.334334
187822 0.335335
187827 0.336336
187854 0.337337
187918 0.338338
187927 0.339339
187945 0.340340
187953 0.341341
187985 0.342342
187992 0.343343
187995 0.344344
188023 0.345345
188025 0.346346
188064 0.347347
188072 0.348348
188077 0.349349
188080 0.350350
188090 0.351351
188099 0.352352
188141 0.353353
188143 0.354354
188156 0.355355
188204 0.356356
188268 0.357357
188277 0.358358
188289 0.359359
188304 0.360360
188325 0.361361
188344 0.362362
188460 0.363363
188485 0.364364
188515 0.365365
188528 0.366366
188537 0.367367
188548 0.368368
188564 0.369369
188699 0.370370
188703 0.371371
188742 0.372372
188757 0.373373
188772 0.374374
188775 0.375375
188781 0.376376
188803 0.377377
188822 0.378378
188844 0.379379
188875 0.380380
188901 0.381381
188931 0.382382
188955 0.383383
188980 0.384384
188986 0.385385
189024 0.386386
189032 0.387387
189064 0.388388
189078 0.389389
189091 0.390390
189097 0.391391
189134 0.392392
189151 0.393393
189158 0.394394
189177 0.395395
189178 0.396396
189181 0.397397
189224 0.398398
189227 0.399399
189251 0.400400
189283 0.401401
189304 0.402402
189322 0.403403
189327 0.404404
189355 0.405405
189366 0.406406
189372 0.407407
189400 0.408408
189417 0.411411
189420 0.412412
189449 0.413413
189461 0.414414
189474 0.415415
189490 0.416416
189495 0.417417
189542 0.418418
189544 0.419419
189571 0.420420
189623 0.421421
189628 0.422422
189632 0.423423
189669 0.424424
189716 0.425425
189728 0.426426
189745 0.427427
189747 0.428428
189779 0.429429
189795 0.430430
189815 0.431431
189819 0.432432
189825 0.433433
189856 0.434434
189908 0.435435
189936 0.436436
189949 0.437437
189981 0.438438
189996 0.439439
190053 0.440440
190059 0.441441
190082 0.442442
190096 0.443443
190109 0.444444
190137 0.445445
190141 0.446446
190167 0.447447
190170 0.448448
190320 0.449449
190343 0.450450
190370 0.451451
190381 0.452452
190391 0.453453
190404 0.454454
190460 0.455455
190465 0.456456
190489 0.457457
190521 0.458458
190541 0.459459
190586 0.460460
190588 0.461461
190589 0.462462
190604 0.463463
190621 0.464464
190633 0.465465
190683 0.466466
190738 0.467467
190785 0.468468
190801 0.469469
190805 0.470470
190812 0.471471
190856 0.472472
190938 0.473473
190989 0.474474
191002 0.475475
191003 0.476476
191010 0.477477
191042 0.478478
191044 0.479479
191069 0.480480
191099 0.481481
191114 0.482482
191116 0.483483
191125 0.484484
191193 0.485485
191247 0.486486
191279 0.487487
191284 0.488488
191308 0.489489
191316 0.490490
191360 0.491491
191363 0.492492
191382 0.493493
191399 0.494494
191433 0.495495
191460 0.496496
191504 0.497497
191530 0.498498
191547 0.499499
191561 0.500501
191562 0.501502
191571 0.502503
191644 0.503504
191662 0.504505
191671 0.505506
191676 0.506507
191688 0.507508
191691 0.508509
191697 0.509510
191746 0.510511
191771 0.511512
191802 0.512513
191839 0.513514
191853 0.514515
191887 0.515516
191896 0.516517
191927 0.517518
191960 0.518519
191965 0.519520
191970 0.520521
191973 0.521522
192012 0.522523
192048 0.523524
192071 0.524525
192103 0.525526
192144 0.526527
192154 0.527528
192168 0.528529
192177 0.529530
192217 0.530531
192226 0.531532
192246 0.532533
192253 0.534535
192289 0.535536
192295 0.536537
192400 0.537538
192457 0.538539
192535 0.539540
192555 0.540541
192584 0.541542
192597 0.542543
192604 0.543544
192642 0.545546
192644 0.546547
192662 0.547548
192696 0.548549
192699 0.549550
192789 0.550551
192810 0.551552
192811 0.552553
192851 0.553554
192863 0.554555
192892 0.555556
192896 0.556557
192912 0.557558
192916 0.558559
193037 0.559560
193053 0.560561
193185 0.561562
193191 0.562563
193200 0.563564
193211 0.564565
193239 0.565566
193244 0.567568
193290 0.568569
193412 0.569570
193448 0.570571
193484 0.571572
193582 0.572573
193620 0.573574
193646 0.574575
193653 0.575576
193686 0.576577
193700 0.578579
193701 0.579580
193727 0.581582
193734 0.582583
193858 0.583584
193892 0.584585
193938 0.585586
193964 0.586587
193998 0.587588
194004 0.588589
194020 0.589590
194029 0.590591
194094 0.591592
194119 0.592593
194140 0.593594
194162 0.594595
194205 0.595596
194207 0.596597
194287 0.597598
194288 0.598599
194317 0.599600
194456 0.600601
194480 0.601602
194481 0.602603
194521 0.603604
194532 0.604605
194535 0.605606
194548 0.606607
194574 0.607608
194592 0.608609
194636 0.609610
194674 0.610611
194684 0.611612
194708 0.612613
194763 0.613614
194794 0.614615
194849 0.615616
194856 0.616617
194866 0.617618
194880 0.618619
194967 0.619620
195003 0.620621
195006 0.621622
195030 0.622623
195064 0.623624
195240 0.624625
195241 0.625626
195258 0.626627
195280 0.627628
195287 0.628629
195290 0.629630
195338 0.630631
195393 0.631632
195402 0.632633
195494 0.633634
195510 0.634635
195557 0.635636
195581 0.636637
195590 0.637638
195623 0.638639
195662 0.639640
195690 0.640641
195713 0.641642
195718 0.642643
195739 0.644645
195762 0.645646
195823 0.647648
195827 0.648649
195836 0.649650
195841 0.650651
195846 0.651652
195847 0.652653
195852 0.653654
195862 0.654655
195872 0.655656
195890 0.656657
195920 0.657658
195943 0.658659
195974 0.659660
195991 0.660661
196048 0.661662
196050 0.662663
196051 0.663664
196077 0.664665
196079 0.665666
196106 0.666667
196123 0.667668
196126 0.668669
196150 0.669670
196172 0.670671
196225 0.671672
196287 0.672673
196313 0.673674
196315 0.674675
196338 0.675676
196342 0.676677
196495 0.677678
196559 0.678679
196562 0.679680
196566 0.680681
196598 0.681682
196651 0.682683
196710 0.683684
196734 0.684685
196739 0.685686
196762 0.686687
196786 0.687688
196817 0.688689
196827 0.689690
196872 0.690691
196921 0.691692
196932 0.692693
196985 0.693694
197006 0.694695
197010 0.695696
197076 0.696697
197100 0.697698
197134 0.698699
197149 0.699700
197171 0.700701
197213 0.701702
197231 0.702703
197262 0.703704
197366 0.704705
197379 0.705706
197384 0.706707
197387 0.707708
197406 0.708709
197410 0.709710
197418 0.710711
197457 0.711712
197477 0.712713
197516 0.713714
197531 0.714715
197551 0.715716
197559 0.716717
197586 0.717718
197590 0.718719
197593 0.719720
197621 0.720721
197625 0.721722
197648 0.722723
197669 0.723724
197695 0.724725
197729 0.725726
197746 0.726727
197757 0.727728
197768 0.728729
197796 0.729730
197800 0.730731
197829 0.731732
197896 0.732733
197950 0.733734
197971 0.734735
197973 0.735736
197984 0.736737
198040 0.737738
198054 0.738739
198119 0.739740
198175 0.740741
198207 0.741742
198223 0.742743
198278 0.743744
198288 0.744745
198294 0.745746
198296 0.746747
198305 0.747748
198506 0.748749
198520 0.749750
198540 0.750751
198553 0.751752
198587 0.752753
198596 0.753754
198611 0.754755
198662 0.755756
198795 0.756757
198827 0.757758
198850 0.758759
198868 0.759760
198907 0.760761
198917 0.761762
198940 0.762763
198958 0.763764
199064 0.764765
199125 0.765766
199128 0.766767
199146 0.767768
199154 0.768769
199166 0.769770
199197 0.770771
199232 0.771772
199284 0.772773
199328 0.773774
199405 0.774775
199420 0.775776
199474 0.776777
199494 0.777778
199535 0.778779
199540 0.779780
199564 0.780781
199601 0.781782
199609 0.782783
199657 0.783784
199834 0.784785
199854 0.785786
199889 0.786787
199890 0.787788
200014 0.788789
200040 0.789790
200046 0.790791
200196 0.791792
200371 0.792793
200395 0.793794
200433 0.794795
200471 0.795796
200489 0.796797
200529 0.797798
200532 0.798799
200551 0.799800
200614 0.800801
200654 0.801802
200667 0.802803
200790 0.803804
200807 0.804805
200914 0.805806
200934 0.806807
200963 0.807808
200992 0.808809
201123 0.809810
201131 0.810811
201146 0.811812
201237 0.812813
201329 0.813814
201334 0.814815
201341 0.815816
201395 0.816817
201459 0.817818
201530 0.818819
201541 0.819820
201680 0.820821
201709 0.821822
201799 0.822823
201811 0.823824
201820 0.824825
201929 0.825826
201953 0.826827
201954 0.827828
201980 0.828829
202029 0.829830
202058 0.830831
202072 0.831832
202215 0.832833
202256 0.833834
202350 0.834835
202451 0.835836
202490 0.836837
202603 0.837838
202665 0.838839
202719 0.839840
202737 0.840841
203027 0.841842
203057 0.842843
203090 0.843844
203100 0.844845
203218 0.845846
203248 0.846847
203255 0.847848
203300 0.848849
203361 0.849850
203362 0.850851
203382 0.851852
203481 0.852853
203488 0.853854
203537 0.854855
203539 0.855856
203573 0.856857
203644 0.857858
203671 0.858859
203748 0.859860
203792 0.860861
203818 0.861862
203835 0.862863
203836 0.863864
203911 0.864865
203953 0.866867
204065 0.867868
204161 0.868869
204215 0.869870
204219 0.870871
204233 0.871872
204254 0.872873
204342 0.873874
204447 0.874875
204491 0.875876
204502 0.876877
204623 0.877878
204772 0.878879
204856 0.879880
204877 0.880881
204940 0.881882
204961 0.882883
204985 0.883884
205030 0.884885
205065 0.885886
205238 0.886887
205350 0.887888
205427 0.888889
205485 0.889890
205755 0.890891
205778 0.892893
205867 0.893894
205903 0.894895
205937 0.895896
206387 0.896897
206426 0.897898
206619 0.898899
206691 0.899900
206762 0.900901
206888 0.901902
207002 0.902903
207049 0.903904
207127 0.904905
207225 0.905906
207288 0.906907
207331 0.907908
207411 0.908909
207449 0.909910
207513 0.910911
207649 0.911912
207654 0.912913
207702 0.913914
207759 0.914915
207842 0.915916
208193 0.916917
208330 0.917918
208482 0.918919
208552 0.919920
208630 0.920921
208827 0.921922
208891 0.922923
209254 0.923924
209310 0.924925
209513 0.925926
209573 0.926927
209671 0.927928
209701 0.928929
209751 0.929930
209755 0.930931
209977 0.931932
210017 0.932933
210075 0.933934
210253 0.934935
210319 0.935936
210344 0.936937
210551 0.937938
210557 0.938939
210691 0.939940
210757 0.940941
210827 0.941942
211278 0.942943
211340 0.943944
211425 0.944945
211432 0.945946
211522 0.946947
211666 0.947948
211668 0.948949
211869 0.949950
212341 0.950951
212609 0.951952
212819 0.952953
212836 0.953954
212877 0.954955
212920 0.955956
213436 0.956957
213437 0.957958
213625 0.958959
213700 0.959960
213716 0.960961
213730 0.961962
213927 0.962963
214230 0.963964
214582 0.964965
215421 0.965966
215827 0.966967
215949 0.967968
216144 0.968969
217761 0.969970
218111 0.970971
218173 0.971972
218433 0.972973
219685 0.973974
220282 0.974975
221811 0.975976
222184 0.976977
222193 0.977978
222895 0.978979
223106 0.979980
223322 0.980981
223729 0.981982
225014 0.982983
225253 0.983984
225431 0.984985
226405 0.985986
226943 0.986987
227263 0.987988
227753 0.988989
227939 0.989990
228288 0.990991
229762 0.991992
230205 0.992993
231269 0.993994
233336 0.994995
236257 0.995996
236676 0.996997
237910 0.997998
238431 0.998999
242120 1.000000


100 0.000000
100 0.002002
101 0.005005
102 0.015015
103 0.036036
104 0.071071
105 0.145145
106 0.324324
107 0.574575
108 0.755756
109 0.862863
110 0.897898
111 0.921922
112 0.938939
113 0.952953
114 0.957958
115 0.964965
116 0.970971
117 0.979980
118 0.983984
119 0.985986
120 0.990991
121 0.991992
122 0.993994
123 0.994995
124 0.995996
125 0.997998
131 0.998999
139 1.000000


