83868 0.000000
83868 0.001000
84849 0.002000
87151 0.003000
88157 0.004000
88473 0.005000
88851 0.006000
89163 0.007000
89913 0.008000
89970 0.009000
89984 0.010000
90289 0.011000
90682 0.012000
90721 0.013000
90912 0.014000
91137 0.015000
91194 0.016000
92421 0.017000
92528 0.018000
92658 0.019000
92844 0.020000
93072 0.021000
93176 0.022000
93359 0.023000
93470 0.024000
93950 0.025000
94058 0.026000
95380 0.027000
95381 0.028000
95423 0.029000
95431 0.030000
95686 0.031000
95744 0.032000
95749 0.033000
95991 0.034000
96215 0.035000
96683 0.036000
97092 0.037000
97200 0.038000
97206 0.039000
97230 0.040000
97802 0.041000
97982 0.042000
98086 0.043000
98102 0.044000
98111 0.045000
98402 0.046000
98529 0.047000
98611 0.048000
98724 0.049000
98990 0.050000
99091 0.051000
99543 0.052000
99606 0.053000
99685 0.054000
99866 0.055000
99870 0.056000
100044 0.057000
100163 0.058000
100308 0.059000
100352 0.060000
100376 0.061000
100380 0.062000
100413 0.063000
100554 0.064000
100566 0.065000
100827 0.066000
100829 0.067000
100868 0.068000
100926 0.069000
101063 0.070000
101094 0.071000
101180 0.072000
101191 0.073000
101525 0.074000
101529 0.075000
101671 0.076000
101820 0.077000
101990 0.078000
102056 0.079000
102075 0.080000
102289 0.081000
102303 0.082000
102442 0.083000
102580 0.084000
102748 0.085000
102755 0.086000
102778 0.087000
103106 0.088000
103401 0.089000
103670 0.090000
103672 0.091000
103725 0.092000
103741 0.093000
103837 0.094000
103934 0.095000
104462 0.096000
104599 0.097000
104691 0.098000
104751 0.099000
104910 0.100000
104946 0.101000
105109 0.102000
105197 0.103000
105244 0.104000
105839 0.105000
105922 0.106000
106031 0.107000
106508 0.108000
106591 0.109000
106658 0.110000
106851 0.111000
106867 0.112000
107094 0.113000
107125 0.114000
107306 0.115000
107319 0.116000
107321 0.117000
107369 0.118000
107388 0.119000
107483 0.120000
107485 0.121000
107501 0.122000
107803 0.123000
107815 0.124000
107852 0.125000
108162 0.126000
108236 0.127000
108252 0.128000
108347 0.129000
108367 0.130000
108512 0.131000
108599 0.132000
108601 0.133000
108790 0.134000
108917 0.135000
109334 0.136000
109337 0.137000
109380 0.138000
109450 0.139000
109605 0.140000
109628 0.141000
109819 0.142000
110114 0.143000
110164 0.144000
110377 0.145000
110389 0.146000
110422 0.147000
110654 0.148000
110716 0.149000
110788 0.150000
110840 0.151000
111469 0.152000
111643 0.153000
111666 0.154000
111713 0.155000
111768 0.156000
111883 0.157000
111905 0.158000
111993 0.159000
112173 0.160000
112484 0.161000
112557 0.162000
112627 0.163000
112897 0.164000
112956 0.165000
113027 0.166000
113139 0.167000
113194 0.168000
113254 0.169000
113390 0.170000
113413 0.171000
113450 0.172000
113454 0.173000
113556 0.174000
113572 0.175000
113593 0.176000
113604 0.177000
113630 0.178000
113705 0.179000
113720 0.180000
113753 0.181000
114063 0.182000
114108 0.183000
114212 0.184000
114217 0.185000
114252 0.186000
114320 0.187000
114439 0.188000
114542 0.189000
114544 0.190000
114795 0.191000
114799 0.192000
114855 0.193000
114969 0.194000
115114 0.195000
115223 0.196000
115239 0.197000
115247 0.198000
115276 0.199000
115429 0.200000
115436 0.201000
115469 0.202000
115490 0.203000
115708 0.204000
115762 0.205000
116024 0.206000
116226 0.207000
116241 0.208000
116307 0.209000
116334 0.210000
116466 0.211000
116467 0.212000
116658 0.213000
116745 0.214000
116917 0.215000
117020 0.216000
117113 0.217000
117226 0.218000
117251 0.219000
117259 0.220000
117323 0.221000
117339 0.222000
117460 0.223000
117612 0.224000
117739 0.225000
117764 0.226000
117796 0.227000
117874 0.228000
117884 0.229000
117946 0.230000
117985 0.231000
118031 0.232000
118070 0.233000
118167 0.234000
118180 0.235000
118224 0.236000
118298 0.237000
118474 0.238000
118490 0.239000
118572 0.240000
118573 0.241000
118598 0.242000
118774 0.243000
118938 0.245000
118979 0.246000
118986 0.247000
119006 0.248000
119021 0.249000
119264 0.250000
119334 0.251000
119357 0.252000
119419 0.253000
119422 0.254000
119432 0.255000
119571 0.256000
119651 0.257000
119656 0.258000
119883 0.259000
120038 0.260000
120040 0.261000
120049 0.262000
120132 0.263000
120145 0.264000
120263 0.265000
120286 0.266000
120373 0.267000
120403 0.268000
120525 0.269000
120600 0.270000
120652 0.271000
120670 0.272000
120755 0.273000
120769 0.274000
120800 0.275000
120971 0.276000
121019 0.277000
121068 0.278000
121156 0.279000
121235 0.280000
121348 0.281000
121424 0.282000
121501 0.283000
121659 0.284000
121791 0.285000
121935 0.286000
122012 0.287000
122046 0.288000
122186 0.289000
122271 0.290000
122395 0.291000
122420 0.292000
122442 0.293000
122452 0.294000
122496 0.295000
122555 0.296000
122564 0.297000
122635 0.298000
122659 0.299000
122706 0.300000
122801 0.301000
122896 0.302000
122979 0.303000
123073 0.304000
123142 0.305000
123233 0.306000
123275 0.307000
123321 0.308000
123624 0.309000
123646 0.310000
123765 0.311000
124003 0.312000
124054 0.313000
124097 0.314000
124162 0.315000
124190 0.316000
124279 0.317000
124324 0.318000
124366 0.319000
124375 0.320000
124535 0.321000
124589 0.322000
124593 0.323000
124637 0.324000
124642 0.325000
124756 0.326000
125025 0.327000
125075 0.328000
125199 0.329000
125287 0.330000
125319 0.331000
125320 0.332000
125352 0.333000
125412 0.334000
125470 0.335000
125502 0.336000
125562 0.337000
125639 0.338000
125652 0.339000
125668 0.340000
125768 0.341000
125822 0.342000
125874 0.343000
125963 0.344000
125995 0.345000
126168 0.346000
126241 0.347000
126368 0.348000
126384 0.349000
126418 0.350000
126545 0.351000
126777 0.352000
126855 0.353000
126901 0.354000
127001 0.355000
127254 0.356000
127354 0.357000
127372 0.358000
127429 0.359000
127447 0.360000
127475 0.361000
127723 0.362000
127871 0.363000
127902 0.364000
127920 0.365000
128079 0.366000
128101 0.367000
128236 0.368000
128263 0.369000
128342 0.370000
128350 0.371000
128410 0.372000
128437 0.373000
128463 0.374000
128544 0.375000
128581 0.376000
128662 0.377000
128671 0.378000
128781 0.379000
128788 0.380000
128971 0.381000
129067 0.382000
129092 0.383000
129144 0.384000
129210 0.385000
129248 0.386000
129255 0.387000
129389 0.388000
129408 0.389000
129412 0.390000
129660 0.391000
129712 0.392000
129772 0.393000
129803 0.394000
129874 0.395000
129912 0.396000
129972 0.397000
129973 0.398000
130025 0.399000
130161 0.400000
130189 0.401000
130193 0.402000
130198 0.403000
130200 0.404000
130204 0.405000
130238 0.406000
130256 0.407000
130275 0.408000
130277 0.409000
130312 0.410000
130432 0.411000
130489 0.412000
130529 0.413000
130543 0.414000
130554 0.415000
130727 0.416000
130754 0.417000
130827 0.418000
130835 0.419000
130887 0.420000
130919 0.421000
130982 0.422000
130996 0.423000
131040 0.424000
131053 0.425000
131091 0.426000
131106 0.427000
131199 0.428000
131208 0.429000
131255 0.430000
131293 0.431000
131309 0.432000
131551 0.433000
131630 0.434000
131676 0.435000
131722 0.436000
131806 0.437000
131862 0.438000
131982 0.439000
132063 0.440000
132070 0.441000
132097 0.442000
132116 0.443000
132148 0.444000
132165 0.445000
132224 0.446000
132407 0.447000
132419 0.448000
132479 0.449000
132500 0.450000
132558 0.451000
132613 0.452000
132691 0.453000
132776 0.454000
132778 0.455000
132909 0.456000
132919 0.457000
133093 0.458000
133121 0.459000
133161 0.460000
133192 0.461000
133269 0.462000
133301 0.463000
133396 0.464000
133408 0.465000
133561 0.466000
133619 0.467000
133680 0.468000
133729 0.469000
133765 0.470000
133791 0.471000
133886 0.472000
133923 0.473000
134092 0.474000
134094 0.475000
134137 0.476000
134170 0.477000
134231 0.478000
134260 0.479000
134267 0.480000
134292 0.481000
134340 0.482000
134353 0.483000
134397 0.484000
134410 0.485000
134511 0.486000
134512 0.487000
134526 0.488000
134572 0.489000
134612 0.490000
134679 0.491000
134689 0.492000
134718 0.493000
134783 0.494000
134820 0.495000
134862 0.496000
134870 0.497000
134893 0.498000
134919 0.499000
134929 0.500000
134996 0.501000
135058 0.502000
135067 0.503000
135165 0.504000
135166 0.505000
135273 0.506000
135338 0.507000
135418 0.508000
135436 0.509000
135453 0.510000
135581 0.511000
135769 0.512000
135804 0.513000
135858 0.514000
135872 0.515000
135901 0.516000
135929 0.517000
135947 0.518000
135951 0.519000
135969 0.520000
136041 0.521000
136178 0.522000
136320 0.523000
136404 0.524000
136430 0.525000
136480 0.526000
136495 0.527000
136497 0.528000
136513 0.529000
136532 0.530000
136547 0.531000
136646 0.532000
136726 0.533000
136729 0.534000
136762 0.535000
136773 0.536000
136793 0.537000
136902 0.538000
136996 0.539000
137027 0.540000
137071 0.541000
137087 0.542000
137223 0.543000
137230 0.545000
137259 0.546000
137275 0.547000
137279 0.548000
137432 0.549000
137441 0.550000
137444 0.551000
137512 0.552000
137596 0.553000
137691 0.554000
137700 0.555000
137790 0.556000
137801 0.557000
137821 0.558000
137931 0.559000
138131 0.560000
138149 0.561000
138184 0.562000
138281 0.563000
138295 0.564000
138366 0.565000
138461 0.566000
138505 0.567000
138510 0.568000
138521 0.569000
138576 0.570000
138616 0.571000
138669 0.572000
138680 0.573000
138732 0.574000
138757 0.575000
138774 0.576000
138781 0.577000
138859 0.578000
138873 0.579000
139069 0.580000
139086 0.581000
139090 0.582000
139264 0.583000
139322 0.584000
139374 0.585000
139402 0.586000
139473 0.587000
139547 0.588000
139572 0.589000
139639 0.590000
139640 0.591000
139697 0.592000
139703 0.593000
139766 0.594000
139823 0.596000
139854 0.597000
139931 0.598000
139980 0.599000
139986 0.600000
139988 0.601000
140022 0.602000
140040 0.603000
140173 0.604000
140202 0.605000
140203 0.606000
140425 0.607000
140500 0.608000
140545 0.609000
140620 0.610000
140692 0.611000
140728 0.612000
140735 0.613000
140777 0.614000
140820 0.615000
140822 0.616000
140849 0.617000
140881 0.618000
140911 0.619000
141044 0.620000
141052 0.621000
141107 0.622000
141116 0.623000
141175 0.624000
141199 0.625000
141205 0.626000
141220 0.627000
141332 0.628000
141342 0.629000
141364 0.630000
141389 0.631000
141406 0.632000
141420 0.633000
141455 0.634000
141473 0.635000
141484 0.636000
141584 0.637000
141647 0.638000
141656 0.639000
141724 0.640000
141797 0.641000
141819 0.642000
141858 0.643000
141891 0.644000
141893 0.645000
141944 0.646000
141994 0.647000
142073 0.648000
142089 0.649000
142336 0.650000
142394 0.651000
142420 0.652000
142429 0.653000
142473 0.654000
142494 0.655000
142632 0.656000
142633 0.657000
142673 0.658000
142777 0.659000
142833 0.660000
142881 0.661000
143028 0.662000
143044 0.663000
143157 0.664000
143282 0.665000
143289 0.666000
143290 0.667000
143297 0.668000
143320 0.669000
143405 0.670000
143495 0.671000
143568 0.672000
143570 0.673000
143581 0.674000
143861 0.675000
143957 0.676000
143983 0.677000
144036 0.678000
144039 0.679000
144060 0.680000
144288 0.681000
144335 0.682000
144466 0.683000
144469 0.684000
144509 0.685000
144606 0.686000
144618 0.687000
144704 0.688000
144735 0.689000
144742 0.690000
144799 0.691000
144802 0.692000
144824 0.693000
144863 0.694000
144883 0.695000
144886 0.696000
144898 0.697000
144919 0.698000
144941 0.699000
144977 0.700000
145108 0.701000
145123 0.702000
145140 0.703000
145144 0.705000
145162 0.706000
145177 0.707000
145223 0.708000
145394 0.709000
145407 0.710000
145408 0.711000
145464 0.712000
145512 0.714000
145543 0.715000
145571 0.716000
145659 0.717000
145866 0.718000
145951 0.719000
145964 0.720000
146107 0.721000
146135 0.722000
146202 0.723000
146245 0.724000
146342 0.725000
146372 0.726000
146383 0.727000
146406 0.728000
146512 0.729000
146561 0.730000
146616 0.731000
146640 0.732000
146664 0.733000
146770 0.734000
146782 0.735000
146791 0.736000
146816 0.737000
146836 0.738000
146880 0.739000
146895 0.740000
146930 0.741000
146950 0.742000
146980 0.743000
147073 0.744000
147086 0.745000
147130 0.746000
147138 0.747000
147143 0.748000
147153 0.749000
147207 0.750000
147208 0.751000
147210 0.752000
147257 0.753000
147265 0.754000
147316 0.755000
147485 0.756000
147499 0.757000
147529 0.759000
147573 0.760000
147583 0.761000
147594 0.762000
147627 0.763000
147752 0.764000
147784 0.765000
147799 0.766000
147818 0.767000
147835 0.768000
147914 0.769000
148023 0.770000
148031 0.771000
148056 0.772000
148103 0.773000
148163 0.774000
148240 0.775000
148246 0.776000
148334 0.777000
148408 0.778000
148423 0.779000
148437 0.780000
148663 0.781000
148694 0.782000
148732 0.783000
148792 0.784000
148795 0.785000
148853 0.786000
148885 0.787000
148943 0.788000
149012 0.789000
149015 0.790000
149148 0.791000
149263 0.792000
149265 0.793000
149294 0.794000
149381 0.795000
149414 0.796000
149519 0.797000
149540 0.798000
149542 0.799000
149545 0.800000
149572 0.801000
149659 0.802000
149765 0.803000
149839 0.804000
150030 0.805000
150034 0.806000
150040 0.807000
150099 0.808000
150129 0.809000
150190 0.810000
150215 0.811000
150289 0.812000
150323 0.813000
150360 0.814000
150372 0.815000
150457 0.816000
150471 0.817000
150472 0.818000
150769 0.819000
150792 0.820000
151098 0.821000
151132 0.822000
151139 0.823000
151243 0.824000
151286 0.825000
151314 0.826000
151373 0.827000
151401 0.828000
151417 0.829000
151470 0.830000
151486 0.831000
151500 0.832000
151509 0.833000
151568 0.834000
151662 0.835000
151664 0.836000
151667 0.837000
151676 0.838000
151710 0.839000
151719 0.840000
151825 0.841000
151847 0.842000
152036 0.843000
152097 0.844000
152151 0.845000
152155 0.846000
152329 0.847000
152349 0.848000
152356 0.849000
152422 0.850000
152427 0.851000
152581 0.852000
152583 0.853000
152662 0.854000
152663 0.855000
152723 0.856000
152771 0.857000
152812 0.858000
152971 0.859000
152994 0.860000
153064 0.861000
153092 0.862000
153099 0.863000
153151 0.864000
153187 0.865000
153219 0.866000
153269 0.867000
153315 0.868000
153370 0.869000
153383 0.870000
153412 0.871000
153453 0.872000
153475 0.873000
153522 0.874000
153581 0.875000
153623 0.876000
153660 0.877000
153731 0.878000
153800 0.879000
153896 0.880000
153926 0.881000
153968 0.882000
154003 0.883000
154131 0.884000
154536 0.885000
154639 0.886000
154725 0.887000
154897 0.888000
154973 0.889000
155089 0.890000
155119 0.891000
155185 0.892000
155244 0.893000
155321 0.894000
155673 0.895000
155771 0.896000
155824 0.897000
155876 0.898000
155919 0.899000
156090 0.900000
156323 0.901000
156499 0.902000
156545 0.903000
156596 0.904000
156617 0.905000
156661 0.906000
156725 0.907000
156879 0.908000
156930 0.909000
157001 0.910000
157013 0.911000
157044 0.912000
157172 0.913000
157349 0.914000
157413 0.915000
157479 0.916000
157566 0.917000
157626 0.918000
157665 0.919000
157811 0.920000
157885 0.921000
157953 0.922000
158089 0.923000
158143 0.924000
158230 0.925000
158235 0.926000
158622 0.927000
158696 0.928000
158717 0.929000
158768 0.930000
158836 0.931000
158848 0.932000
158935 0.933000
158961 0.934000
159026 0.935000
159158 0.936000
159237 0.937000
159414 0.938000
159443 0.939000
159943 0.940000
159947 0.941000
159961 0.942000
160314 0.943000
160368 0.944000
160371 0.945000
160384 0.946000
160405 0.947000
160407 0.948000
160508 0.949000
160792 0.950000
160811 0.951000
160994 0.952000
161057 0.953000
161181 0.954000
161400 0.955000
161561 0.956000
161658 0.957000
161871 0.958000
161888 0.959000
161897 0.960000
161946 0.961000
162042 0.962000
162415 0.963000
162504 0.964000
162594 0.965000
162727 0.966000
162909 0.967000
162998 0.968000
163283 0.969000
163393 0.970000
163455 0.971000
163784 0.972000
163881 0.973000
163897 0.974000
164080 0.975000
164552 0.976000
164817 0.977000
165126 0.978000
165165 0.979000
165323 0.980000
166523 0.981000
166966 0.982000
167049 0.983000
167113 0.984000
167318 0.985000
167334 0.986000
167460 0.987000
167806 0.988000
167834 0.989000
168189 0.990000
168640 0.991000
168708 0.992000
169461 0.993000
170323 0.994000
171190 0.995000
171543 0.996000
171758 0.997000
172853 0.998000
175779 0.999000
178310 1.000000


