202472 0.000000
202472 0.005000
206099 0.010000
207604 0.015000
208265 0.020000
209775 0.025000
210164 0.030000
211543 0.035000
213171 0.040000
213884 0.045000
214047 0.050000
214512 0.055000
215250 0.060000
215820 0.065000
216205 0.070000
216293 0.075000
216644 0.080000
216766 0.085000
216866 0.090000
217085 0.095000
217235 0.100000
217243 0.105000
217283 0.110000
217324 0.115000
217333 0.120000
217795 0.125000
217888 0.130000
217892 0.135000
218319 0.140000
218373 0.145000
218412 0.150000
218798 0.155000
219047 0.160000
219160 0.165000
219323 0.170000
219537 0.175000
219630 0.180000
219645 0.185000
219678 0.190000
220150 0.195000
220551 0.200000
220565 0.205000
220567 0.210000
220718 0.215000
220867 0.220000
221037 0.225000
221047 0.230000
221200 0.235000
221221 0.240000
221311 0.245000
221333 0.250000
221363 0.255000
221383 0.260000
221414 0.265000
221548 0.270000
221705 0.275000
221750 0.280000
221778 0.285000
221952 0.290000
221958 0.295000
222053 0.300000
222159 0.305000
222405 0.310000
222415 0.315000
222499 0.320000
222578 0.325000
222611 0.330000
222638 0.335000
222653 0.340000
222808 0.345000
222967 0.350000
223067 0.355000
223071 0.360000
223187 0.365000
223233 0.370000
223548 0.375000
223583 0.380000
223742 0.385000
223785 0.390000
224165 0.395000
224243 0.400000
224356 0.405000
224360 0.410000
224538 0.415000
224595 0.420000
224680 0.425000
224900 0.430000
224924 0.435000
225382 0.440000
225636 0.445000
225727 0.450000
225765 0.455000
225783 0.460000
225786 0.465000
225816 0.470000
225931 0.475000
226035 0.480000
226064 0.485000
226087 0.490000
226225 0.495000
226304 0.500000
226355 0.505000
226796 0.510000
226820 0.515000
226892 0.520000
226938 0.525000
226991 0.530000
227046 0.535000
227247 0.540000
227262 0.545000
227274 0.550000
227503 0.555000
227583 0.560000
227658 0.565000
227843 0.570000
227986 0.575000
228031 0.580000
228152 0.585000
228243 0.590000
228308 0.595000
228344 0.600000
228484 0.605000
228497 0.610000
228518 0.615000
228566 0.620000
228591 0.625000
228600 0.630000
228604 0.635000
228643 0.640000
228661 0.645000
228666 0.650000
228821 0.655000
229001 0.660000
229091 0.665000
229141 0.670000
229250 0.675000
229257 0.680000
229308 0.685000
229340 0.690000
229359 0.695000
229524 0.700000
229600 0.705000
229695 0.710000
229739 0.715000
229764 0.720000
229788 0.725000
229856 0.730000
230031 0.735000
230041 0.740000
230066 0.745000
230339 0.750000
230474 0.755000
230677 0.760000
230780 0.765000
230937 0.770000
230944 0.775000
230946 0.780000
231004 0.785000
231428 0.790000
231496 0.795000
231504 0.800000
231517 0.805000
231707 0.810000
231974 0.815000
231978 0.820000
232316 0.825000
232408 0.830000
233178 0.835000
233210 0.840000
233245 0.845000
233321 0.850000
233421 0.855000
233530 0.860000
233602 0.865000
233728 0.870000
233742 0.875000
233810 0.880000
233811 0.885000
233897 0.890000
233998 0.895000
234343 0.900000
234544 0.905000
234985 0.910000
235047 0.915000
235266 0.920000
236433 0.925000
236668 0.930000
236935 0.935000
237000 0.940000
237059 0.945000
237093 0.950000
237187 0.955000
237254 0.960000
237351 0.965000
237631 0.970000
237729 0.975000
237971 0.980000
238493 0.985000
239400 0.990000
241066 0.995000
241974 1.000000


130 0.000000
130 0.005000
131 0.030000
132 0.045000
133 0.050000
134 0.090000
135 0.100000
136 0.115000
137 0.215000
138 0.405000
139 0.545000
140 0.690000
141 0.900000
142 0.985000
143 0.990000
144 0.995000
149 1.000000


