99297 0.000000
99297 0.001000
106853 0.002000
107311 0.003000
108019 0.004000
108790 0.005000
108903 0.006000
109697 0.007000
110505 0.008000
110968 0.009000
111227 0.010000
115155 0.011000
115696 0.012000
115733 0.013000
116599 0.014000
116811 0.015000
116901 0.016000
117577 0.017000
118247 0.018000
119102 0.019000
119204 0.020000
119498 0.021000
119990 0.022000
120111 0.023000
120318 0.024000
120453 0.025000
121369 0.026000
121857 0.027000
122034 0.028000
122766 0.029000
123572 0.030000
123579 0.031000
123747 0.032000
123871 0.033000
124142 0.034000
124221 0.035000
124360 0.036000
124646 0.037000
124974 0.038000
125627 0.039000
125843 0.040000
125962 0.041000
126206 0.042000
126319 0.043000
126890 0.044000
126948 0.045000
126987 0.046000
127343 0.047000
127864 0.048000
128375 0.049000
128429 0.050000
128633 0.051000
128871 0.052000
129133 0.053000
129143 0.054000
129184 0.055000
129214 0.056000
129288 0.057000
129528 0.058000
129661 0.059000
129853 0.060000
129904 0.061000
129939 0.062000
130014 0.063000
130181 0.064000
130200 0.065000
130449 0.066000
130647 0.067000
130671 0.068000
130684 0.069000
130817 0.070000
131296 0.071000
131317 0.072000
131487 0.073000
131631 0.074000
131680 0.075000
132126 0.076000
132192 0.077000
132280 0.078000
132569 0.079000
132575 0.080000
132621 0.081000
132657 0.082000
132683 0.083000
132923 0.084000
132961 0.085000
132972 0.086000
133037 0.087000
133167 0.088000
133218 0.089000
133390 0.090000
133399 0.091000
133620 0.092000
133847 0.093000
133934 0.094000
133996 0.095000
134003 0.096000
134039 0.097000
134108 0.098000
134119 0.099000
134190 0.100000
134201 0.101000
134224 0.102000
134416 0.103000
134455 0.104000
134677 0.105000
134872 0.106000
134895 0.107000
134919 0.108000
134924 0.109000
134947 0.110000
134951 0.111000
135014 0.112000
135029 0.113000
135153 0.114000
135471 0.115000
135500 0.116000
135612 0.117000
135669 0.118000
135758 0.119000
135830 0.120000
135891 0.121000
135931 0.122000
135989 0.123000
135995 0.124000
136021 0.125000
136054 0.126000
136181 0.127000
136278 0.128000
136367 0.129000
136404 0.130000
136464 0.131000
136521 0.132000
136542 0.133000
136559 0.134000
136811 0.135000
137010 0.136000
137034 0.137000
137042 0.138000
137176 0.139000
137200 0.140000
137205 0.141000
137221 0.142000
137396 0.143000
137407 0.144000
137429 0.145000
137453 0.146000
137578 0.147000
137727 0.148000
138064 0.149000
138123 0.150000
138223 0.151000
138238 0.152000
138294 0.153000
138301 0.154000
138486 0.155000
138503 0.156000
138536 0.157000
138540 0.158000
138732 0.159000
138735 0.160000
138740 0.161000
138768 0.162000
138857 0.163000
138879 0.164000
138933 0.165000
138953 0.166000
139092 0.167000
139122 0.168000
139143 0.169000
139171 0.170000
139204 0.171000
139255 0.172000
139722 0.173000
139793 0.174000
139944 0.175000
140063 0.176000
140233 0.177000
140377 0.178000
140409 0.179000
140420 0.180000
140489 0.181000
140706 0.182000
140729 0.183000
140836 0.184000
141169 0.185000
141204 0.186000
141354 0.187000
141412 0.188000
141452 0.189000
141454 0.190000
141470 0.191000
141565 0.192000
141675 0.193000
141684 0.194000
141729 0.195000
141735 0.196000
141776 0.198000
141825 0.199000
141945 0.200000
142049 0.201000
142065 0.202000
142176 0.203000
142204 0.204000
142285 0.205000
142371 0.206000
142507 0.207000
142537 0.208000
142549 0.209000
142667 0.210000
142830 0.211000
142890 0.212000
142910 0.213000
142968 0.214000
143041 0.215000
143048 0.216000
143170 0.217000
143197 0.218000
143260 0.219000
143320 0.220000
143352 0.221000
143354 0.222000
143358 0.223000
143466 0.224000
143532 0.225000
143588 0.226000
143674 0.227000
143742 0.228000
143771 0.229000
143793 0.230000
143833 0.231000
143882 0.232000
143905 0.233000
143945 0.234000
143982 0.235000
143994 0.236000
144069 0.237000
144501 0.238000
144574 0.239000
144596 0.240000
144689 0.241000
144724 0.242000
144726 0.243000
144735 0.244000
144797 0.245000
144853 0.246000
144920 0.247000
144958 0.248000
145081 0.249000
145087 0.250000
145176 0.251000
145210 0.252000
145366 0.253000
145378 0.254000
145434 0.255000
145438 0.256000
145453 0.257000
145464 0.258000
145499 0.259000
145570 0.260000
145707 0.261000
145779 0.262000
145780 0.263000
145786 0.264000
146025 0.265000
146051 0.266000
146099 0.267000
146209 0.268000
146332 0.269000
146452 0.270000
146475 0.271000
146480 0.272000
146488 0.273000
146551 0.274000
146558 0.275000
146619 0.276000
146628 0.277000
146660 0.278000
146731 0.279000
146765 0.280000
146854 0.281000
146888 0.282000
146954 0.283000
146973 0.284000
147052 0.285000
147103 0.286000
147197 0.287000
147252 0.288000
147298 0.289000
147541 0.290000
147804 0.291000
147854 0.292000
147884 0.293000
147950 0.294000
148054 0.295000
148081 0.296000
148102 0.297000
148103 0.298000
148106 0.299000
148110 0.300000
148253 0.301000
148256 0.302000
148259 0.303000
148404 0.304000
148453 0.305000
148455 0.306000
148470 0.307000
148475 0.308000
148483 0.309000
148592 0.310000
148699 0.311000
148894 0.313000
148934 0.314000
148972 0.315000
148974 0.316000
149152 0.317000
149195 0.318000
149336 0.319000
149344 0.320000
149436 0.321000
149485 0.322000
149509 0.323000
149546 0.324000
149594 0.325000
149648 0.326000
149666 0.327000
149722 0.328000
149843 0.329000
149849 0.330000
149882 0.331000
149923 0.332000
149964 0.333000
149983 0.334000
150108 0.335000
150109 0.336000
150118 0.337000
150161 0.338000
150174 0.339000
150181 0.340000
150227 0.341000
150267 0.342000
150272 0.343000
150415 0.344000
150463 0.345000
150474 0.346000
150477 0.347000
150529 0.348000
150587 0.349000
150606 0.350000
150661 0.351000
150679 0.352000
150689 0.353000
150698 0.354000
150726 0.355000
150735 0.356000
150754 0.357000
150764 0.358000
150936 0.359000
150942 0.360000
150971 0.361000
151053 0.362000
151084 0.363000
151173 0.364000
151218 0.365000
151303 0.366000
151525 0.367000
151541 0.368000
151711 0.369000
151789 0.370000
151838 0.371000
151840 0.372000
151907 0.373000
151956 0.374000
151992 0.375000
152050 0.376000
152079 0.377000
152147 0.378000
152161 0.379000
152284 0.380000
152327 0.381000
152352 0.382000
152431 0.383000
152485 0.384000
152540 0.385000
152624 0.386000
152638 0.387000
152665 0.388000
152718 0.389000
152767 0.390000
152802 0.391000
152811 0.392000
152832 0.393000
152845 0.394000
152901 0.395000
153007 0.396000
153010 0.397000
153011 0.398000
153110 0.399000
153137 0.400000
153164 0.401000
153167 0.402000
153196 0.403000
153217 0.404000
153252 0.405000
153259 0.406000
153305 0.407000
153318 0.408000
153383 0.409000
153474 0.410000
153486 0.411000
153614 0.412000
153676 0.413000
153706 0.414000
153751 0.415000
153763 0.416000
153766 0.417000
153772 0.419000
153777 0.420000
153800 0.421000
153818 0.422000
153843 0.423000
153908 0.424000
153949 0.425000
154049 0.426000
154093 0.427000
154111 0.428000
154165 0.429000
154182 0.430000
154228 0.431000
154258 0.432000
154421 0.433000
154461 0.434000
154530 0.435000
154600 0.436000
154616 0.437000
154649 0.438000
154766 0.439000
154806 0.440000
154847 0.441000
154882 0.442000
154984 0.443000
155000 0.444000
155063 0.445000
155094 0.446000
155095 0.447000
155164 0.448000
155191 0.449000
155276 0.451000
155303 0.452000
155361 0.453000
155432 0.454000
155456 0.455000
155488 0.456000
155495 0.457000
155545 0.458000
155584 0.459000
155594 0.460000
155625 0.461000
155649 0.462000
155704 0.463000
155815 0.464000
155825 0.465000
155865 0.466000
155880 0.467000
155933 0.468000
155946 0.469000
155980 0.470000
156074 0.471000
156141 0.472000
156203 0.473000
156214 0.474000
156275 0.475000
156287 0.476000
156294 0.477000
156324 0.478000
156364 0.479000
156415 0.480000
156498 0.481000
156523 0.482000
156531 0.483000
156551 0.484000
156567 0.485000
156570 0.486000
156668 0.487000
156714 0.488000
156716 0.489000
156748 0.490000
156833 0.491000
156856 0.492000
156862 0.493000
156945 0.494000
156980 0.495000
157040 0.496000
157122 0.497000
157221 0.498000
157227 0.499000
157228 0.500000
157239 0.501000
157246 0.502000
157382 0.503000
157438 0.504000
157469 0.505000
157485 0.506000
157505 0.507000
157541 0.508000
157584 0.509000
157623 0.510000
157675 0.511000
157708 0.512000
157742 0.513000
157746 0.514000
157776 0.515000
157856 0.516000
157878 0.517000
157969 0.518000
157989 0.519000
158035 0.520000
158059 0.521000
158091 0.523000
158171 0.524000
158215 0.525000
158281 0.526000
158354 0.527000
158379 0.528000
158404 0.529000
158415 0.530000
158499 0.531000
158517 0.532000
158551 0.533000
158565 0.534000
158571 0.535000
158589 0.536000
158672 0.537000
158676 0.538000
158681 0.539000
158809 0.540000
158859 0.542000
158882 0.543000
158935 0.544000
159003 0.545000
159141 0.546000
159171 0.547000
159211 0.548000
159280 0.549000
159349 0.550000
159353 0.551000
159363 0.552000
159380 0.553000
159412 0.554000
159501 0.555000
159509 0.556000
159512 0.557000
159576 0.558000
159605 0.559000
159687 0.560000
159739 0.561000
159758 0.562000
159810 0.563000
159846 0.564000
159923 0.566000
159925 0.567000
159966 0.568000
159970 0.569000
160030 0.570000
160116 0.571000
160145 0.572000
160156 0.573000
160224 0.574000
160243 0.575000
160247 0.576000
160270 0.577000
160295 0.578000
160301 0.579000
160336 0.580000
160407 0.581000
160434 0.582000
160443 0.583000
160478 0.584000
160480 0.585000
160514 0.586000
160520 0.587000
160548 0.588000
160567 0.589000
160597 0.590000
160629 0.591000
160634 0.592000
160654 0.594000
160853 0.595000
160897 0.596000
160952 0.597000
160966 0.598000
160974 0.599000
161020 0.600000
161027 0.601000
161073 0.602000
161126 0.603000
161171 0.604000
161232 0.605000
161239 0.606000
161318 0.607000
161361 0.608000
161400 0.609000
161431 0.610000
161523 0.611000
161538 0.612000
161585 0.613000
161610 0.614000
161639 0.615000
161657 0.616000
161717 0.617000
161753 0.618000
161800 0.619000
161814 0.620000
161897 0.621000
161916 0.623000
161948 0.624000
161956 0.625000
161990 0.626000
162010 0.627000
162057 0.628000
162064 0.629000
162128 0.630000
162132 0.631000
162142 0.632000
162190 0.633000
162239 0.634000
162250 0.635000
162366 0.636000
162403 0.637000
162407 0.638000
162419 0.639000
162552 0.640000
162578 0.641000
162676 0.642000
162689 0.643000
162716 0.644000
162722 0.645000
162755 0.646000
162818 0.647000
162874 0.648000
162906 0.649000
162955 0.650000
162971 0.651000
163025 0.652000
163042 0.653000
163066 0.654000
163078 0.655000
163106 0.656000
163117 0.657000
163134 0.658000
163153 0.659000
163180 0.660000
163221 0.661000
163277 0.662000
163308 0.663000
163314 0.664000
163387 0.665000
163420 0.666000
163444 0.667000
163455 0.668000
163456 0.669000
163476 0.670000
163480 0.671000
163530 0.672000
163556 0.673000
163613 0.674000
163630 0.675000
163685 0.676000
163687 0.677000
163743 0.678000
163749 0.679000
163779 0.680000
163867 0.681000
163942 0.682000
164019 0.683000
164097 0.684000
164182 0.685000
164228 0.686000
164233 0.687000
164304 0.688000
164341 0.689000
164429 0.690000
164457 0.691000
164465 0.692000
164527 0.693000
164596 0.694000
164690 0.695000
164712 0.696000
164784 0.697000
164790 0.698000
164921 0.699000
165034 0.700000
165080 0.701000
165158 0.702000
165201 0.703000
165259 0.704000
165328 0.705000
165370 0.706000
165393 0.707000
165445 0.708000
165493 0.709000
165690 0.710000
165736 0.711000
165758 0.712000
165768 0.713000
165780 0.714000
165804 0.715000
165812 0.716000
165845 0.717000
165860 0.718000
165912 0.719000
165922 0.720000
165976 0.721000
166012 0.722000
166079 0.723000
166142 0.724000
166202 0.725000
166303 0.726000
166329 0.727000
166337 0.728000
166426 0.729000
166518 0.730000
166762 0.731000
166793 0.732000
166827 0.733000
166833 0.734000
166860 0.735000
166865 0.736000
166986 0.737000
167103 0.738000
167105 0.739000
167106 0.740000
167126 0.741000
167175 0.742000
167333 0.743000
167409 0.744000
167453 0.745000
167570 0.746000
167630 0.747000
167636 0.748000
167711 0.749000
167729 0.750000
167783 0.751000
167923 0.752000
167934 0.753000
167979 0.754000
168034 0.755000
168075 0.756000
168082 0.757000
168125 0.758000
168182 0.759000
168220 0.760000
168383 0.761000
168406 0.762000
168436 0.763000
168508 0.764000
168526 0.765000
168605 0.766000
168647 0.767000
168653 0.768000
168680 0.769000
168731 0.770000
168852 0.771000
168884 0.772000
168920 0.773000
168935 0.774000
168942 0.775000
169007 0.776000
169075 0.777000
169149 0.778000
169168 0.779000
169206 0.780000
169307 0.781000
169327 0.782000
169397 0.783000
169431 0.784000
169453 0.785000
169516 0.786000
169520 0.787000
169677 0.788000
169768 0.789000
169781 0.790000
169837 0.791000
169838 0.792000
169845 0.793000
169859 0.794000
169860 0.795000
169869 0.796000
169937 0.797000
169966 0.798000
170100 0.799000
170152 0.800000
170248 0.801000
170268 0.802000
170353 0.803000
170539 0.804000
170547 0.805000
170550 0.806000
170557 0.807000
170603 0.808000
170690 0.809000
170740 0.810000
170818 0.811000
170929 0.812000
171000 0.813000
171074 0.814000
171121 0.815000
171125 0.816000
171237 0.817000
171302 0.818000
171367 0.819000
171454 0.820000
171527 0.821000
171875 0.822000
171939 0.823000
171970 0.824000
172090 0.825000
172116 0.826000
172209 0.827000
172252 0.828000
172301 0.829000
172311 0.830000
172433 0.831000
172475 0.832000
172519 0.833000
172581 0.834000
172589 0.835000
172682 0.836000
172726 0.837000
172752 0.838000
172761 0.839000
172839 0.840000
172859 0.841000
173004 0.842000
173021 0.843000
173040 0.844000
173046 0.845000
173047 0.846000
173063 0.847000
173101 0.848000
173161 0.849000
173242 0.850000
173384 0.851000
173472 0.852000
173481 0.853000
173571 0.854000
173750 0.855000
173761 0.856000
173953 0.857000
174082 0.858000
174114 0.859000
174123 0.860000
174205 0.861000
174261 0.862000
174389 0.863000
174470 0.864000
174509 0.865000
174512 0.866000
174716 0.867000
174758 0.868000
174822 0.870000
174878 0.871000
175185 0.872000
175210 0.873000
175268 0.874000
175283 0.875000
175437 0.876000
175453 0.877000
175489 0.878000
175598 0.879000
175611 0.880000
175693 0.881000
175755 0.882000
175781 0.883000
175790 0.884000
175867 0.885000
175906 0.886000
175934 0.887000
175936 0.888000
176004 0.889000
176013 0.890000
176097 0.891000
176103 0.892000
176624 0.893000
176630 0.894000
176650 0.895000
176683 0.896000
176698 0.897000
176728 0.898000
176740 0.899000
176870 0.900000
176919 0.901000
177020 0.902000
177080 0.903000
177122 0.904000
177257 0.905000
177349 0.906000
177356 0.907000
177471 0.908000
177493 0.909000
177584 0.910000
177668 0.911000
177724 0.912000
177731 0.913000
177760 0.914000
177937 0.915000
178059 0.916000
178067 0.917000
178135 0.918000
178570 0.919000
178628 0.920000
178907 0.921000
179193 0.922000
179410 0.923000
179806 0.924000
179894 0.925000
180024 0.926000
180084 0.927000
180248 0.928000
180392 0.929000
180545 0.930000
180551 0.931000
180573 0.932000
180637 0.933000
180680 0.934000
180691 0.935000
180703 0.936000
180748 0.937000
180762 0.938000
181145 0.939000
181182 0.940000
181952 0.941000
182033 0.942000
182099 0.943000
182114 0.944000
182172 0.945000
182229 0.946000
182478 0.947000
182583 0.948000
182616 0.949000
182672 0.950000
182869 0.951000
182944 0.952000
183008 0.953000
183175 0.954000
183201 0.955000
183514 0.956000
183569 0.957000
184025 0.958000
184159 0.959000
184165 0.960000
184663 0.961000
184774 0.962000
184890 0.963000
185535 0.964000
185897 0.965000
186033 0.966000
186080 0.967000
187071 0.968000
187126 0.969000
187237 0.970000
188382 0.971000
188465 0.972000
188712 0.973000
189393 0.974000
189779 0.975000
189992 0.976000
190260 0.977000
191073 0.978000
191342 0.979000
191422 0.980000
191533 0.981000
193171 0.982000
193742 0.983000
194602 0.984000
195550 0.985000
195685 0.986000
196609 0.987000
197902 0.988000
199564 0.989000
202416 0.990000
203955 0.991000
205065 0.992000
207127 0.993000
207690 0.994000
209910 0.995000
210001 0.996000
211849 0.997000
214151 0.998000
216513 0.999000
229796 1.000000


