199511 0.000000
199511 0.001000
212063 0.002000
222132 0.003000
223341 0.004000
223601 0.005000
224381 0.006000
225116 0.007000
225332 0.008000
225950 0.009000
227241 0.010000
227584 0.011000
228018 0.012000
228636 0.013000
229112 0.014000
229179 0.015000
229940 0.016000
231582 0.017000
232361 0.018000
232615 0.019000
232760 0.020000
233405 0.021000
233511 0.022000
233653 0.023000
233711 0.024000
233963 0.025000
234177 0.026000
234415 0.027000
234447 0.028000
234736 0.029000
235638 0.030000
235688 0.031000
235892 0.032000
236188 0.033000
236617 0.034000
236725 0.035000
237083 0.036000
238012 0.037000
238988 0.038000
239125 0.039000
239128 0.040000
239411 0.041000
239568 0.042000
239869 0.043000
240106 0.044000
240142 0.045000
240220 0.046000
240407 0.047000
240573 0.048000
241208 0.049000
241278 0.050000
241414 0.051000
241485 0.052000
241924 0.053000
242362 0.054000
242838 0.055000
243067 0.056000
243070 0.057000
243146 0.058000
243151 0.059000
243566 0.060000
244257 0.061000
244652 0.062000
244889 0.063000
245047 0.064000
245066 0.065000
245288 0.066000
245496 0.067000
245528 0.068000
245535 0.069000
245543 0.070000
245886 0.071000
246169 0.072000
246175 0.073000
246373 0.074000
246465 0.075000
246726 0.076000
247145 0.077000
247368 0.078000
247450 0.079000
247517 0.080000
247768 0.081000
247801 0.082000
247811 0.083000
248457 0.084000
248462 0.085000
248477 0.086000
248510 0.087000
248535 0.088000
248540 0.089000
248798 0.090000
248861 0.091000
249025 0.092000
249111 0.093000
249131 0.094000
249183 0.095000
249260 0.096000
249292 0.097000
249336 0.098000
249408 0.099000
249485 0.100000
249534 0.101000
249630 0.102000
249759 0.103000
249795 0.104000
249909 0.105000
249912 0.106000
249963 0.107000
250022 0.108000
250032 0.109000
250078 0.110000
250499 0.111000
250517 0.112000
250673 0.113000
250740 0.114000
250964 0.115000
251003 0.116000
251478 0.117000
251704 0.118000
251709 0.119000
251783 0.120000
251798 0.121000
251852 0.122000
252104 0.123000
252170 0.124000
252333 0.125000
252480 0.126000
252588 0.127000
252645 0.128000
252750 0.129000
252798 0.130000
252843 0.131000
252930 0.132000
253117 0.133000
253139 0.134000
253308 0.135000
253355 0.136000
253423 0.137000
253501 0.138000
253515 0.139000
253537 0.140000
253700 0.141000
253703 0.142000
253708 0.143000
254028 0.144000
254096 0.145000
254133 0.146000
254153 0.147000
254249 0.148000
254323 0.149000
254541 0.150000
254628 0.151000
254683 0.152000
254719 0.153000
254756 0.155000
254856 0.156000
254886 0.157000
255055 0.158000
255078 0.159000
255208 0.160000
255264 0.161000
255283 0.162000
255288 0.163000
255339 0.164000
255359 0.165000
255466 0.166000
255485 0.167000
255694 0.168000
255844 0.169000
255895 0.170000
256143 0.171000
256165 0.172000
256167 0.173000
256210 0.174000
256299 0.175000
256442 0.176000
256456 0.177000
256481 0.178000
256517 0.179000
256540 0.180000
256624 0.181000
256666 0.182000
256682 0.183000
256830 0.184000
256898 0.185000
256946 0.186000
257057 0.187000
257215 0.188000
257248 0.189000
257267 0.190000
257312 0.191000
257377 0.192000
257494 0.193000
257523 0.194000
257544 0.195000
257546 0.196000
257559 0.197000
257568 0.198000
257711 0.199000
257727 0.200000
257768 0.201000
257777 0.202000
257845 0.204000
258055 0.205000
258073 0.206000
258098 0.207000
258205 0.208000
258367 0.209000
258402 0.210000
258469 0.211000
258514 0.212000
258552 0.213000
258646 0.214000
258658 0.215000
258817 0.216000
258858 0.217000
258899 0.218000
258952 0.219000
259083 0.220000
259191 0.221000
259216 0.222000
259236 0.223000
259322 0.224000
259404 0.225000
259438 0.226000
259740 0.227000
259857 0.228000
259910 0.229000
259961 0.230000
259966 0.231000
260006 0.232000
260093 0.233000
260106 0.234000
260207 0.235000
260267 0.236000
260372 0.237000
260416 0.238000
260480 0.239000
260539 0.240000
260556 0.241000
260634 0.242000
260712 0.243000
260747 0.244000
260802 0.245000
260827 0.246000
260862 0.247000
260880 0.248000
261165 0.249000
261169 0.250000
261359 0.251000
261379 0.252000
261412 0.253000
261421 0.254000
261503 0.255000
261646 0.256000
261724 0.257000
261938 0.258000
262204 0.259000
262267 0.260000
262271 0.261000
262279 0.262000
262352 0.263000
262388 0.264000
262397 0.265000
262456 0.266000
262470 0.267000
262614 0.268000
262644 0.269000
262743 0.270000
262881 0.271000
262927 0.272000
263029 0.273000
263096 0.274000
263105 0.275000
263196 0.276000
263304 0.277000
263360 0.278000
263398 0.279000
263531 0.280000
263822 0.281000
264047 0.282000
264101 0.283000
264194 0.284000
264276 0.285000
264370 0.286000
264395 0.287000
264454 0.288000
264519 0.289000
264610 0.290000
264716 0.291000
264777 0.292000
264823 0.293000
264836 0.294000
264852 0.295000
264887 0.296000
264910 0.297000
264938 0.298000
264979 0.299000
264985 0.300000
264997 0.301000
265045 0.302000
265172 0.303000
265200 0.304000
265204 0.305000
265288 0.306000
265325 0.307000
265354 0.308000
265465 0.309000
265493 0.310000
265521 0.311000
265570 0.312000
265602 0.313000
265656 0.314000
265674 0.315000
265742 0.316000
265955 0.317000
266050 0.318000
266071 0.319000
266199 0.320000
266304 0.321000
266309 0.322000
266383 0.323000
266434 0.324000
266496 0.325000
266557 0.326000
266698 0.327000
266699 0.328000
266715 0.329000
266729 0.330000
266735 0.331000
266764 0.332000
266843 0.333000
266969 0.334000
267018 0.335000
267050 0.336000
267083 0.337000
267087 0.338000
267139 0.339000
267223 0.340000
267360 0.341000
267378 0.342000
267459 0.343000
267480 0.344000
267515 0.345000
267548 0.346000
267581 0.347000
267588 0.348000
267611 0.349000
267632 0.350000
267691 0.351000
267784 0.352000
267893 0.353000
267943 0.354000
267961 0.355000
267968 0.356000
268015 0.357000
268034 0.358000
268053 0.359000
268074 0.360000
268141 0.361000
268263 0.362000
268272 0.363000
268289 0.364000
268355 0.365000
268363 0.366000
268460 0.367000
268498 0.368000
268539 0.369000
268555 0.370000
268607 0.371000
268670 0.372000
268706 0.373000
268752 0.374000
268815 0.375000
268895 0.376000
268930 0.377000
268945 0.378000
268956 0.379000
268969 0.380000
268997 0.381000
269059 0.382000
269221 0.383000
269292 0.384000
269309 0.385000
269437 0.386000
269495 0.387000
269515 0.388000
269523 0.389000
269548 0.390000
269672 0.391000
269718 0.392000
269725 0.393000
269792 0.394000
269801 0.395000
269862 0.396000
270010 0.397000
270031 0.398000
270117 0.399000
270144 0.400000
270226 0.401000
270264 0.402000
270328 0.403000
270491 0.404000
270518 0.405000
270637 0.406000
270647 0.407000
270657 0.408000
270695 0.409000
270851 0.410000
270911 0.411000
270999 0.412000
271040 0.413000
271077 0.414000
271273 0.415000
271277 0.416000
271320 0.417000
271351 0.418000
271360 0.419000
271364 0.420000
271517 0.421000
271673 0.422000
271758 0.423000
271772 0.424000
271844 0.425000
271907 0.426000
272052 0.427000
272121 0.428000
272154 0.429000
272224 0.430000
272277 0.431000
272366 0.432000
272442 0.433000
272454 0.434000
272526 0.435000
272615 0.436000
272647 0.437000
272657 0.438000
272778 0.439000
272780 0.440000
272820 0.441000
272934 0.442000
272988 0.443000
273020 0.444000
273125 0.445000
273137 0.446000
273151 0.447000
273178 0.448000
273252 0.449000
273285 0.450000
273364 0.451000
273374 0.452000
273375 0.453000
273382 0.454000
273421 0.455000
273451 0.456000
273476 0.457000
273489 0.458000
273575 0.459000
273583 0.460000
273596 0.461000
273638 0.462000
273639 0.463000
273645 0.464000
273668 0.465000
273736 0.466000
273743 0.467000
273830 0.468000
273863 0.469000
273977 0.470000
273979 0.471000
274002 0.472000
274021 0.473000
274077 0.474000
274210 0.475000
274216 0.476000
274301 0.477000
274340 0.478000
274364 0.479000
274388 0.480000
274407 0.481000
274442 0.482000
274512 0.483000
274546 0.484000
274653 0.485000
274731 0.486000
274757 0.487000
274768 0.489000
274795 0.490000
274856 0.491000
274891 0.492000
274933 0.493000
274938 0.494000
274980 0.495000
275053 0.496000
275108 0.497000
275177 0.498000
275371 0.499000
275401 0.500000
275424 0.501000
275431 0.502000
275481 0.503000
275517 0.504000
275543 0.505000
275555 0.506000
275615 0.507000
275624 0.508000
275647 0.509000
275652 0.510000
275697 0.511000
275767 0.512000
275771 0.513000
275805 0.514000
275821 0.515000
275896 0.516000
275959 0.517000
276063 0.518000
276079 0.519000
276092 0.520000
276211 0.521000
276243 0.522000
276316 0.523000
276355 0.524000
276455 0.525000
276493 0.526000
276548 0.527000
276568 0.528000
276615 0.529000
276627 0.530000
276661 0.531000
276666 0.532000
276679 0.533000
276699 0.534000
276712 0.535000
276770 0.536000
276773 0.537000
276788 0.538000
276795 0.539000
276823 0.540000
276889 0.541000
276936 0.542000
276967 0.543000
277048 0.544000
277109 0.545000
277270 0.546000
277273 0.547000
277289 0.548000
277290 0.549000
277303 0.550000
277320 0.551000
277330 0.552000
277356 0.553000
277720 0.554000
277729 0.555000
277753 0.556000
277764 0.557000
277812 0.558000
277829 0.559000
277891 0.560000
277967 0.561000
278025 0.562000
278207 0.563000
278243 0.564000
278294 0.565000
278373 0.566000
278381 0.567000
278526 0.568000
278548 0.569000
278593 0.570000
278636 0.571000
278719 0.572000
278815 0.573000
278849 0.574000
278922 0.575000
278963 0.576000
279014 0.577000
279117 0.578000
279209 0.579000
279242 0.580000
279266 0.581000
279362 0.582000
279367 0.583000
279413 0.584000
279588 0.585000
279651 0.586000
279660 0.587000
279676 0.588000
279707 0.589000
279766 0.590000
279796 0.591000
279800 0.592000
279847 0.593000
279856 0.594000
279864 0.595000
279902 0.596000
279917 0.597000
279980 0.598000
280013 0.599000
280050 0.600000
280128 0.601000
280178 0.602000
280210 0.603000
280217 0.604000
280280 0.605000
280320 0.606000
280482 0.607000
280499 0.608000
280528 0.609000
280540 0.610000
280554 0.611000
280572 0.612000
280887 0.613000
280928 0.614000
281000 0.615000
281084 0.616000
281130 0.617000
281283 0.618000
281311 0.619000
281438 0.620000
281465 0.621000
281619 0.622000
281730 0.623000
281756 0.624000
281855 0.625000
281867 0.626000
281895 0.627000
281930 0.628000
281937 0.629000
282141 0.630000
282207 0.631000
282334 0.632000
282403 0.633000
282447 0.634000
282490 0.635000
282530 0.636000
282536 0.637000
282641 0.638000
282645 0.639000
282678 0.640000
282793 0.641000
282949 0.642000
283019 0.643000
283071 0.644000
283166 0.645000
283206 0.646000
283245 0.647000
283285 0.648000
283298 0.649000
283302 0.650000
283308 0.651000
283347 0.652000
283496 0.653000
283510 0.654000
283560 0.655000
283584 0.656000
283623 0.657000
283698 0.658000
283715 0.659000
283751 0.660000
283976 0.661000
284040 0.662000
284071 0.663000
284076 0.664000
284110 0.665000
284122 0.666000
284154 0.667000
284317 0.668000
284345 0.669000
284357 0.670000
284412 0.671000
284420 0.672000
284456 0.673000
284473 0.674000
284493 0.675000
284514 0.676000
284559 0.677000
284593 0.678000
284708 0.679000
284860 0.680000
284914 0.681000
285041 0.682000
285075 0.683000
285084 0.684000
285210 0.685000
285256 0.686000
285268 0.687000
285290 0.688000
285403 0.689000
285450 0.690000
285703 0.691000
285705 0.692000
285833 0.693000
285839 0.694000
285842 0.696000
285843 0.697000
285891 0.698000
285909 0.699000
286103 0.700000
286112 0.701000
286115 0.702000
286171 0.703000
286299 0.704000
286368 0.705000
286413 0.706000
286448 0.707000
286908 0.708000
286957 0.709000
287219 0.710000
287282 0.711000
287314 0.712000
287387 0.713000
287399 0.714000
287409 0.715000
287430 0.716000
287514 0.717000
287704 0.718000
287743 0.719000
287826 0.720000
288066 0.721000
288158 0.722000
288168 0.723000
288170 0.724000
288242 0.725000
288369 0.726000
288371 0.727000
288405 0.728000
288508 0.729000
288581 0.730000
288637 0.731000
288667 0.732000
288702 0.733000
288709 0.734000
288720 0.735000
288784 0.736000
288979 0.737000
289004 0.738000
289009 0.739000
289037 0.740000
289059 0.741000
289102 0.742000
289129 0.743000
289151 0.744000
289176 0.745000
289189 0.747000
289302 0.748000
289354 0.749000
289388 0.750000
289472 0.751000
289840 0.752000
289914 0.753000
289966 0.754000
289979 0.755000
290005 0.756000
290071 0.757000
290118 0.758000
290159 0.759000
290214 0.760000
290236 0.761000
290343 0.762000
290372 0.763000
290441 0.764000
290563 0.765000
290583 0.766000
290655 0.767000
290741 0.768000
290766 0.769000
290841 0.770000
290921 0.771000
290950 0.772000
291239 0.773000
291247 0.774000
291589 0.775000
291896 0.776000
291987 0.777000
292180 0.778000
292236 0.779000
292360 0.780000
292383 0.781000
292385 0.782000
292464 0.783000
292525 0.784000
292631 0.785000
292639 0.786000
292754 0.787000
292872 0.788000
292897 0.789000
292989 0.790000
293060 0.791000
293076 0.792000
293124 0.793000
293213 0.794000
293328 0.795000
293354 0.796000
293361 0.797000
293385 0.798000
293425 0.799000
293507 0.800000
293611 0.801000
293620 0.802000
293621 0.804000
293656 0.805000
293775 0.806000
293865 0.807000
294016 0.808000
294206 0.809000
294216 0.810000
294235 0.811000
294253 0.812000
294585 0.813000
294648 0.814000
294667 0.815000
294776 0.816000
294792 0.817000
294795 0.818000
294921 0.819000
295045 0.820000
295115 0.821000
295136 0.822000
295170 0.823000
295180 0.824000
295211 0.825000
295241 0.826000
295254 0.827000
295383 0.828000
295770 0.829000
295829 0.830000
295854 0.831000
295905 0.832000
295976 0.833000
296018 0.834000
296225 0.835000
296348 0.836000
296406 0.837000
296414 0.838000
296419 0.839000
296521 0.841000
296607 0.842000
296709 0.843000
296970 0.844000
296990 0.845000
297030 0.846000
297085 0.847000
297183 0.848000
297215 0.849000
297253 0.850000
297423 0.851000
297437 0.852000
297490 0.853000
297497 0.854000
297507 0.855000
297657 0.856000
297666 0.857000
297741 0.858000
297768 0.859000
297826 0.860000
297849 0.861000
297899 0.862000
297912 0.863000
298096 0.864000
298434 0.865000
298538 0.866000
298715 0.867000
298886 0.868000
298975 0.869000
299141 0.870000
299292 0.871000
299527 0.872000
299678 0.873000
299689 0.874000
299799 0.875000
299912 0.876000
300063 0.877000
300137 0.878000
300303 0.879000
300305 0.880000
300317 0.881000
300327 0.882000
300381 0.883000
300843 0.884000
300898 0.885000
300956 0.886000
300978 0.887000
301109 0.888000
301132 0.889000
301135 0.890000
301148 0.891000
301164 0.892000
301212 0.893000
301244 0.894000
301387 0.896000
301465 0.897000
301615 0.898000
301684 0.899000
301703 0.900000
301759 0.901000
301835 0.902000
301873 0.903000
301988 0.904000
302070 0.905000
302086 0.906000
302099 0.907000
302109 0.908000
302175 0.909000
302347 0.910000
302497 0.911000
302717 0.912000
302786 0.913000
303034 0.914000
303090 0.915000
303144 0.916000
303517 0.917000
303533 0.918000
303624 0.919000
303642 0.920000
303721 0.921000
304088 0.922000
304164 0.923000
304171 0.924000
304444 0.925000
304481 0.926000
304570 0.927000
304671 0.928000
304772 0.929000
305264 0.930000
305954 0.931000
305968 0.932000
306164 0.933000
306315 0.934000
306374 0.935000
306434 0.936000
306481 0.937000
306617 0.938000
306907 0.939000
306908 0.940000
307013 0.941000
307378 0.942000
307421 0.943000
307957 0.944000
307981 0.945000
308091 0.946000
308184 0.947000
308212 0.948000
308294 0.949000
308809 0.950000
308989 0.951000
309305 0.952000
309628 0.953000
309974 0.954000
310139 0.955000
310252 0.956000
310274 0.957000
310430 0.958000
310973 0.959000
311312 0.960000
311606 0.961000
311913 0.962000
312020 0.963000
312066 0.964000
312222 0.965000
312307 0.966000
312921 0.967000
313449 0.968000
313549 0.969000
313601 0.970000
313690 0.971000
313876 0.972000
315053 0.973000
315457 0.974000
316152 0.975000
316328 0.976000
316750 0.977000
317054 0.978000
317126 0.979000
317149 0.980000
317264 0.981000
317460 0.982000
318138 0.983000
318145 0.984000
318258 0.985000
319276 0.986000
320842 0.987000
321033 0.988000
322642 0.989000
323669 0.990000
323700 0.991000
324632 0.992000
325130 0.993000
325353 0.994000
327185 0.995000
334735 0.996000
338054 0.997000
341019 0.998000
355390 0.999000
369814 1.000000


