184517 0.000000
184517 0.001000
191061 0.002000
191973 0.003000
192593 0.004000
193901 0.005000
194165 0.006000
194536 0.007000
194778 0.008000
195128 0.009000
197314 0.010000
197853 0.011000
198553 0.012000
198664 0.013000
198671 0.014000
198836 0.015000
199594 0.016000
200353 0.017000
200468 0.018000
200672 0.019000
200907 0.020000
201132 0.021000
201222 0.022000
201798 0.023000
202124 0.024000
202180 0.025000
202263 0.026000
202353 0.027000
202739 0.028000
203197 0.029000
203285 0.030000
203522 0.031000
203591 0.032000
203835 0.033000
203984 0.034000
204005 0.035000
204025 0.036000
204042 0.037000
204126 0.038000
204271 0.039000
204309 0.040000
204863 0.041000
204987 0.042000
205020 0.043000
205199 0.044000
205260 0.045000
205481 0.046000
205528 0.047000
205558 0.048000
205696 0.049000
205904 0.050000
206154 0.051000
206395 0.052000
206484 0.053000
206518 0.054000
206731 0.055000
207122 0.056000
207164 0.057000
207192 0.058000
207377 0.059000
207603 0.060000
207663 0.061000
207854 0.062000
208074 0.063000
208502 0.064000
208593 0.065000
208702 0.066000
208718 0.067000
208936 0.068000
209180 0.069000
209228 0.070000
209269 0.071000
209322 0.072000
209422 0.073000
209709 0.074000
209857 0.075000
209875 0.076000
209890 0.077000
209930 0.078000
209964 0.079000
210104 0.080000
210134 0.081000
210228 0.082000
210251 0.083000
210292 0.084000
210357 0.085000
210640 0.086000
210726 0.088000
210807 0.089000
211026 0.090000
211034 0.091000
211113 0.092000
211175 0.093000
211198 0.094000
211218 0.095000
211253 0.096000
211270 0.097000
211299 0.098000
211434 0.099000
211495 0.100000
211515 0.101000
211641 0.102000
211648 0.103000
211672 0.104000
211686 0.105000
211755 0.106000
211808 0.107000
211859 0.108000
211909 0.109000
212054 0.110000
212084 0.111000
212387 0.112000
212586 0.113000
212624 0.114000
212657 0.115000
212659 0.116000
212718 0.117000
212770 0.118000
212786 0.119000
212800 0.121000
212824 0.122000
212880 0.123000
212975 0.124000
213043 0.125000
213116 0.126000
213120 0.127000
213134 0.128000
213191 0.129000
213459 0.130000
213581 0.131000
213590 0.132000
213641 0.133000
213656 0.134000
213733 0.135000
213747 0.136000
213878 0.137000
213957 0.138000
214005 0.139000
214072 0.140000
214081 0.141000
214123 0.142000
214147 0.143000
214192 0.144000
214218 0.145000
214285 0.146000
214306 0.147000
214369 0.148000
214371 0.149000
214383 0.150000
214424 0.151000
214473 0.152000
214540 0.153000
214610 0.154000
214658 0.155000
214676 0.156000
214678 0.157000
214774 0.158000
214967 0.159000
214987 0.160000
215057 0.161000
215217 0.162000
215227 0.163000
215228 0.164000
215246 0.165000
215294 0.166000
215454 0.167000
215551 0.168000
215627 0.169000
215639 0.170000
215914 0.171000
216174 0.172000
216195 0.173000
216254 0.174000
216286 0.175000
216340 0.176000
216508 0.177000
216562 0.178000
216574 0.179000
216587 0.180000
216595 0.181000
216608 0.182000
216654 0.183000
216677 0.184000
216684 0.185000
216691 0.186000
216743 0.187000
216824 0.188000
216860 0.189000
216875 0.190000
216948 0.191000
216953 0.192000
217004 0.193000
217007 0.194000
217191 0.195000
217247 0.197000
217313 0.198000
217348 0.199000
217393 0.200000
217407 0.201000
217425 0.202000
217475 0.203000
217499 0.204000
217517 0.205000
217527 0.206000
217655 0.207000
217713 0.208000
217878 0.209000
217880 0.210000
218073 0.211000
218080 0.212000
218081 0.213000
218091 0.214000
218195 0.215000
218249 0.216000
218269 0.217000
218309 0.218000
218311 0.219000
218452 0.220000
218499 0.221000
218552 0.222000
218562 0.223000
218622 0.224000
218631 0.225000
218673 0.226000
218738 0.227000
218991 0.228000
219037 0.229000
219136 0.230000
219175 0.231000
219216 0.232000
219313 0.233000
219388 0.234000
219482 0.235000
219522 0.236000
219552 0.237000
219564 0.238000
219738 0.239000
219762 0.240000
219803 0.241000
219822 0.242000
219921 0.243000
219992 0.244000
220039 0.245000
220045 0.246000
220104 0.247000
220113 0.248000
220144 0.249000
220219 0.250000
220254 0.251000
220423 0.252000
220459 0.253000
220552 0.254000
220561 0.255000
220614 0.257000
220691 0.258000
220730 0.259000
220833 0.260000
220927 0.261000
220946 0.262000
220972 0.263000
220985 0.264000
221009 0.265000
221036 0.266000
221072 0.267000
221153 0.268000
221201 0.269000
221209 0.270000
221222 0.271000
221225 0.272000
221243 0.273000
221275 0.274000
221314 0.275000
221330 0.276000
221348 0.277000
221364 0.278000
221391 0.279000
221469 0.280000
221507 0.281000
221509 0.282000
221555 0.283000
221559 0.284000
221626 0.285000
221647 0.286000
221663 0.287000
221670 0.288000
221708 0.289000
221741 0.290000
221876 0.291000
221881 0.292000
222038 0.293000
222044 0.294000
222101 0.295000
222117 0.296000
222145 0.297000
222158 0.298000
222185 0.299000
222201 0.300000
222218 0.301000
222275 0.302000
222282 0.304000
222285 0.305000
222353 0.306000
222427 0.307000
222440 0.308000
222558 0.309000
222562 0.310000
222573 0.311000
222606 0.312000
222635 0.313000
222799 0.314000
222806 0.315000
222812 0.316000
222865 0.317000
222902 0.318000
222910 0.319000
222923 0.320000
222932 0.321000
222934 0.322000
222945 0.323000
222961 0.324000
222962 0.325000
222966 0.327000
222974 0.328000
222979 0.329000
223028 0.330000
223159 0.331000
223211 0.332000
223227 0.333000
223229 0.334000
223405 0.335000
223465 0.336000
223466 0.337000
223467 0.338000
223520 0.339000
223568 0.340000
223569 0.341000
223716 0.342000
223776 0.343000
223793 0.344000
223822 0.345000
223834 0.346000
223898 0.347000
223929 0.348000
223947 0.349000
224121 0.350000
224136 0.351000
224145 0.352000
224152 0.353000
224154 0.354000
224180 0.355000
224199 0.356000
224235 0.357000
224242 0.358000
224426 0.359000
224431 0.360000
224445 0.361000
224457 0.362000
224463 0.363000
224527 0.364000
224539 0.365000
224567 0.366000
224577 0.367000
224620 0.368000
224626 0.369000
224715 0.370000
224722 0.371000
224788 0.372000
224860 0.373000
224881 0.374000
224903 0.375000
224947 0.376000
225032 0.377000
225062 0.378000
225085 0.379000
225152 0.380000
225197 0.381000
225198 0.382000
225235 0.383000
225250 0.384000
225257 0.385000
225264 0.386000
225270 0.387000
225298 0.388000
225300 0.389000
225357 0.390000
225359 0.391000
225537 0.392000
225550 0.393000
225574 0.394000
225595 0.395000
225646 0.397000
225662 0.398000
225927 0.399000
226030 0.400000
226048 0.401000
226083 0.402000
226098 0.403000
226124 0.404000
226229 0.405000
226365 0.406000
226416 0.407000
226473 0.408000
226491 0.409000
226513 0.410000
226577 0.411000
226604 0.412000
226653 0.413000
226723 0.414000
226745 0.415000
226746 0.416000
226758 0.417000
226775 0.418000
226910 0.419000
226943 0.420000
226964 0.421000
226993 0.423000
227006 0.424000
227114 0.425000
227115 0.427000
227117 0.428000
227119 0.429000
227184 0.430000
227259 0.431000
227393 0.432000
227476 0.433000
227501 0.434000
227541 0.435000
227629 0.436000
227918 0.437000
227952 0.438000
227959 0.439000
227979 0.440000
228004 0.441000
228056 0.442000
228059 0.443000
228093 0.444000
228119 0.445000
228123 0.446000
228202 0.447000
228305 0.448000
228329 0.449000
228348 0.450000
228360 0.451000
228428 0.452000
228470 0.453000
228510 0.454000
228585 0.455000
228595 0.456000
228641 0.457000
228707 0.458000
228769 0.459000
228873 0.460000
228887 0.461000
228971 0.464000
229008 0.465000
229019 0.466000
229091 0.467000
229209 0.468000
229254 0.469000
229291 0.470000
229350 0.471000
229391 0.472000
229464 0.473000
229556 0.474000
229594 0.475000
229599 0.476000
229643 0.477000
229665 0.478000
229685 0.479000
229758 0.480000
229800 0.481000
229806 0.482000
229941 0.483000
230002 0.484000
230075 0.485000
230155 0.486000
230183 0.487000
230188 0.488000
230199 0.489000
230227 0.490000
230242 0.491000
230243 0.492000
230248 0.493000
230278 0.494000
230291 0.495000
230315 0.496000
230319 0.497000
230394 0.498000
230508 0.499000
230538 0.500000
230557 0.501000
230679 0.502000
230696 0.503000
230705 0.504000
230713 0.505000
230877 0.506000
230879 0.507000
230897 0.508000
230908 0.509000
230946 0.510000
230968 0.511000
230981 0.512000
231050 0.513000
231055 0.514000
231098 0.515000
231156 0.516000
231166 0.517000
231206 0.518000
231258 0.519000
231295 0.520000
231347 0.521000
231361 0.522000
231458 0.523000
231473 0.524000
231553 0.525000
231602 0.526000
231633 0.527000
231752 0.528000
231758 0.529000
231769 0.530000
231839 0.531000
231849 0.532000
231855 0.533000
231937 0.534000
232006 0.535000
232016 0.536000
232033 0.537000
232056 0.538000
232067 0.539000
232272 0.540000
232300 0.541000
232529 0.542000
232590 0.543000
232662 0.544000
232708 0.545000
232894 0.546000
232905 0.547000
232917 0.548000
232960 0.549000
233178 0.550000
233205 0.551000
233360 0.552000
233436 0.553000
233455 0.554000
233461 0.555000
233473 0.556000
233578 0.557000
233586 0.558000
233621 0.559000
233705 0.560000
233715 0.562000
233730 0.563000
233779 0.564000
233810 0.565000
233820 0.566000
233961 0.567000
233982 0.568000
233990 0.569000
234001 0.570000
234035 0.571000
234109 0.572000
234145 0.573000
234162 0.574000
234301 0.575000
234318 0.576000
234379 0.577000
234405 0.579000
234459 0.580000
234506 0.581000
234520 0.582000
234578 0.583000
234622 0.584000
234714 0.585000
234723 0.586000
234732 0.587000
234740 0.588000
234810 0.589000
234856 0.590000
234874 0.591000
234893 0.592000
234903 0.593000
234907 0.594000
234909 0.595000
234913 0.596000
235051 0.597000
235070 0.598000
235089 0.599000
235145 0.600000
235229 0.601000
235277 0.602000
235282 0.603000
235309 0.604000
235332 0.605000
235417 0.606000
235447 0.607000
235485 0.608000
235509 0.609000
235531 0.610000
235576 0.611000
235682 0.612000
235729 0.613000
235776 0.614000
235798 0.615000
235830 0.616000
235910 0.617000
235954 0.618000
235995 0.619000
236119 0.620000
236125 0.621000
236137 0.622000
236174 0.623000
236181 0.624000
236207 0.625000
236230 0.626000
236290 0.627000
236292 0.628000
236339 0.629000
236342 0.630000
236419 0.631000
236471 0.632000
236511 0.634000
236581 0.635000
236588 0.636000
236680 0.637000
236692 0.638000
236727 0.639000
236785 0.640000
236798 0.641000
236883 0.642000
236886 0.643000
236941 0.644000
236956 0.645000
236961 0.646000
236963 0.647000
237009 0.648000
237016 0.649000
237114 0.650000
237154 0.651000
237185 0.652000
237197 0.653000
237214 0.654000
237216 0.655000
237444 0.657000
237554 0.658000
237589 0.659000
237639 0.660000
237737 0.661000
237855 0.662000
237858 0.663000
237881 0.664000
237893 0.665000
237900 0.666000
237921 0.667000
237997 0.668000
237998 0.669000
238057 0.670000
238066 0.671000
238272 0.672000
238279 0.673000
238284 0.674000
238529 0.675000
238564 0.676000
238587 0.677000
238638 0.678000
238699 0.679000
238762 0.680000
238825 0.681000
238883 0.682000
238913 0.683000
238957 0.684000
238958 0.685000
239028 0.686000
239086 0.687000
239114 0.688000
239210 0.689000
239278 0.690000
239326 0.691000
239392 0.692000
239405 0.693000
239500 0.694000
239506 0.695000
239548 0.696000
239901 0.697000
239945 0.698000
240077 0.699000
240124 0.700000
240129 0.701000
240227 0.702000
240273 0.703000
240275 0.704000
240300 0.705000
240383 0.706000
240426 0.707000
240464 0.708000
240486 0.709000
240490 0.710000
240510 0.711000
240557 0.712000
240580 0.713000
240626 0.714000
240667 0.715000
240695 0.716000
240944 0.717000
241068 0.718000
241122 0.719000
241210 0.720000
241221 0.721000
241222 0.722000
241278 0.723000
241286 0.724000
241357 0.726000
241497 0.727000
241500 0.728000
241522 0.729000
241539 0.730000
241549 0.731000
241584 0.732000
241604 0.733000
241684 0.734000
241688 0.735000
241699 0.736000
241739 0.737000
241752 0.738000
241788 0.739000
241878 0.740000
241913 0.741000
241960 0.742000
241978 0.743000
241982 0.744000
241986 0.745000
242049 0.746000
242076 0.747000
242284 0.748000
242351 0.749000
242390 0.750000
242467 0.751000
242491 0.752000
242507 0.753000
242586 0.754000
242631 0.755000
242652 0.756000
242803 0.758000
242861 0.759000
242912 0.760000
243059 0.761000
243194 0.762000
243239 0.763000
243240 0.764000
243249 0.765000
243419 0.766000
243627 0.767000
243695 0.768000
243712 0.769000
243962 0.770000
243985 0.771000
244419 0.772000
244572 0.773000
244645 0.774000
244687 0.775000
244723 0.776000
244738 0.777000
244926 0.778000
244962 0.779000
244965 0.780000
245059 0.781000
245069 0.782000
245161 0.783000
245256 0.784000
245342 0.785000
245407 0.786000
245448 0.787000
245450 0.788000
245547 0.789000
245595 0.790000
245662 0.791000
245723 0.792000
245752 0.793000
245781 0.794000
245805 0.795000
245861 0.796000
245927 0.797000
245936 0.798000
246063 0.799000
246204 0.800000
246222 0.801000
246227 0.802000
246473 0.803000
246484 0.804000
246561 0.805000
246692 0.806000
246717 0.807000
246734 0.808000
246739 0.809000
246863 0.810000
246961 0.811000
246999 0.812000
247187 0.813000
247200 0.814000
247465 0.815000
247542 0.816000
247596 0.817000
247676 0.818000
247763 0.819000
247796 0.820000
247853 0.821000
247885 0.822000
247918 0.823000
247944 0.824000
248058 0.825000
248149 0.826000
248159 0.827000
248174 0.828000
248276 0.829000
248627 0.830000
248693 0.831000
248784 0.832000
248813 0.833000
248832 0.834000
248975 0.835000
248976 0.836000
249055 0.837000
249123 0.838000
249136 0.839000
249264 0.840000
249286 0.841000
249307 0.842000
249443 0.843000
249459 0.844000
249505 0.845000
249548 0.846000
249655 0.847000
249760 0.848000
249858 0.849000
249979 0.850000
250119 0.851000
250162 0.852000
250193 0.853000
250483 0.854000
250501 0.855000
250591 0.856000
250684 0.857000
250768 0.858000
250884 0.859000
250951 0.860000
250991 0.861000
251098 0.862000
251110 0.863000
251239 0.864000
251535 0.865000
251596 0.866000
251679 0.867000
251697 0.868000
251791 0.869000
251949 0.870000
252041 0.871000
252194 0.872000
252266 0.873000
252314 0.874000
252394 0.875000
252433 0.876000
252517 0.877000
252561 0.878000
252584 0.879000
252622 0.880000
252744 0.881000
252899 0.882000
252939 0.883000
253184 0.884000
253216 0.885000
253241 0.886000
253430 0.887000
253505 0.888000
253683 0.889000
253836 0.890000
253964 0.891000
254016 0.892000
254036 0.893000
254140 0.894000
254461 0.895000
254468 0.896000
255164 0.897000
255302 0.898000
255447 0.899000
255552 0.900000
256104 0.901000
256158 0.902000
256302 0.903000
256392 0.905000
256447 0.906000
256570 0.907000
256591 0.908000
256630 0.909000
256669 0.910000
256703 0.911000
256762 0.912000
256866 0.913000
257224 0.914000
257231 0.915000
257497 0.916000
257589 0.917000
257596 0.918000
257684 0.919000
257745 0.920000
257755 0.921000
257776 0.922000
257842 0.923000
258013 0.924000
258099 0.925000
258291 0.926000
258315 0.927000
258658 0.928000
258701 0.929000
258745 0.930000
259036 0.931000
259087 0.932000
259499 0.933000
259523 0.934000
259585 0.935000
260020 0.936000
260314 0.937000
260724 0.938000
261079 0.939000
261138 0.940000
261211 0.941000
261347 0.942000
261369 0.943000
261443 0.944000
261496 0.945000
261538 0.946000
261645 0.947000
262260 0.948000
262286 0.949000
262300 0.950000
262485 0.951000
262631 0.952000
262851 0.953000
264105 0.954000
264130 0.955000
264477 0.956000
265089 0.957000
265447 0.958000
265546 0.959000
265828 0.960000
265963 0.961000
266113 0.962000
266249 0.963000
266744 0.964000
266874 0.965000
266943 0.966000
267076 0.967000
268345 0.968000
268442 0.969000
268592 0.970000
268593 0.971000
268749 0.972000
268767 0.973000
269581 0.974000
269584 0.975000
269646 0.976000
269859 0.978000
270645 0.979000
272794 0.980000
273179 0.981000
273391 0.982000
273400 0.983000
273757 0.984000
273895 0.985000
275112 0.986000
276193 0.987000
277240 0.988000
277393 0.989000
277531 0.990000
278770 0.991000
284415 0.992000
284701 0.993000
284879 0.994000
285106 0.995000
285232 0.996000
286940 0.997000
288351 0.998000
297033 0.999000
302130 1.000000


