177472 0.000000
177472 0.005000
177758 0.010000
178950 0.015000
180600 0.020000
181343 0.025000
181950 0.030000
182876 0.035000
182894 0.040000
183120 0.045000
183924 0.050000
183958 0.055000
184054 0.060000
184991 0.065000
185035 0.070000
185156 0.075000
185565 0.080000
185690 0.085000
186168 0.090000
186258 0.095000
186293 0.100000
186454 0.105000
186475 0.110000
186520 0.115000
186916 0.120000
186944 0.125000
186998 0.130000
187169 0.135000
187199 0.140000
187232 0.145000
187259 0.150000
187873 0.155000
188024 0.160000
188055 0.165000
188272 0.170000
188511 0.175000
188561 0.180000
188700 0.185000
188850 0.190000
188909 0.195000
189075 0.200000
189132 0.205000
189154 0.210000
189230 0.215000
189374 0.220000
189413 0.225000
189447 0.230000
189452 0.235000
189501 0.240000
189608 0.245000
189654 0.250000
189667 0.255000
189698 0.260000
189815 0.265000
189841 0.270000
189859 0.275000
190006 0.280000
190056 0.285000
190244 0.290000
190328 0.295000
190432 0.300000
190438 0.305000
190486 0.310000
190579 0.315000
190592 0.320000
190597 0.325000
190599 0.330000
190677 0.335000
190852 0.340000
190880 0.345000
190922 0.350000
191139 0.355000
191342 0.360000
191382 0.365000
191388 0.370000
191614 0.375000
191698 0.380000
191801 0.385000
191813 0.390000
191879 0.395000
191965 0.400000
192019 0.405000
192209 0.410000
192317 0.415000
192445 0.420000
192691 0.425000
192994 0.430000
193132 0.435000
193412 0.440000
193557 0.445000
193615 0.450000
193674 0.455000
193747 0.460000
193935 0.465000
193955 0.470000
194011 0.475000
194035 0.480000
194222 0.485000
194263 0.490000
194548 0.495000
194643 0.500000
194715 0.505000
194750 0.510000
194813 0.515000
194876 0.520000
194949 0.525000
195107 0.530000
195112 0.535000
195155 0.540000
195178 0.545000
195221 0.550000
195262 0.555000
195463 0.560000
195554 0.565000
195640 0.570000
195719 0.575000
195763 0.580000
195809 0.585000
195864 0.590000
195897 0.595000
196162 0.600000
196190 0.605000
196496 0.610000
196662 0.615000
196711 0.620000
196771 0.625000
196990 0.630000
197214 0.635000
197294 0.640000
197517 0.645000
197895 0.650000
197959 0.655000
197994 0.660000
198102 0.665000
198152 0.670000
198194 0.675000
198260 0.680000
198288 0.685000
198391 0.690000
198542 0.695000
198756 0.700000
198818 0.705000
198854 0.710000
198881 0.715000
198890 0.720000
198949 0.725000
199115 0.730000
199420 0.735000
199550 0.740000
199570 0.745000
199600 0.750000
199634 0.755000
199658 0.760000
199675 0.765000
199706 0.770000
199762 0.775000
199791 0.780000
200010 0.785000
200163 0.790000
200167 0.795000
200454 0.800000
200495 0.805000
200545 0.810000
200555 0.815000
200564 0.820000
200824 0.825000
200846 0.830000
201000 0.835000
201072 0.840000
201352 0.845000
201695 0.850000
201886 0.855000
201968 0.860000
202293 0.865000
202476 0.870000
203007 0.875000
203096 0.880000
203410 0.885000
203522 0.890000
203659 0.895000
203668 0.900000
203788 0.905000
203798 0.910000
203835 0.915000
203902 0.920000
204427 0.925000
204433 0.930000
204434 0.935000
204652 0.940000
204783 0.945000
205306 0.950000
205509 0.955000
205643 0.960000
205647 0.965000
205864 0.970000
205960 0.975000
206329 0.980000
206509 0.985000
209129 0.990000
209580 0.995000
211517 1.000000


105 0.000000
105 0.005000
106 0.015000
107 0.060000
108 0.065000
109 0.070000
110 0.165000
111 0.405000
112 0.620000
113 0.830000
114 0.965000
115 0.990000
116 0.995000
121 1.000000


