194999 0.000000
194999 0.002000
197032 0.004000
197459 0.006000
199033 0.008000
200201 0.010000
200939 0.012000
200969 0.014000
201050 0.016000
201233 0.018000
201874 0.020000
202011 0.022000
202360 0.024000
202363 0.026000
203283 0.028000
204084 0.030000
204539 0.032000
204793 0.034000
205099 0.036000
205112 0.038000
205119 0.040000
205492 0.042000
205952 0.044000
206039 0.046000
206057 0.048000
207318 0.050000
207355 0.052000
207438 0.054000
207461 0.056000
207503 0.058000
207608 0.060000
207613 0.062000
207727 0.064000
207751 0.066000
207913 0.068000
207928 0.070000
207938 0.072000
207939 0.074000
207997 0.076000
208034 0.078000
208185 0.080000
208227 0.082000
208301 0.084000
208418 0.086000
208452 0.088000
208473 0.090000
208479 0.092000
208516 0.094000
208521 0.096000
208544 0.098000
208685 0.100000
208688 0.102000
208714 0.104000
208749 0.106000
208755 0.108000
208871 0.110000
209004 0.112000
209012 0.114000
209033 0.116000
209104 0.118000
209178 0.120000
209248 0.122000
209276 0.124000
209300 0.126000
209356 0.128000
209386 0.130000
209428 0.132000
209469 0.134000
209472 0.136000
209480 0.138000
209556 0.140000
209563 0.144000
209579 0.146000
209637 0.148000
209728 0.150000
209814 0.152000
209888 0.154000
209906 0.156000
209941 0.158000
209980 0.160000
210002 0.162000
210010 0.164000
210116 0.166000
210128 0.168000
210152 0.170000
210187 0.172000
210299 0.174000
210305 0.176000
210356 0.178000
210381 0.180000
210383 0.182000
210389 0.184000
210415 0.186000
210423 0.188000
210483 0.190000
210488 0.192000
210527 0.194000
210556 0.196000
210561 0.198000
210607 0.200000
210614 0.202000
210625 0.204000
210682 0.206000
210694 0.208000
210723 0.210000
210763 0.212000
210775 0.214000
210781 0.216000
210787 0.218000
210833 0.220000
210852 0.222000
210857 0.224000
210864 0.226000
210876 0.228000
210902 0.230000
210905 0.232000
210932 0.234000
210962 0.236000
210964 0.238000
210975 0.240000
211014 0.242000
211030 0.244000
211042 0.246000
211044 0.248000
211054 0.250000
211073 0.252000
211101 0.254000
211113 0.256000
211117 0.258000
211135 0.260000
211137 0.262000
211188 0.266000
211218 0.268000
211231 0.270000
211271 0.272000
211320 0.274000
211343 0.276000
211366 0.278000
211463 0.280000
211485 0.282000
211496 0.284000
211538 0.286000
211600 0.288000
211619 0.290000
211655 0.292000
211682 0.294000
211690 0.296000
211722 0.298000
211766 0.300000
211798 0.302000
211810 0.304000
211832 0.306000
211858 0.308000
211902 0.310000
211903 0.312000
211904 0.314000
211926 0.316000
211939 0.318000
211943 0.320000
211954 0.322000
211975 0.324000
212007 0.326000
212040 0.328000
212043 0.330000
212101 0.332000
212111 0.334000
212123 0.336000
212129 0.338000
212305 0.340000
212306 0.342000
212399 0.344000
212437 0.346000
212482 0.348000
212538 0.350000
212560 0.352000
212615 0.354000
212764 0.356000
212772 0.358000
212778 0.360000
212827 0.362000
212877 0.364000
212902 0.366000
212923 0.368000
212931 0.370000
212953 0.372000
212989 0.374000
213065 0.376000
213173 0.378000
213250 0.380000
213258 0.382000
213277 0.384000
213294 0.386000
213299 0.388000
213307 0.390000
213363 0.392000
213378 0.394000
213392 0.396000
213469 0.398000
213521 0.400000
213531 0.402000
213617 0.404000
213644 0.406000
213706 0.408000
213737 0.410000
213750 0.412000
213763 0.414000
213789 0.416000
213798 0.418000
213810 0.420000
213834 0.422000
213844 0.424000
213858 0.426000
213875 0.428000
213889 0.430000
213931 0.432000
213964 0.434000
213968 0.436000
213985 0.438000
214039 0.440000
214040 0.442000
214070 0.444000
214071 0.446000
214084 0.448000
214090 0.450000
214097 0.452000
214122 0.454000
214137 0.456000
214172 0.458000
214232 0.460000
214250 0.462000
214278 0.464000
214282 0.466000
214290 0.468000
214296 0.470000
214310 0.472000
214311 0.474000
214312 0.480000
214324 0.482000
214344 0.484000
214402 0.486000
214408 0.488000
214421 0.490000
214449 0.492000
214458 0.494000
214471 0.496000
214477 0.498000
214503 0.500000
214536 0.502000
214566 0.504000
214589 0.506000
214670 0.508000
214672 0.510000
214693 0.512000
214759 0.514000
214768 0.516000
214778 0.518000
214802 0.520000
214810 0.522000
214824 0.524000
214825 0.526000
214837 0.528000
214849 0.530000
214859 0.532000
214864 0.536000
214882 0.538000
214886 0.542000
214891 0.544000
214911 0.546000
214921 0.548000
214931 0.550000
214946 0.552000
214955 0.554000
214970 0.556000
214976 0.558000
215008 0.560000
215024 0.562000
215028 0.564000
215054 0.566000
215058 0.568000
215071 0.570000
215073 0.572000
215079 0.574000
215085 0.576000
215089 0.578000
215099 0.580000
215100 0.582000
215118 0.584000
215134 0.586000
215135 0.588000
215142 0.590000
215178 0.592000
215182 0.594000
215209 0.596000
215211 0.598000
215231 0.600000
215241 0.602000
215288 0.604000
215294 0.606000
215308 0.608000
215329 0.610000
215335 0.612000
215338 0.614000
215378 0.616000
215388 0.618000
215414 0.620000
215422 0.622000
215457 0.624000
215470 0.626000
215480 0.628000
215489 0.630000
215534 0.632000
215552 0.634000
215565 0.636000
215602 0.638000
215610 0.640000
215626 0.642000
215662 0.644000
215678 0.646000
215687 0.648000
215700 0.650000
215706 0.652000
215708 0.654000
215728 0.656000
215765 0.658000
215779 0.660000
215780 0.662000
215808 0.664000
215814 0.666000
215824 0.668000
215832 0.670000
215861 0.672000
215899 0.674000
215908 0.676000
215923 0.678000
215934 0.680000
215957 0.682000
215999 0.684000
216012 0.686000
216068 0.688000
216075 0.690000
216103 0.692000
216130 0.694000
216160 0.696000
216163 0.698000
216218 0.700000
216235 0.702000
216242 0.704000
216251 0.706000
216253 0.708000
216268 0.710000
216301 0.712000
216315 0.714000
216322 0.716000
216329 0.718000
216342 0.720000
216359 0.722000
216362 0.724000
216371 0.726000
216384 0.728000
216387 0.730000
216474 0.732000
216545 0.734000
216548 0.736000
216591 0.738000
216610 0.740000
216618 0.742000
216649 0.744000
216726 0.746000
216746 0.748000
216785 0.750000
216830 0.752000
216871 0.754000
217041 0.756000
217196 0.758000
217294 0.760000
217390 0.762000
217395 0.764000
217402 0.766000
217403 0.768000
217420 0.770000
217444 0.774000
217475 0.776000
217479 0.778000
217484 0.780000
217502 0.782000
217505 0.784000
217536 0.786000
217555 0.788000
217585 0.790000
217592 0.792000
217595 0.794000
217629 0.796000
217687 0.798000
217693 0.800000
217717 0.802000
217728 0.804000
217743 0.806000
217806 0.808000
217835 0.810000
217844 0.812000
217916 0.816000
217941 0.818000
217948 0.820000
217952 0.822000
218004 0.824000
218048 0.826000
218064 0.828000
218073 0.830000
218106 0.832000
218123 0.834000
218135 0.836000
218148 0.838000
218176 0.840000
218200 0.842000
218205 0.844000
218222 0.846000
218243 0.848000
218255 0.850000
218284 0.852000
218291 0.854000
218329 0.856000
218342 0.858000
218397 0.862000
218486 0.864000
218569 0.866000
218615 0.868000
218626 0.870000
218658 0.872000
218690 0.874000
218735 0.876000
218737 0.878000
218769 0.880000
218841 0.882000
218862 0.884000
218874 0.886000
218881 0.888000
218892 0.890000
218893 0.892000
218907 0.894000
218917 0.896000
218919 0.898000
218927 0.900000
218951 0.902000
218979 0.904000
219065 0.906000
219079 0.908000
219113 0.910000
219125 0.912000
219213 0.914000
219216 0.916000
219236 0.918000
219246 0.920000
219267 0.922000
219283 0.924000
219286 0.926000
219304 0.928000
219333 0.930000
219339 0.932000
219406 0.934000
219421 0.936000
219496 0.938000
219507 0.940000
219613 0.942000
219643 0.944000
220011 0.946000
220107 0.948000
220156 0.950000
220192 0.952000
220309 0.954000
220552 0.956000
220562 0.958000
220571 0.960000
220586 0.962000
220587 0.964000
220775 0.966000
221434 0.968000
221925 0.970000
222222 0.972000
222375 0.974000
222493 0.976000
222506 0.978000
222612 0.980000
222937 0.982000
223056 0.984000
223238 0.986000
223545 0.988000
223652 0.990000
223788 0.992000
223798 0.994000
224145 0.996000
225725 0.998000
227062 1.000000


