188645 0.000000
188645 0.001000
188675 0.002000
189277 0.003000
189819 0.004000
190643 0.005000
190683 0.006000
191686 0.007000
192015 0.008000
192020 0.009000
192103 0.010000
192279 0.011000
192426 0.012000
192535 0.013000
192551 0.014000
192648 0.015000
192654 0.016000
192723 0.017000
192821 0.018000
192835 0.019000
192857 0.020000
192872 0.021000
192936 0.022000
192950 0.023000
193208 0.024000
193209 0.025000
193351 0.026000
193810 0.027000
193933 0.028000
194569 0.029000
194947 0.030000
195632 0.031000
195723 0.032000
195887 0.033000
196092 0.034000
196097 0.035000
196103 0.036000
196170 0.037000
196184 0.038000
196202 0.039000
196232 0.040000
196246 0.041000
196289 0.042000
196300 0.043000
196317 0.044000
196318 0.045000
196370 0.046000
196437 0.047000
196449 0.048000
196457 0.049000
196492 0.050000
196501 0.051000
196551 0.052000
196555 0.053000
196575 0.054000
196658 0.055000
196660 0.056000
196690 0.057000
196692 0.058000
196694 0.059000
196709 0.060000
196729 0.061000
196771 0.062000
196791 0.063000
196843 0.064000
196847 0.065000
196871 0.066000
196873 0.067000
196917 0.068000
196941 0.069000
196959 0.070000
196967 0.071000
196992 0.072000
196997 0.073000
197048 0.074000
197066 0.075000
197133 0.076000
197185 0.077000
197205 0.078000
197208 0.080000
197218 0.081000
197257 0.082000
197269 0.083000
197286 0.084000
197326 0.085000
197375 0.086000
197378 0.087000
197404 0.088000
197417 0.089000
197485 0.090000
197500 0.091000
197505 0.092000
197513 0.093000
197574 0.094000
197711 0.095000
197875 0.096000
197937 0.097000
198013 0.098000
198019 0.099000
198024 0.100000
198450 0.101000
198547 0.102000
198580 0.103000
198623 0.104000
198763 0.105000
198933 0.106000
198958 0.107000
199021 0.108000
199350 0.109000
199372 0.110000
199460 0.111000
199509 0.112000
199558 0.113000
199577 0.114000
199619 0.115000
199634 0.116000
199669 0.117000
199694 0.118000
199724 0.119000
199742 0.120000
199743 0.121000
199752 0.122000
199766 0.123000
199794 0.124000
199810 0.125000
199832 0.126000
199858 0.127000
199885 0.128000
199970 0.129000
199971 0.130000
200000 0.131000
200011 0.132000
200020 0.133000
200032 0.134000
200053 0.136000
200133 0.137000
200145 0.138000
200153 0.139000
200190 0.140000
200210 0.141000
200237 0.142000
200261 0.143000
200277 0.144000
200294 0.145000
200301 0.146000
200318 0.147000
200328 0.148000
200337 0.149000
200341 0.150000
200348 0.151000
200354 0.152000
200370 0.153000
200410 0.154000
200418 0.155000
200440 0.156000
200454 0.157000
200471 0.158000
200484 0.159000
200502 0.161000
200510 0.162000
200511 0.163000
200538 0.164000
200545 0.165000
200553 0.167000
200560 0.168000
200575 0.169000
200591 0.170000
200595 0.172000
200605 0.173000
200606 0.174000
200608 0.175000
200617 0.176000
200621 0.177000
200631 0.178000
200643 0.179000
200647 0.180000
200650 0.181000
200657 0.182000
200661 0.183000
200664 0.184000
200667 0.185000
200678 0.186000
200688 0.187000
200690 0.188000
200691 0.189000
200697 0.190000
200713 0.191000
200725 0.192000
200729 0.193000
200730 0.194000
200737 0.195000
200746 0.196000
200756 0.197000
200760 0.198000
200773 0.200000
200776 0.201000
200781 0.202000
200795 0.203000
200803 0.204000
200806 0.205000
200819 0.206000
200820 0.207000
200828 0.208000
200829 0.209000
200844 0.210000
200847 0.211000
200853 0.212000
200854 0.213000
200864 0.214000
200870 0.215000
200887 0.216000
200904 0.217000
200922 0.218000
200939 0.219000
200945 0.220000
200947 0.221000
200956 0.222000
200969 0.223000
200981 0.224000
200986 0.225000
200992 0.226000
201043 0.227000
201066 0.228000
201074 0.229000
201092 0.230000
201098 0.231000
201099 0.232000
201100 0.233000
201101 0.234000
201152 0.235000
201165 0.236000
201177 0.237000
201180 0.238000
201184 0.239000
201271 0.240000
201306 0.241000
201327 0.242000
201346 0.243000
201368 0.244000
201379 0.245000
201428 0.246000
201437 0.247000
201456 0.248000
201464 0.249000
201529 0.250000
201654 0.251000
201702 0.252000
201722 0.253000
201736 0.254000
201805 0.255000
201889 0.256000
201922 0.257000
201934 0.258000
201935 0.259000
201938 0.260000
201952 0.261000
202261 0.262000
203030 0.263000
203044 0.264000
203170 0.265000
203174 0.266000
203285 0.267000
203296 0.268000
203405 0.269000
203462 0.270000
203467 0.271000
203576 0.272000
203581 0.273000
203658 0.274000
203662 0.275000
203678 0.276000
203681 0.277000
203777 0.278000
203798 0.279000
203818 0.280000
203833 0.281000
203851 0.282000
203855 0.283000
203900 0.284000
203908 0.285000
203926 0.287000
203964 0.288000
203983 0.289000
203994 0.290000
203995 0.291000
204008 0.292000
204049 0.293000
204060 0.294000
204086 0.295000
204155 0.297000
204156 0.298000
204180 0.299000
204194 0.300000
204207 0.301000
204208 0.302000
204246 0.303000
204305 0.304000
204306 0.305000
204314 0.306000
204321 0.307000
204323 0.308000
204325 0.309000
204337 0.310000
204349 0.311000
204391 0.312000
204411 0.313000
204447 0.314000
204449 0.315000
204484 0.316000
204502 0.317000
204504 0.318000
204509 0.319000
204522 0.320000
204533 0.321000
204547 0.322000
204550 0.323000
204565 0.324000
204566 0.325000
204570 0.326000
204574 0.327000
204577 0.328000
204597 0.329000
204602 0.330000
204610 0.331000
204618 0.332000
204621 0.333000
204627 0.334000
204629 0.335000
204630 0.336000
204653 0.337000
204659 0.338000
204675 0.339000
204681 0.340000
204688 0.342000
204693 0.343000
204698 0.344000
204709 0.345000
204723 0.346000
204734 0.347000
204747 0.348000
204760 0.349000
204765 0.351000
204790 0.352000
204800 0.353000
204826 0.354000
204846 0.355000
204847 0.356000
204874 0.357000
204884 0.358000
204892 0.359000
204898 0.360000
204928 0.361000
204931 0.362000
204932 0.363000
204950 0.364000
204951 0.365000
204954 0.366000
204956 0.367000
204959 0.368000
204976 0.369000
204991 0.370000
205015 0.371000
205016 0.372000
205017 0.374000
205026 0.375000
205044 0.376000
205054 0.378000
205070 0.379000
205073 0.380000
205074 0.381000
205081 0.382000
205097 0.383000
205101 0.384000
205127 0.385000
205145 0.386000
205197 0.387000
205204 0.388000
205207 0.389000
205216 0.390000
205227 0.391000
205240 0.392000
205259 0.393000
205332 0.394000
205333 0.395000
205347 0.396000
205348 0.397000
205349 0.398000
205359 0.399000
205396 0.400000
205407 0.401000
205450 0.402000
205470 0.403000
205501 0.404000
205502 0.405000
205517 0.406000
205542 0.407000
205616 0.409000
205628 0.410000
205638 0.411000
205816 0.412000
205829 0.413000
205870 0.414000
205886 0.415000
205957 0.416000
206020 0.417000
206156 0.418000
206185 0.419000
206233 0.420000
206240 0.421000
206345 0.422000
206374 0.423000
206393 0.424000
206518 0.425000
206678 0.426000
206897 0.427000
206926 0.428000
206938 0.429000
206968 0.430000
207008 0.431000
207047 0.432000
207058 0.433000
207200 0.434000
207274 0.435000
207278 0.436000
207378 0.437000
207387 0.438000
207425 0.439000
207442 0.440000
207473 0.441000
207734 0.442000
207756 0.443000
207784 0.444000
207796 0.445000
207847 0.446000
207917 0.447000
207918 0.448000
207935 0.449000
207961 0.450000
208002 0.451000
208012 0.452000
208053 0.453000
208060 0.454000
208068 0.455000
208095 0.456000
208098 0.457000
208113 0.458000
208133 0.459000
208146 0.460000
208149 0.461000
208153 0.462000
208154 0.463000
208156 0.464000
208173 0.465000
208189 0.466000
208218 0.467000
208224 0.468000
208238 0.469000
208244 0.470000
208251 0.471000
208276 0.472000
208279 0.473000
208280 0.474000
208287 0.475000
208291 0.476000
208301 0.477000
208313 0.478000
208319 0.479000
208320 0.480000
208323 0.481000
208333 0.483000
208335 0.484000
208336 0.485000
208341 0.486000
208344 0.487000
208346 0.488000
208361 0.489000
208362 0.490000
208381 0.491000
208382 0.492000
208395 0.493000
208416 0.494000
208425 0.495000
208430 0.496000
208433 0.497000
208441 0.498000
208454 0.499000
208455 0.500000
208456 0.501000
208462 0.502000
208465 0.503000
208478 0.504000
208498 0.505000
208500 0.506000
208503 0.507000
208506 0.508000
208508 0.509000
208528 0.510000
208531 0.511000
208533 0.512000
208535 0.513000
208539 0.514000
208548 0.515000
208549 0.516000
208551 0.517000
208562 0.518000
208564 0.519000
208585 0.520000
208589 0.521000
208595 0.522000
208596 0.523000
208608 0.524000
208616 0.525000
208622 0.526000
208624 0.527000
208633 0.528000
208643 0.529000
208647 0.530000
208651 0.531000
208653 0.532000
208663 0.533000
208666 0.534000
208673 0.535000
208680 0.536000
208681 0.537000
208686 0.538000
208690 0.540000
208692 0.541000
208704 0.542000
208725 0.543000
208727 0.544000
208729 0.545000
208730 0.546000
208749 0.547000
208763 0.548000
208770 0.549000
208772 0.550000
208785 0.551000
208790 0.552000
208802 0.553000
208804 0.554000
208813 0.555000
208816 0.556000
208831 0.557000
208843 0.558000
208844 0.559000
208846 0.560000
208853 0.561000
208861 0.562000
208862 0.563000
208866 0.564000
208876 0.565000
208877 0.566000
208878 0.567000
208884 0.568000
208890 0.569000
208893 0.571000
208894 0.572000
208898 0.573000
208914 0.574000
208921 0.575000
208942 0.576000
208944 0.577000
208948 0.578000
208949 0.579000
208951 0.580000
208984 0.581000
208987 0.582000
208988 0.583000
209001 0.585000
209013 0.586000
209024 0.587000
209041 0.588000
209053 0.589000
209058 0.590000
209063 0.591000
209072 0.592000
209083 0.593000
209097 0.594000
209103 0.595000
209124 0.596000
209125 0.597000
209127 0.599000
209131 0.600000
209151 0.601000
209205 0.602000
209208 0.603000
209222 0.604000
209230 0.605000
209241 0.606000
209251 0.607000
209265 0.608000
209283 0.609000
209301 0.610000
209330 0.611000
209342 0.612000
209351 0.613000
209379 0.614000
209421 0.615000
209436 0.616000
209439 0.618000
209475 0.619000
209497 0.620000
209534 0.621000
209543 0.622000
209563 0.623000
209578 0.624000
209596 0.625000
209602 0.627000
209615 0.628000
209657 0.629000
209689 0.630000
209706 0.631000
209729 0.632000
209736 0.633000
209747 0.634000
209756 0.635000
209789 0.636000
209836 0.637000
209968 0.638000
210053 0.639000
210131 0.640000
210179 0.641000
210181 0.642000
210198 0.643000
210223 0.645000
210238 0.646000
210389 0.647000
210555 0.648000
210581 0.649000
210614 0.650000
210657 0.651000
210834 0.652000
210905 0.653000
210949 0.654000
210986 0.655000
211165 0.656000
211219 0.657000
211223 0.658000
211272 0.659000
211352 0.660000
211430 0.661000
211491 0.662000
211522 0.663000
211602 0.664000
211623 0.665000
211660 0.666000
211664 0.668000
211707 0.669000
211715 0.670000
211774 0.671000
211782 0.672000
211792 0.673000
211812 0.674000
211816 0.676000
211818 0.677000
211829 0.678000
211870 0.679000
211877 0.680000
211887 0.681000
211910 0.682000
211927 0.683000
211936 0.684000
211975 0.685000
211979 0.686000
211980 0.687000
211994 0.688000
212073 0.689000
212103 0.690000
212117 0.691000
212127 0.692000
212141 0.693000
212143 0.694000
212185 0.695000
212224 0.696000
212226 0.697000
212230 0.698000
212259 0.699000
212284 0.700000
212286 0.701000
212290 0.702000
212308 0.703000
212312 0.704000
212329 0.705000
212369 0.707000
212374 0.708000
212393 0.709000
212419 0.710000
212436 0.711000
212442 0.712000
212443 0.713000
212446 0.714000
212453 0.715000
212454 0.716000
212473 0.717000
212474 0.718000
212478 0.719000
212494 0.720000
212501 0.721000
212502 0.722000
212513 0.723000
212515 0.724000
212522 0.725000
212524 0.726000
212527 0.727000
212540 0.728000
212548 0.729000
212550 0.731000
212551 0.732000
212553 0.733000
212572 0.734000
212591 0.735000
212592 0.736000
212598 0.737000
212605 0.738000
212610 0.739000
212614 0.740000
212617 0.741000
212625 0.742000
212637 0.743000
212641 0.744000
212647 0.745000
212665 0.746000
212667 0.747000
212680 0.748000
212681 0.750000
212682 0.751000
212693 0.752000
212695 0.753000
212710 0.755000
212714 0.756000
212755 0.758000
212758 0.759000
212777 0.760000
212783 0.761000
212786 0.762000
212801 0.763000
212803 0.764000
212817 0.765000
212823 0.766000
212856 0.767000
212857 0.768000
212860 0.769000
212866 0.770000
212870 0.771000
212871 0.772000
212878 0.773000
212899 0.774000
212904 0.775000
212906 0.776000
212926 0.777000
212938 0.778000
212947 0.779000
212948 0.780000
212961 0.781000
212979 0.782000
212994 0.784000
212998 0.785000
213023 0.786000
213027 0.787000
213040 0.788000
213045 0.789000
213051 0.790000
213067 0.791000
213090 0.792000
213096 0.793000
213118 0.794000
213157 0.795000
213159 0.796000
213161 0.797000
213168 0.798000
213192 0.799000
213206 0.800000
213207 0.801000
213212 0.802000
213237 0.803000
213247 0.804000
213263 0.805000
213276 0.807000
213278 0.808000
213316 0.809000
213320 0.810000
213375 0.811000
213392 0.812000
213461 0.813000
213469 0.814000
213512 0.815000
213543 0.816000
213632 0.817000
213699 0.818000
213728 0.819000
213782 0.820000
213836 0.821000
213902 0.822000
213976 0.823000
214058 0.824000
214119 0.825000
214149 0.826000
214287 0.827000
214370 0.828000
214392 0.829000
214465 0.830000
214475 0.831000
214577 0.832000
214813 0.833000
214905 0.834000
214909 0.835000
215232 0.836000
215261 0.837000
215343 0.838000
215413 0.839000
215511 0.840000
215634 0.841000
215656 0.842000
215704 0.843000
215825 0.844000
215865 0.845000
215928 0.846000
215957 0.847000
215958 0.848000
215971 0.849000
215972 0.850000
215979 0.851000
215993 0.852000
216005 0.853000
216038 0.854000
216046 0.855000
216144 0.856000
216196 0.857000
216254 0.859000
216275 0.860000
216291 0.861000
216329 0.862000
216331 0.863000
216351 0.864000
216372 0.865000
216375 0.866000
216377 0.867000
216410 0.868000
216412 0.869000
216427 0.870000
216436 0.871000
216471 0.872000
216491 0.873000
216502 0.874000
216511 0.875000
216522 0.876000
216548 0.877000
216575 0.878000
216590 0.879000
216597 0.881000
216600 0.882000
216630 0.883000
216676 0.884000
216701 0.885000
216703 0.886000
216715 0.887000
216752 0.888000
216767 0.889000
216796 0.890000
216804 0.891000
216817 0.892000
216835 0.893000
216839 0.894000
216848 0.895000
216876 0.896000
216898 0.897000
216919 0.898000
216979 0.899000
216989 0.900000
217031 0.901000
217038 0.902000
217105 0.903000
217134 0.904000
217219 0.905000
217285 0.906000
217303 0.907000
217305 0.908000
217373 0.909000
217435 0.910000
217480 0.911000
217862 0.912000
218161 0.913000
218426 0.914000
218703 0.915000
218743 0.916000
219020 0.917000
219083 0.918000
219528 0.919000
219541 0.920000
219698 0.921000
219755 0.922000
220086 0.923000
220104 0.924000
220610 0.925000
220656 0.927000
220677 0.928000
220786 0.929000
220866 0.930000
220893 0.931000
221141 0.932000
221152 0.933000
221253 0.934000
221288 0.935000
221328 0.936000
221572 0.937000
221666 0.938000
222460 0.939000
223168 0.940000
223603 0.941000
223684 0.942000
224387 0.943000
224504 0.944000
224508 0.945000
224636 0.946000
224677 0.947000
224683 0.948000
224702 0.949000
224710 0.950000
224828 0.951000
225096 0.952000
225106 0.953000
225439 0.954000
225465 0.955000
225854 0.956000
226015 0.957000
226358 0.958000
226399 0.959000
226659 0.960000
227295 0.961000
227428 0.962000
228153 0.963000
228212 0.964000
228313 0.965000
228316 0.966000
228473 0.967000
228591 0.968000
228814 0.969000
229552 0.970000
229757 0.971000
231044 0.972000
231692 0.973000
231719 0.974000
231912 0.975000
231991 0.976000
232514 0.977000
232671 0.978000
232906 0.979000
233207 0.980000
233214 0.981000
233344 0.982000
234180 0.983000
234718 0.984000
234855 0.985000
235810 0.986000
235879 0.987000
236214 0.988000
236437 0.989000
236448 0.990000
236487 0.991000
237021 0.992000
240566 0.993000
243661 0.994000
244177 0.995000
244597 0.996000
244878 0.997000
245211 0.998000
249138 0.999000
268290 1.000000


