144389 0.000000
144389 0.005000
146528 0.010000
147316 0.015000
148066 0.020000
149562 0.025000
149589 0.030000
149666 0.035000
149694 0.040000
149721 0.045000
149730 0.050000
149874 0.055000
149933 0.060000
150068 0.065000
150083 0.070000
150085 0.075000
150117 0.080000
150175 0.085000
150282 0.090000
150302 0.095000
150328 0.100000
150334 0.105000
150353 0.110000
150354 0.115000
150356 0.125000
150361 0.130000
150374 0.135000
150375 0.140000
150406 0.145000
150490 0.150000
150501 0.155000
150520 0.160000
150570 0.165000
150667 0.170000
150671 0.175000
150694 0.180000
150748 0.185000
150772 0.190000
150795 0.195000
150821 0.200000
150822 0.205000
150832 0.210000
150846 0.215000
150879 0.220000
150899 0.225000
150907 0.230000
150919 0.235000
150931 0.240000
150933 0.245000
150935 0.250000
150989 0.255000
151026 0.260000
151036 0.265000
151040 0.270000
151057 0.275000
151059 0.280000
151063 0.285000
151069 0.290000
151070 0.295000
151097 0.300000
151129 0.305000
151162 0.310000
151169 0.315000
151191 0.325000
151210 0.330000
151220 0.335000
151234 0.340000
151258 0.345000
151299 0.350000
151333 0.355000
151365 0.365000
151378 0.370000
151435 0.375000
151446 0.380000
151448 0.385000
151451 0.390000
151508 0.395000
151512 0.400000
151531 0.405000
151537 0.410000
151554 0.415000
151557 0.420000
151576 0.425000
151582 0.430000
151593 0.435000
151632 0.440000
151683 0.445000
151741 0.450000
151750 0.455000
151767 0.460000
151793 0.465000
151844 0.470000
151880 0.475000
151886 0.480000
151895 0.485000
151898 0.490000
151910 0.495000
151919 0.505000
151920 0.510000
151940 0.515000
151945 0.520000
151986 0.530000
152059 0.535000
152117 0.540000
152132 0.545000
152138 0.550000
152224 0.560000
152257 0.565000
152266 0.570000
152289 0.575000
152305 0.580000
152313 0.585000
152337 0.590000
152347 0.595000
152359 0.600000
152408 0.605000
152490 0.610000
152502 0.615000
152521 0.620000
152522 0.625000
152525 0.630000
152547 0.635000
152563 0.640000
152567 0.645000
152570 0.650000
152590 0.655000
152647 0.660000
152696 0.665000
152714 0.670000
152774 0.675000
152814 0.680000
152834 0.685000
152841 0.690000
152850 0.695000
152870 0.700000
152890 0.705000
152961 0.710000
152969 0.715000
153100 0.720000
153145 0.725000
153160 0.730000
153176 0.735000
153213 0.740000
153219 0.745000
153272 0.750000
153372 0.755000
153400 0.760000
153408 0.765000
153439 0.770000
153501 0.775000
153625 0.780000
153658 0.785000
153678 0.790000
153679 0.795000
153686 0.800000
153706 0.805000
153767 0.810000
153813 0.815000
153825 0.820000
153966 0.825000
153980 0.830000
154010 0.835000
154017 0.840000
154062 0.845000
154085 0.850000
154131 0.855000
154150 0.860000
154278 0.865000
154299 0.870000
154322 0.875000
154410 0.880000
154496 0.885000
154533 0.890000
154554 0.895000
154583 0.900000
154594 0.905000
154729 0.910000
154831 0.915000
154857 0.920000
154919 0.925000
154931 0.930000
155030 0.935000
155152 0.940000
155275 0.945000
155502 0.950000
155631 0.955000
155702 0.960000
155708 0.965000
155713 0.970000
156074 0.975000
156194 0.980000
156221 0.985000
156244 0.990000
156467 0.995000
164018 1.000000


