182412 0.000000
182412 0.001000
183069 0.002000
185912 0.003000
186425 0.004000
187077 0.005000
187090 0.006000
188294 0.007000
189181 0.008000
190725 0.009000
191042 0.010000
191752 0.011000
191810 0.012000
192070 0.013000
192284 0.014000
193455 0.015000
194808 0.016000
195206 0.017000
196224 0.018000
196368 0.019000
196502 0.020000
196596 0.021000
197049 0.022000
197283 0.023000
197335 0.024000
197599 0.025000
198445 0.026000
198486 0.027000
198758 0.028000
199295 0.029000
199406 0.030000
200208 0.031000
200331 0.032000
201118 0.033000
201465 0.034000
201728 0.035000
202215 0.036000
202322 0.037000
202411 0.038000
202775 0.039000
202798 0.040000
203674 0.041000
203764 0.042000
204060 0.043000
204233 0.044000
204394 0.045000
204820 0.046000
205207 0.047000
205447 0.048000
205695 0.049000
205800 0.050000
206018 0.051000
206459 0.052000
206807 0.053000
206871 0.054000
207616 0.055000
207645 0.056000
207727 0.057000
207745 0.058000
208048 0.059000
208185 0.060000
208364 0.061000
208877 0.062000
208888 0.063000
208914 0.064000
208963 0.065000
208976 0.066000
209163 0.067000
209258 0.068000
209612 0.069000
209737 0.070000
209863 0.071000
209981 0.072000
209997 0.073000
210035 0.074000
210110 0.075000
210163 0.076000
210823 0.077000
211167 0.078000
211350 0.079000
211433 0.080000
211474 0.081000
211607 0.082000
211663 0.083000
211689 0.084000
211803 0.085000
211870 0.086000
211879 0.087000
211923 0.088000
212077 0.089000
212214 0.090000
212219 0.091000
212241 0.092000
212344 0.093000
212456 0.094000
212521 0.095000
212723 0.096000
212730 0.097000
213101 0.098000
213346 0.099000
213347 0.100000
213994 0.101000
214269 0.102000
214353 0.103000
214418 0.104000
214545 0.105000
214732 0.106000
214777 0.107000
214828 0.108000
214988 0.109000
214997 0.110000
215031 0.111000
215331 0.112000
215544 0.113000
215755 0.114000
215991 0.115000
216175 0.116000
216531 0.117000
216718 0.118000
217027 0.119000
217213 0.120000
217421 0.121000
217486 0.122000
217577 0.123000
217597 0.124000
217664 0.125000
217933 0.126000
218159 0.127000
218170 0.128000
218205 0.129000
218223 0.130000
218245 0.131000
218399 0.132000
218422 0.133000
218490 0.134000
218610 0.135000
218709 0.136000
218819 0.137000
219036 0.138000
219065 0.139000
219230 0.140000
219237 0.141000
219255 0.142000
219431 0.143000
219621 0.144000
220167 0.145000
220291 0.146000
220314 0.147000
220410 0.148000
220732 0.149000
220749 0.150000
220998 0.151000
221156 0.152000
221195 0.153000
221469 0.154000
221496 0.155000
221520 0.156000
221524 0.157000
221651 0.158000
221765 0.159000
221805 0.160000
221843 0.161000
222177 0.162000
222218 0.163000
222325 0.164000
222461 0.165000
222565 0.166000
222571 0.167000
222630 0.168000
222677 0.169000
222762 0.170000
222826 0.171000
222959 0.172000
223039 0.173000
223049 0.174000
223155 0.175000
223252 0.176000
223264 0.177000
223330 0.178000
223400 0.179000
223484 0.180000
223561 0.181000
223566 0.182000
223615 0.183000
223709 0.184000
224113 0.185000
224142 0.186000
224162 0.187000
224184 0.188000
224222 0.189000
224326 0.190000
224367 0.191000
224405 0.192000
224599 0.193000
224654 0.194000
224761 0.195000
224948 0.196000
225049 0.197000
225153 0.198000
225174 0.199000
225176 0.200000
225345 0.201000
225401 0.202000
225428 0.203000
225493 0.204000
225529 0.205000
225588 0.206000
225626 0.207000
225648 0.208000
225667 0.209000
225948 0.210000
225956 0.211000
225998 0.212000
226038 0.213000
226073 0.214000
226080 0.215000
226086 0.216000
226269 0.217000
226650 0.218000
226668 0.219000
226679 0.220000
226802 0.221000
226998 0.222000
227126 0.223000
227171 0.224000
227243 0.225000
227343 0.226000
227399 0.227000
227461 0.228000
227880 0.229000
227888 0.230000
227913 0.231000
228118 0.232000
228295 0.233000
228310 0.234000
228328 0.235000
228415 0.236000
228443 0.237000
228536 0.238000
228873 0.239000
229167 0.240000
229285 0.241000
229387 0.242000
229462 0.243000
229544 0.244000
229561 0.245000
229659 0.246000
229671 0.247000
229734 0.248000
229882 0.249000
229983 0.250000
230034 0.251000
230102 0.252000
230105 0.253000
230230 0.254000
230260 0.255000
230284 0.256000
230320 0.257000
230322 0.258000
230511 0.260000
230617 0.261000
230651 0.262000
230750 0.263000
230759 0.264000
230801 0.265000
230855 0.266000
230894 0.267000
231013 0.268000
231051 0.269000
231226 0.270000
231235 0.271000
231403 0.272000
231448 0.273000
231457 0.274000
231483 0.275000
231528 0.276000
231618 0.277000
231743 0.278000
231761 0.279000
231776 0.280000
231780 0.281000
231809 0.282000
231860 0.283000
231884 0.284000
231894 0.285000
231901 0.286000
232062 0.287000
232119 0.288000
232216 0.289000
232351 0.290000
232496 0.291000
232499 0.292000
232514 0.293000
232836 0.294000
232908 0.295000
232913 0.296000
233260 0.297000
233269 0.298000
233544 0.299000
233572 0.300000
233606 0.301000
233617 0.302000
233642 0.303000
233689 0.304000
233723 0.305000
234044 0.306000
234100 0.307000
234126 0.308000
234137 0.309000
234194 0.310000
234204 0.311000
234218 0.312000
234371 0.313000
234518 0.314000
234521 0.315000
234578 0.316000
234635 0.317000
234662 0.318000
234696 0.319000
234722 0.320000
234831 0.321000
234851 0.322000
234889 0.323000
234919 0.324000
234978 0.325000
234989 0.326000
235010 0.327000
235087 0.328000
235101 0.329000
235257 0.330000
235294 0.331000
235295 0.332000
235313 0.333000
235358 0.334000
235407 0.335000
235426 0.336000
235450 0.337000
235476 0.338000
235559 0.339000
235628 0.340000
235684 0.341000
235705 0.342000
235731 0.343000
235802 0.344000
235832 0.345000
235921 0.346000
236043 0.347000
236093 0.348000
236094 0.349000
236096 0.350000
236303 0.351000
236312 0.352000
236340 0.353000
236343 0.354000
236461 0.355000
236462 0.356000
236497 0.357000
236547 0.358000
236557 0.359000
236652 0.360000
236658 0.361000
236757 0.362000
236966 0.363000
237030 0.364000
237079 0.365000
237123 0.366000
237245 0.367000
237248 0.368000
237267 0.369000
237294 0.370000
237310 0.371000
237392 0.372000
237410 0.373000
237537 0.374000
237591 0.375000
237641 0.376000
237679 0.377000
237867 0.378000
237944 0.379000
237958 0.380000
238210 0.381000
238213 0.382000
238235 0.383000
238280 0.384000
238382 0.385000
238399 0.386000
238407 0.387000
238427 0.388000
238429 0.389000
238471 0.390000
238531 0.391000
238571 0.392000
238627 0.393000
238628 0.394000
238733 0.395000
238774 0.396000
238856 0.397000
238865 0.398000
238866 0.399000
238966 0.400000
239139 0.401000
239148 0.402000
239208 0.403000
239246 0.404000
239256 0.405000
239310 0.406000
239385 0.407000
239617 0.408000
239726 0.409000
239756 0.410000
239788 0.411000
239858 0.412000
239859 0.413000
239867 0.414000
239995 0.415000
240041 0.416000
240194 0.417000
240198 0.418000
240214 0.419000
240322 0.420000
240411 0.421000
240418 0.422000
240510 0.423000
240522 0.424000
240583 0.425000
240633 0.426000
240694 0.427000
240695 0.428000
240697 0.429000
240705 0.430000
240713 0.431000
240843 0.432000
240856 0.433000
240902 0.434000
240911 0.435000
240912 0.436000
240925 0.437000
240979 0.438000
241144 0.439000
241171 0.440000
241229 0.441000
241343 0.442000
241413 0.443000
241422 0.444000
241449 0.445000
241487 0.446000
241605 0.447000
241716 0.448000
241803 0.449000
241839 0.450000
241879 0.451000
241893 0.452000
241948 0.453000
242027 0.454000
242094 0.455000
242156 0.456000
242202 0.457000
242236 0.458000
242371 0.459000
242413 0.460000
242434 0.462000
242446 0.463000
242551 0.464000
242599 0.465000
242704 0.466000
242724 0.467000
242775 0.468000
242803 0.469000
242838 0.470000
242867 0.471000
242891 0.472000
242897 0.473000
242898 0.474000
242981 0.475000
243120 0.476000
243139 0.477000
243212 0.478000
243275 0.479000
243276 0.480000
243286 0.481000
243353 0.482000
243392 0.483000
243439 0.484000
243441 0.485000
243529 0.486000
243530 0.487000
243553 0.488000
243561 0.489000
243565 0.490000
243665 0.491000
243802 0.492000
243819 0.493000
243840 0.494000
243845 0.495000
243847 0.496000
243863 0.497000
243897 0.498000
243933 0.499000
243941 0.500000
243972 0.501000
244049 0.502000
244127 0.503000
244129 0.504000
244210 0.505000
244240 0.506000
244271 0.507000
244282 0.508000
244284 0.509000
244307 0.510000
244311 0.511000
244444 0.512000
244485 0.513000
244494 0.514000
244876 0.515000
244910 0.516000
244950 0.517000
245009 0.518000
245018 0.519000
245035 0.520000
245067 0.521000
245076 0.522000
245096 0.523000
245106 0.524000
245176 0.525000
245202 0.526000
245292 0.527000
245405 0.528000
245417 0.529000
245457 0.530000
245463 0.531000
245807 0.532000
245944 0.533000
245957 0.534000
245999 0.535000
246001 0.536000
246020 0.537000
246055 0.538000
246083 0.540000
246228 0.541000
246259 0.542000
246315 0.543000
246324 0.544000
246335 0.545000
246459 0.546000
246511 0.547000
246530 0.548000
246589 0.549000
246660 0.550000
246718 0.551000
246746 0.552000
246859 0.553000
246876 0.554000
246930 0.555000
246948 0.556000
246993 0.557000
247040 0.558000
247048 0.559000
247071 0.560000
247248 0.561000
247266 0.562000
247330 0.563000
247523 0.564000
247594 0.565000
247762 0.566000
247781 0.567000
247886 0.568000
247892 0.569000
247926 0.570000
247971 0.571000
248046 0.572000
248057 0.573000
248077 0.574000
248098 0.575000
248133 0.576000
248137 0.577000
248156 0.578000
248232 0.579000
248242 0.580000
248277 0.581000
248278 0.582000
248295 0.583000
248371 0.584000
248419 0.585000
248421 0.586000
248428 0.587000
248437 0.588000
248450 0.589000
248615 0.590000
248617 0.591000
248692 0.592000
248705 0.593000
248787 0.594000
248940 0.595000
248941 0.596000
248989 0.597000
249030 0.598000
249044 0.599000
249048 0.600000
249109 0.601000
249171 0.602000
249255 0.603000
249258 0.604000
249279 0.605000
249459 0.606000
249467 0.607000
249526 0.608000
249715 0.609000
249744 0.610000
249778 0.611000
249967 0.612000
250034 0.613000
250050 0.614000
250062 0.615000
250345 0.616000
250366 0.617000
250415 0.618000
250439 0.619000
250618 0.620000
250666 0.621000
250675 0.622000
250692 0.623000
250723 0.624000
250776 0.625000
250792 0.626000
250857 0.627000
250868 0.628000
250877 0.629000
250881 0.630000
250891 0.631000
250904 0.632000
250962 0.633000
251038 0.634000
251041 0.635000
251052 0.636000
251123 0.637000
251277 0.638000
251294 0.639000
251380 0.640000
251448 0.641000
251467 0.642000
251500 0.643000
251595 0.644000
251699 0.645000
251744 0.646000
251795 0.647000
251809 0.648000
251866 0.649000
251908 0.650000
252110 0.651000
252140 0.652000
252271 0.653000
252294 0.654000
252296 0.655000
252329 0.656000
252347 0.657000
252434 0.658000
252437 0.659000
252537 0.660000
252589 0.661000
252629 0.662000
252663 0.663000
252799 0.664000
252843 0.665000
252871 0.666000
252944 0.667000
252974 0.668000
253039 0.669000
253075 0.670000
253110 0.671000
253155 0.672000
253242 0.674000
253255 0.675000
253277 0.676000
253322 0.677000
253333 0.678000
253352 0.679000
253411 0.680000
253434 0.681000
253450 0.682000
253460 0.683000
253579 0.684000
253585 0.685000
253591 0.686000
253616 0.687000
253617 0.688000
253715 0.689000
253796 0.690000
253869 0.691000
253944 0.692000
253967 0.693000
254059 0.694000
254077 0.695000
254087 0.696000
254095 0.697000
254106 0.698000
254215 0.699000
254323 0.700000
254365 0.701000
254413 0.702000
254420 0.703000
254483 0.704000
254487 0.705000
254597 0.706000
254617 0.707000
254628 0.708000
254710 0.709000
254785 0.710000
254903 0.711000
254956 0.712000
255020 0.713000
255039 0.714000
255064 0.715000
255184 0.716000
255209 0.717000
255325 0.718000
255384 0.719000
255389 0.720000
255415 0.721000
255639 0.722000
255710 0.723000
255971 0.724000
256073 0.725000
256076 0.726000
256340 0.727000
256482 0.728000
256559 0.729000
256636 0.730000
256747 0.731000
256780 0.732000
256783 0.733000
256882 0.734000
256913 0.735000
256998 0.736000
257009 0.737000
257014 0.738000
257022 0.739000
257059 0.740000
257067 0.741000
257186 0.742000
257207 0.743000
257221 0.744000
257347 0.745000
257437 0.746000
257522 0.747000
257581 0.748000
257656 0.749000
257666 0.750000
257787 0.751000
257932 0.752000
257967 0.753000
258043 0.754000
258173 0.755000
258286 0.756000
258376 0.757000
258412 0.758000
258576 0.759000
258583 0.760000
258594 0.761000
258656 0.762000
258677 0.763000
258725 0.764000
258843 0.765000
258887 0.766000
258934 0.767000
258942 0.768000
258943 0.769000
258981 0.770000
259033 0.771000
259184 0.772000
259194 0.773000
259232 0.774000
259304 0.775000
259382 0.776000
259425 0.777000
259451 0.778000
259479 0.779000
259526 0.780000
259636 0.781000
259642 0.782000
259790 0.783000
259921 0.784000
259944 0.785000
259980 0.786000
260005 0.787000
260011 0.788000
260066 0.789000
260313 0.790000
260381 0.791000
260438 0.792000
260538 0.793000
260621 0.794000
260768 0.795000
260806 0.796000
260930 0.797000
260938 0.798000
260961 0.799000
261024 0.800000
261104 0.801000
261342 0.802000
261666 0.803000
261905 0.804000
261911 0.805000
262034 0.806000
262037 0.807000
262054 0.808000
262249 0.809000
262285 0.810000
262306 0.811000
262317 0.812000
262436 0.813000
262725 0.814000
262777 0.815000
262896 0.816000
262897 0.817000
262918 0.818000
263054 0.819000
263353 0.820000
263371 0.821000
263436 0.822000
263443 0.823000
263478 0.824000
263518 0.825000
263603 0.826000
263660 0.827000
263664 0.828000
263671 0.829000
263765 0.830000
263772 0.831000
263873 0.832000
263892 0.833000
263912 0.834000
264176 0.835000
264460 0.836000
264518 0.837000
264548 0.838000
264565 0.839000
264611 0.840000
264877 0.841000
264907 0.842000
264921 0.843000
264927 0.844000
265059 0.845000
265190 0.846000
265317 0.847000
265492 0.848000
265587 0.849000
265643 0.850000
265840 0.851000
265909 0.852000
265926 0.853000
265982 0.854000
266116 0.855000
266142 0.856000
266238 0.857000
266373 0.858000
266579 0.859000
266590 0.860000
266617 0.861000
266663 0.862000
266745 0.863000
266980 0.864000
267040 0.865000
267274 0.866000
267287 0.867000
267517 0.868000
267565 0.869000
267611 0.870000
268192 0.871000
268238 0.872000
268388 0.873000
268398 0.874000
268537 0.875000
268790 0.876000
268917 0.877000
268952 0.878000
269061 0.879000
269148 0.880000
269160 0.881000
269215 0.882000
269239 0.883000
269314 0.884000
269433 0.885000
269492 0.886000
269519 0.887000
269733 0.888000
269760 0.889000
269814 0.890000
269890 0.891000
269949 0.892000
270003 0.893000
270027 0.894000
270571 0.895000
270767 0.896000
271100 0.897000
271114 0.898000
271254 0.899000
271300 0.900000
271476 0.901000
271639 0.902000
271777 0.903000
272184 0.904000
272267 0.905000
272322 0.906000
272355 0.907000
272369 0.908000
272500 0.909000
272605 0.910000
272634 0.911000
272867 0.912000
272882 0.913000
272963 0.914000
273053 0.915000
273259 0.916000
273810 0.917000
273870 0.918000
274105 0.919000
274282 0.920000
274382 0.921000
274390 0.922000
274391 0.923000
274404 0.924000
274827 0.925000
274884 0.926000
274888 0.927000
275132 0.928000
275193 0.929000
275359 0.930000
275555 0.931000
275672 0.932000
275901 0.933000
276082 0.934000
276795 0.935000
276846 0.936000
277419 0.937000
277754 0.938000
277853 0.939000
278175 0.940000
278391 0.941000
278873 0.942000
279002 0.943000
279589 0.944000
279934 0.945000
280325 0.946000
280399 0.947000
280499 0.948000
280549 0.949000
280811 0.950000
280980 0.951000
281063 0.952000
281102 0.953000
281176 0.954000
281664 0.955000
282206 0.956000
282330 0.957000
282544 0.958000
282822 0.959000
283030 0.960000
283255 0.961000
284154 0.962000
284224 0.963000
284378 0.964000
284666 0.965000
284954 0.966000
285050 0.967000
285588 0.968000
285792 0.969000
286451 0.970000
286585 0.971000
287371 0.972000
287434 0.973000
287783 0.974000
290260 0.975000
290432 0.976000
290676 0.977000
290827 0.978000
290997 0.979000
291516 0.981000
291620 0.982000
291832 0.983000
291957 0.984000
292352 0.985000
292656 0.986000
293191 0.987000
294818 0.988000
294953 0.989000
295200 0.990000
296124 0.991000
296567 0.992000
297794 0.993000
297838 0.994000
300133 0.995000
300342 0.996000
302142 0.997000
303845 0.998000
304132 0.999000
306547 1.000000


99 0.000000
99 0.001000
100 0.003000
101 0.005000
102 0.012000
103 0.018000
104 0.027000
105 0.041000
106 0.067000
107 0.101000
108 0.131000
109 0.166000
110 0.201000
111 0.225000
112 0.264000
113 0.294000
114 0.328000
115 0.358000
116 0.388000
117 0.420000
118 0.439000
119 0.466000
120 0.494000
121 0.534000
122 0.555000
123 0.582000
124 0.610000
125 0.637000
126 0.669000
127 0.705000
128 0.725000
129 0.744000
130 0.765000
131 0.780000
132 0.804000
133 0.820000
134 0.836000
135 0.849000
136 0.861000
137 0.868000
138 0.878000
139 0.889000
140 0.899000
141 0.908000
142 0.921000
143 0.928000
144 0.931000
145 0.939000
146 0.945000
147 0.949000
148 0.953000
149 0.956000
150 0.962000
151 0.965000
152 0.968000
153 0.969000
154 0.972000
155 0.975000
156 0.976000
157 0.977000
159 0.979000
160 0.983000
161 0.984000
162 0.990000
163 0.991000
164 0.994000
165 0.996000
166 0.997000
167 0.998000
168 0.999000
169 1.000000


