82378 0.000000
82378 0.001000
82986 0.002000
84140 0.003000
84742 0.004000
85130 0.005000
85750 0.006000
85865 0.007000
86107 0.008000
86299 0.009000
86466 0.010000
86514 0.011000
86784 0.012000
87316 0.013000
87560 0.014000
87603 0.015000
87644 0.016000
87772 0.017000
87775 0.018000
87932 0.019000
88352 0.020000
88449 0.021000
88496 0.022000
88566 0.023000
88661 0.024000
88669 0.025000
88760 0.026000
88956 0.027000
89310 0.028000
89332 0.029000
89507 0.030000
89513 0.031000
89749 0.032000
89824 0.033000
89963 0.034000
90038 0.035000
90042 0.036000
90096 0.037000
90129 0.038000
90198 0.039000
90277 0.040000
90534 0.041000
90797 0.042000
90824 0.043000
90897 0.044000
90898 0.045000
90982 0.046000
91005 0.047000
91055 0.048000
91221 0.049000
91326 0.050000
91385 0.051000
91432 0.052000
91542 0.053000
91586 0.054000
91593 0.055000
91607 0.056000
91675 0.057000
91722 0.058000
91733 0.059000
91767 0.060000
91775 0.061000
91970 0.062000
92001 0.063000
92008 0.064000
92015 0.065000
92039 0.066000
92041 0.067000
92119 0.068000
92153 0.069000
92218 0.070000
92307 0.071000
92338 0.072000
92420 0.073000
92421 0.074000
92460 0.075000
92533 0.076000
92572 0.077000
92626 0.078000
92655 0.079000
92751 0.080000
92798 0.081000
92818 0.082000
92860 0.083000
92909 0.084000
93091 0.085000
93105 0.086000
93117 0.087000
93151 0.088000
93191 0.089000
93215 0.090000
93317 0.091000
93336 0.092000
93367 0.093000
93379 0.094000
93397 0.095000
93402 0.096000
93424 0.097000
93469 0.098000
93598 0.099000
93614 0.100000
93617 0.101000
93637 0.102000
93688 0.103000
93690 0.104000
93733 0.105000
93766 0.106000
93769 0.107000
93800 0.108000
93838 0.109000
93851 0.110000
93889 0.111000
93902 0.112000
93940 0.113000
93988 0.114000
93998 0.115000
94039 0.116000
94060 0.117000
94071 0.118000
94073 0.119000
94084 0.120000
94098 0.122000
94119 0.123000
94135 0.124000
94147 0.125000
94212 0.126000
94215 0.127000
94226 0.128000
94260 0.129000
94271 0.130000
94302 0.131000
94318 0.132000
94322 0.133000
94342 0.134000
94405 0.135000
94416 0.136000
94476 0.137000
94501 0.138000
94505 0.139000
94523 0.140000
94577 0.141000
94591 0.142000
94601 0.143000
94616 0.144000
94625 0.145000
94649 0.146000
94677 0.148000
94684 0.149000
94714 0.150000
94724 0.151000
94726 0.152000
94733 0.153000
94736 0.154000
94754 0.155000
94761 0.156000
94773 0.157000
94793 0.158000
94796 0.159000
94814 0.160000
94850 0.161000
94854 0.162000
94855 0.163000
94867 0.164000
94868 0.165000
94908 0.166000
94936 0.167000
94940 0.168000
94955 0.169000
94984 0.170000
95000 0.171000
95016 0.172000
95021 0.173000
95023 0.174000
95032 0.175000
95035 0.176000
95036 0.177000
95068 0.178000
95079 0.179000
95080 0.180000
95081 0.181000
95099 0.182000
95100 0.183000
95103 0.184000
95135 0.185000
95138 0.186000
95143 0.187000
95172 0.188000
95188 0.189000
95190 0.190000
95194 0.191000
95206 0.192000
95215 0.193000
95236 0.195000
95248 0.196000
95289 0.197000
95302 0.198000
95307 0.199000
95312 0.200000
95321 0.201000
95334 0.202000
95343 0.203000
95344 0.204000
95365 0.205000
95370 0.206000
95379 0.207000
95385 0.208000
95443 0.209000
95460 0.210000
95474 0.211000
95485 0.212000
95488 0.213000
95496 0.214000
95497 0.215000
95498 0.216000
95530 0.217000
95561 0.218000
95591 0.219000
95594 0.220000
95601 0.221000
95609 0.222000
95613 0.224000
95624 0.225000
95655 0.226000
95658 0.227000
95663 0.228000
95668 0.229000
95685 0.230000
95686 0.231000
95692 0.232000
95702 0.233000
95703 0.234000
95705 0.235000
95729 0.236000
95731 0.237000
95734 0.238000
95739 0.239000
95757 0.241000
95759 0.242000
95766 0.243000
95779 0.244000
95790 0.245000
95792 0.246000
95799 0.247000
95808 0.248000
95809 0.249000
95812 0.251000
95842 0.252000
95860 0.253000
95867 0.254000
95869 0.255000
95873 0.256000
95877 0.257000
95908 0.258000
95913 0.259000
95933 0.260000
95962 0.262000
95978 0.263000
95980 0.264000
95981 0.265000
95992 0.266000
95994 0.267000
96018 0.268000
96033 0.269000
96041 0.270000
96042 0.271000
96046 0.272000
96060 0.273000
96072 0.275000
96079 0.276000
96081 0.277000
96100 0.278000
96102 0.279000
96110 0.280000
96112 0.281000
96115 0.282000
96118 0.283000
96123 0.284000
96155 0.285000
96175 0.286000
96207 0.287000
96215 0.288000
96220 0.289000
96221 0.290000
96222 0.291000
96224 0.292000
96235 0.293000
96239 0.294000
96253 0.295000
96255 0.296000
96261 0.297000
96267 0.298000
96288 0.299000
96300 0.300000
96301 0.301000
96333 0.302000
96338 0.303000
96339 0.304000
96368 0.305000
96385 0.306000
96401 0.307000
96403 0.308000
96408 0.309000
96411 0.310000
96424 0.311000
96431 0.312000
96445 0.313000
96451 0.314000
96455 0.315000
96456 0.316000
96464 0.317000
96479 0.318000
96497 0.319000
96502 0.320000
96507 0.321000
96514 0.322000
96519 0.323000
96523 0.324000
96534 0.325000
96540 0.326000
96552 0.327000
96584 0.328000
96589 0.329000
96590 0.330000
96604 0.331000
96606 0.332000
96608 0.333000
96609 0.334000
96612 0.335000
96614 0.336000
96621 0.337000
96628 0.338000
96648 0.339000
96651 0.340000
96655 0.341000
96663 0.342000
96664 0.343000
96676 0.344000
96688 0.345000
96690 0.346000
96694 0.347000
96700 0.348000
96701 0.349000
96717 0.350000
96721 0.351000
96732 0.352000
96734 0.353000
96737 0.354000
96738 0.355000
96744 0.356000
96750 0.357000
96757 0.358000
96763 0.359000
96765 0.360000
96778 0.361000
96784 0.362000
96792 0.363000
96811 0.364000
96813 0.365000
96826 0.368000
96828 0.369000
96830 0.370000
96880 0.371000
96892 0.372000
96905 0.373000
96909 0.374000
96915 0.375000
96916 0.376000
96921 0.377000
96949 0.379000
96963 0.380000
96971 0.381000
96973 0.382000
96977 0.383000
96979 0.384000
96980 0.385000
96994 0.386000
96996 0.387000
97001 0.388000
97017 0.389000
97019 0.390000
97033 0.391000
97036 0.392000
97037 0.393000
97043 0.394000
97046 0.395000
97048 0.396000
97049 0.397000
97073 0.398000
97076 0.399000
97087 0.400000
97093 0.401000
97104 0.402000
97109 0.403000
97114 0.404000
97117 0.405000
97128 0.406000
97129 0.407000
97162 0.408000
97163 0.409000
97167 0.410000
97175 0.411000
97197 0.412000
97209 0.413000
97220 0.414000
97223 0.415000
97255 0.416000
97256 0.417000
97257 0.418000
97262 0.419000
97263 0.420000
97273 0.421000
97279 0.423000
97283 0.425000
97295 0.426000
97297 0.427000
97303 0.428000
97328 0.429000
97336 0.430000
97342 0.431000
97355 0.432000
97364 0.433000
97367 0.434000
97373 0.435000
97378 0.436000
97388 0.437000
97392 0.438000
97411 0.439000
97415 0.440000
97417 0.441000
97418 0.442000
97422 0.443000
97436 0.444000
97445 0.445000
97448 0.446000
97449 0.447000
97456 0.448000
97462 0.449000
97474 0.450000
97478 0.452000
97483 0.453000
97506 0.454000
97528 0.455000
97530 0.456000
97553 0.457000
97568 0.458000
97569 0.459000
97577 0.461000
97578 0.463000
97585 0.464000
97588 0.465000
97592 0.466000
97594 0.467000
97597 0.468000
97598 0.469000
97607 0.470000
97622 0.471000
97652 0.472000
97657 0.473000
97661 0.474000
97667 0.475000
97669 0.476000
97679 0.477000
97686 0.478000
97693 0.479000
97697 0.480000
97710 0.481000
97721 0.482000
97730 0.483000
97731 0.485000
97736 0.486000
97739 0.487000
97749 0.488000
97750 0.489000
97768 0.490000
97783 0.491000
97785 0.492000
97810 0.493000
97812 0.494000
97826 0.495000
97838 0.496000
97844 0.497000
97861 0.498000
97879 0.499000
97883 0.500000
97887 0.501000
97889 0.502000
97897 0.504000
97901 0.505000
97902 0.506000
97904 0.507000
97909 0.508000
97917 0.509000
97941 0.510000
97951 0.511000
97986 0.512000
97992 0.513000
98002 0.514000
98005 0.515000
98024 0.516000
98028 0.518000
98030 0.519000
98042 0.520000
98046 0.521000
98047 0.522000
98051 0.523000
98075 0.524000
98080 0.525000
98081 0.527000
98088 0.528000
98108 0.530000
98126 0.531000
98128 0.532000
98131 0.533000
98166 0.534000
98170 0.535000
98211 0.536000
98246 0.537000
98250 0.538000
98273 0.539000
98311 0.540000
98318 0.541000
98374 0.542000
98378 0.543000
98383 0.544000
98397 0.546000
98400 0.547000
98426 0.548000
98443 0.549000
98454 0.550000
98464 0.551000
98472 0.552000
98491 0.553000
98497 0.554000
98501 0.555000
98502 0.556000
98531 0.557000
98537 0.558000
98572 0.559000
98576 0.560000
98594 0.561000
98608 0.562000
98610 0.563000
98613 0.564000
98618 0.565000
98624 0.566000
98638 0.567000
98645 0.568000
98669 0.569000
98676 0.570000
98677 0.571000
98691 0.572000
98707 0.574000
98711 0.575000
98731 0.576000
98750 0.577000
98755 0.579000
98778 0.581000
98782 0.582000
98824 0.583000
98825 0.584000
98826 0.585000
98847 0.586000
98876 0.587000
98896 0.588000
98968 0.589000
98993 0.590000
99005 0.591000
99009 0.592000
99016 0.593000
99018 0.594000
99027 0.595000
99028 0.596000
99029 0.597000
99039 0.598000
99046 0.599000
99048 0.600000
99050 0.601000
99051 0.602000
99054 0.603000
99077 0.604000
99106 0.605000
99124 0.606000
99127 0.607000
99131 0.608000
99135 0.609000
99137 0.610000
99146 0.611000
99175 0.612000
99186 0.613000
99189 0.614000
99216 0.615000
99239 0.616000
99254 0.617000
99264 0.618000
99282 0.619000
99295 0.620000
99296 0.621000
99298 0.622000
99307 0.623000
99309 0.624000
99332 0.625000
99382 0.626000
99398 0.627000
99400 0.628000
99423 0.629000
99430 0.630000
99467 0.631000
99515 0.632000
99518 0.633000
99547 0.634000
99550 0.635000
99559 0.637000
99563 0.638000
99569 0.639000
99573 0.640000
99590 0.641000
99598 0.642000
99644 0.643000
99653 0.644000
99679 0.645000
99725 0.646000
99769 0.647000
99774 0.648000
99780 0.649000
99794 0.650000
99797 0.651000
99818 0.652000
99833 0.653000
99849 0.654000
99863 0.655000
99877 0.656000
99888 0.657000
99895 0.658000
99912 0.659000
99931 0.660000
99948 0.661000
99986 0.662000
100006 0.663000
100019 0.664000
100036 0.665000
100038 0.666000
100045 0.667000
100058 0.668000
100097 0.669000
100124 0.670000
100132 0.671000
100138 0.672000
100171 0.673000
100186 0.674000
100188 0.675000
100211 0.677000
100220 0.679000
100233 0.680000
100236 0.681000
100237 0.682000
100259 0.683000
100266 0.684000
100289 0.685000
100304 0.686000
100315 0.687000
100365 0.688000
100377 0.689000
100394 0.690000
100411 0.691000
100480 0.692000
100517 0.693000
100543 0.694000
100563 0.695000
100564 0.696000
100623 0.697000
100630 0.699000
100632 0.700000
100635 0.701000
100657 0.702000
100707 0.703000
100739 0.704000
100750 0.705000
100767 0.706000
100784 0.707000
100787 0.708000
100820 0.709000
100839 0.710000
100843 0.711000
100851 0.712000
100887 0.713000
100905 0.714000
100934 0.715000
100963 0.716000
101007 0.717000
101039 0.718000
101069 0.719000
101081 0.721000
101090 0.722000
101098 0.723000
101152 0.724000
101164 0.725000
101194 0.726000
101200 0.727000
101222 0.728000
101232 0.729000
101254 0.730000
101266 0.731000
101299 0.732000
101335 0.733000
101341 0.734000
101365 0.735000
101376 0.736000
101420 0.737000
101431 0.738000
101440 0.739000
101450 0.740000
101488 0.741000
101543 0.742000
101554 0.743000
101633 0.744000
101639 0.745000
101668 0.746000
101707 0.747000
101730 0.748000
101750 0.749000
101766 0.750000
101787 0.751000
101845 0.752000
101878 0.753000
101884 0.754000
101900 0.755000
101931 0.756000
101946 0.757000
101971 0.758000
101982 0.759000
102135 0.760000
102139 0.761000
102163 0.762000
102183 0.763000
102192 0.764000
102214 0.765000
102215 0.766000
102216 0.767000
102284 0.768000
102297 0.769000
102305 0.770000
102347 0.771000
102348 0.772000
102367 0.773000
102465 0.774000
102493 0.775000
102590 0.776000
102622 0.777000
102658 0.778000
102678 0.779000
102698 0.780000
102708 0.781000
102736 0.782000
102737 0.783000
102738 0.784000
102739 0.785000
102812 0.786000
102849 0.787000
102870 0.788000
102924 0.789000
102963 0.790000
102997 0.791000
103001 0.792000
103004 0.793000
103102 0.794000
103113 0.795000
103127 0.796000
103183 0.797000
103231 0.798000
103246 0.799000
103305 0.800000
103315 0.801000
103322 0.802000
103342 0.803000
103382 0.804000
103396 0.805000
103399 0.806000
103414 0.808000
103425 0.809000
103441 0.810000
103456 0.811000
103482 0.812000
103519 0.813000
103539 0.814000
103561 0.815000
103583 0.816000
103596 0.817000
103624 0.818000
103633 0.819000
103657 0.820000
103665 0.821000
103719 0.822000
103744 0.823000
103792 0.824000
103793 0.825000
103845 0.826000
103865 0.827000
103949 0.828000
103960 0.829000
103966 0.831000
104023 0.832000
104024 0.833000
104051 0.834000
104112 0.835000
104125 0.836000
104135 0.837000
104144 0.838000
104180 0.839000
104187 0.840000
104188 0.842000
104195 0.843000
104250 0.844000
104266 0.845000
104268 0.846000
104338 0.847000
104398 0.848000
104438 0.849000
104446 0.850000
104482 0.851000
104486 0.852000
104511 0.853000
104527 0.854000
104568 0.855000
104574 0.856000
104594 0.857000
104685 0.858000
104732 0.859000
104771 0.860000
104792 0.861000
104839 0.862000
104944 0.863000
104963 0.864000
104974 0.865000
105190 0.866000
105196 0.867000
105288 0.868000
105356 0.869000
105382 0.870000
105386 0.871000
105397 0.872000
105401 0.873000
105435 0.874000
105462 0.875000
105468 0.876000
105490 0.877000
105515 0.879000
105521 0.880000
105584 0.881000
105606 0.882000
105676 0.883000
105712 0.884000
105735 0.885000
105764 0.886000
105808 0.887000
105820 0.888000
105830 0.889000
105902 0.890000
105930 0.891000
106056 0.892000
106057 0.893000
106110 0.894000
106151 0.895000
106192 0.896000
106373 0.897000
106406 0.898000
106508 0.899000
106522 0.900000
106575 0.901000
106766 0.902000
106915 0.903000
107042 0.904000
107156 0.905000
107419 0.906000
107651 0.907000
107704 0.908000
107979 0.909000
108198 0.910000
108274 0.911000
108282 0.912000
108464 0.913000
108533 0.914000
108614 0.915000
108651 0.916000
108698 0.917000
108866 0.918000
109005 0.919000
109102 0.920000
109188 0.921000
109316 0.922000
109345 0.923000
109366 0.924000
109397 0.925000
109909 0.926000
109956 0.927000
110056 0.928000
110177 0.929000
110230 0.930000
110236 0.931000
110345 0.932000
110428 0.933000
110506 0.934000
110577 0.935000
110713 0.936000
110715 0.937000
110780 0.938000
110881 0.939000
111120 0.940000
111185 0.941000
111260 0.942000
111264 0.943000
111282 0.944000
111361 0.945000
111439 0.946000
111711 0.947000
111876 0.948000
112045 0.949000
112239 0.950000
112299 0.951000
112422 0.952000
112694 0.953000
112878 0.954000
112882 0.955000
112989 0.956000
113189 0.957000
113190 0.958000
113417 0.959000
113471 0.960000
113508 0.961000
113565 0.962000
114188 0.963000
114256 0.964000
114933 0.965000
115044 0.966000
115426 0.967000
115667 0.968000
115723 0.969000
116071 0.970000
116144 0.971000
116409 0.972000
116579 0.973000
117072 0.974000
117604 0.975000
117948 0.976000
118241 0.977000
118734 0.978000
118810 0.979000
119174 0.980000
119330 0.981000
119500 0.982000
120446 0.983000
120746 0.984000
120762 0.985000
121227 0.986000
121249 0.987000
121277 0.988000
121286 0.989000
121291 0.990000
121635 0.991000
121932 0.992000
122852 0.993000
123193 0.994000
124406 0.995000
125363 0.996000
126726 0.997000
128246 0.998000
128802 0.999000
139806 1.000000


