176079 0.000000
176079 0.002000
176485 0.004000
176871 0.006000
177018 0.008000
177034 0.010000
177565 0.012000
177890 0.014000
178524 0.016000
178606 0.018000
179151 0.020000
180845 0.022000
180907 0.024000
180946 0.026000
181685 0.028000
182139 0.030000
182269 0.032000
183506 0.034000
183688 0.036000
183743 0.038000
184168 0.040000
184237 0.042000
184335 0.044000
184543 0.046000
184883 0.048000
184913 0.050000
185180 0.052000
185372 0.054000
185609 0.056000
185865 0.058000
185928 0.060000
185945 0.062000
186028 0.064000
186072 0.066000
186099 0.068000
186354 0.070000
186641 0.072000
186768 0.074000
186789 0.076000
186817 0.078000
186879 0.080000
186885 0.082000
186893 0.084000
186903 0.086000
187005 0.088000
187100 0.090000
187136 0.092000
187154 0.094000
187186 0.096000
187200 0.098000
187204 0.100000
187289 0.102000
187415 0.104000
187454 0.106000
187470 0.108000
187499 0.110000
187690 0.112000
187771 0.114000
187772 0.116000
187787 0.118000
187806 0.120000
187811 0.122000
187815 0.124000
187882 0.126000
187904 0.128000
187982 0.130000
188053 0.132000
188129 0.134000
188151 0.136000
188220 0.138000
188256 0.140000
188260 0.142000
188306 0.144000
188329 0.146000
188381 0.148000
188407 0.150000
188431 0.152000
188500 0.154000
188503 0.156000
188571 0.158000
188596 0.160000
188671 0.162000
188708 0.164000
188709 0.166000
188822 0.168000
188874 0.170000
188937 0.172000
188960 0.174000
189026 0.176000
189105 0.178000
189119 0.180000
189131 0.182000
189222 0.184000
189237 0.186000
189257 0.188000
189439 0.190000
189455 0.192000
189560 0.194000
189562 0.196000
189608 0.198000
189615 0.200000
189632 0.202000
189650 0.204000
189701 0.206000
189736 0.208000
189740 0.210000
189748 0.212000
189751 0.214000
189752 0.216000
189811 0.218000
189821 0.220000
189891 0.222000
189919 0.224000
190082 0.226000
190086 0.228000
190093 0.230000
190106 0.232000
190133 0.234000
190312 0.236000
190375 0.238000
190455 0.240000
190564 0.242000
190596 0.244000
190597 0.246000
190653 0.248000
190705 0.250000
190730 0.252000
190739 0.254000
190767 0.256000
190940 0.258000
190944 0.260000
191002 0.262000
191096 0.264000
191172 0.266000
191268 0.268000
191321 0.270000
191381 0.272000
191387 0.274000
191389 0.276000
191400 0.278000
191403 0.280000
191410 0.282000
191466 0.284000
191492 0.286000
191549 0.288000
191552 0.290000
191582 0.292000
191615 0.294000
191677 0.296000
191703 0.300000
191706 0.302000
191731 0.304000
191732 0.306000
191751 0.308000
191790 0.310000
191830 0.312000
191838 0.314000
191863 0.316000
191880 0.318000
191940 0.320000
191954 0.322000
192032 0.324000
192034 0.326000
192078 0.328000
192101 0.330000
192122 0.332000
192150 0.334000
192205 0.336000
192267 0.338000
192270 0.340000
192285 0.342000
192306 0.344000
192313 0.346000
192315 0.348000
192367 0.350000
192529 0.352000
192559 0.354000
192561 0.356000
192616 0.358000
192637 0.360000
192693 0.362000
192732 0.364000
192793 0.366000
192794 0.368000
192812 0.370000
192864 0.372000
192941 0.374000
192986 0.376000
193018 0.378000
193038 0.380000
193044 0.384000
193112 0.386000
193116 0.388000
193155 0.390000
193178 0.392000
193232 0.394000
193280 0.396000
193285 0.398000
193360 0.400000
193404 0.402000
193406 0.404000
193422 0.406000
193504 0.408000
193521 0.410000
193523 0.412000
193529 0.414000
193601 0.416000
193613 0.418000
193630 0.420000
193666 0.422000
193769 0.424000
193833 0.426000
193841 0.428000
193852 0.430000
193866 0.432000
193884 0.434000
193894 0.436000
193905 0.438000
193932 0.440000
193933 0.442000
193935 0.444000
194014 0.446000
194154 0.448000
194269 0.450000
194325 0.452000
194383 0.454000
194390 0.456000
194396 0.458000
194403 0.460000
194457 0.462000
194464 0.464000
194489 0.466000
194510 0.468000
194517 0.470000
194524 0.472000
194567 0.474000
194639 0.476000
194683 0.478000
194691 0.480000
194693 0.482000
194725 0.484000
194786 0.486000
194796 0.488000
194861 0.490000
194962 0.492000
194984 0.494000
195040 0.496000
195077 0.498000
195094 0.500000
195155 0.502000
195169 0.504000
195191 0.506000
195241 0.508000
195290 0.510000
195302 0.512000
195440 0.514000
195461 0.516000
195516 0.518000
195522 0.520000
195539 0.522000
195613 0.524000
195770 0.526000
195808 0.528000
195834 0.530000
195945 0.532000
195972 0.534000
196080 0.536000
196098 0.538000
196149 0.540000
196243 0.542000
196245 0.544000
196250 0.546000
196270 0.548000
196311 0.550000
196338 0.552000
196380 0.554000
196415 0.556000
196430 0.558000
196436 0.560000
196575 0.562000
196583 0.564000
196651 0.566000
196742 0.568000
196798 0.570000
196846 0.572000
196890 0.574000
197017 0.576000
197084 0.578000
197109 0.580000
197119 0.582000
197124 0.584000
197130 0.586000
197142 0.588000
197152 0.590000
197178 0.592000
197196 0.594000
197211 0.596000
197212 0.598000
197223 0.600000
197303 0.604000
197311 0.606000
197313 0.608000
197338 0.610000
197343 0.612000
197345 0.614000
197388 0.616000
197448 0.618000
197467 0.620000
197483 0.622000
197515 0.624000
197520 0.626000
197553 0.628000
197626 0.630000
197652 0.632000
197717 0.634000
197761 0.636000
197774 0.638000
197793 0.640000
197830 0.642000
197974 0.644000
198003 0.646000
198159 0.648000
198200 0.650000
198244 0.652000
198317 0.654000
198361 0.656000
198422 0.658000
198536 0.660000
198563 0.662000
198568 0.664000
198604 0.666000
198606 0.668000
198617 0.670000
198735 0.672000
198785 0.674000
198793 0.676000
198817 0.678000
198886 0.680000
198903 0.682000
198954 0.684000
198962 0.686000
198979 0.688000
199003 0.690000
199006 0.692000
199014 0.694000
199019 0.696000
199046 0.698000
199052 0.700000
199121 0.702000
199129 0.704000
199142 0.706000
199158 0.708000
199180 0.710000
199190 0.712000
199203 0.714000
199246 0.716000
199315 0.718000
199351 0.720000
199395 0.722000
199428 0.724000
199436 0.726000
199498 0.728000
199516 0.730000
199517 0.732000
199684 0.734000
199740 0.736000
199742 0.738000
199760 0.740000
199820 0.742000
199873 0.744000
199894 0.746000
199950 0.748000
199993 0.750000
199996 0.752000
200045 0.754000
200061 0.756000
200149 0.758000
200156 0.760000
200206 0.762000
200236 0.764000
200304 0.766000
200423 0.768000
200425 0.770000
200470 0.772000
200478 0.774000
200539 0.776000
200608 0.778000
200621 0.780000
200711 0.782000
200753 0.784000
200769 0.786000
200795 0.788000
200806 0.790000
200903 0.792000
200986 0.794000
201004 0.796000
201077 0.798000
201079 0.800000
201085 0.802000
201140 0.804000
201149 0.806000
201173 0.810000
201176 0.812000
201192 0.814000
201227 0.816000
201313 0.818000
201501 0.820000
201519 0.822000
201555 0.824000
201641 0.826000
201651 0.828000
201652 0.830000
201656 0.832000
201698 0.834000
201862 0.836000
201934 0.838000
201940 0.840000
201979 0.842000
201998 0.844000
202055 0.846000
202068 0.848000
202107 0.850000
202109 0.852000
202167 0.854000
202244 0.856000
202293 0.858000
202299 0.860000
202345 0.862000
202449 0.864000
202472 0.866000
202508 0.868000
202529 0.870000
202710 0.872000
202713 0.874000
202838 0.876000
203243 0.878000
203287 0.880000
203289 0.882000
203376 0.884000
203578 0.886000
203693 0.888000
203713 0.890000
203774 0.892000
203801 0.894000
203919 0.896000
203920 0.898000
203973 0.900000
203986 0.902000
204029 0.904000
204151 0.906000
204182 0.908000
204193 0.910000
204207 0.912000
204210 0.914000
204285 0.916000
204303 0.918000
204416 0.920000
204493 0.922000
204507 0.924000
204598 0.926000
204607 0.928000
204746 0.930000
204945 0.932000
204952 0.934000
205086 0.936000
205144 0.938000
205450 0.940000
205477 0.942000
205502 0.944000
205512 0.946000
205628 0.948000
205635 0.950000
205647 0.952000
205755 0.954000
205841 0.956000
206236 0.958000
206609 0.960000
207059 0.962000
207397 0.964000
207776 0.966000
207962 0.968000
208111 0.970000
208507 0.972000
208854 0.974000
209045 0.976000
209244 0.978000
209315 0.980000
209442 0.982000
209509 0.984000
209569 0.986000
210764 0.988000
211146 0.990000
211996 0.992000
212259 0.994000
213697 0.996000
213838 0.998000
215338 1.000000


104 0.000000
104 0.006000
105 0.014000
106 0.032000
107 0.056000
108 0.064000
109 0.094000
110 0.218000
111 0.380000
112 0.534000
113 0.774000
114 0.948000
115 0.982000
116 0.992000
117 0.996000
121 0.998000
122 1.000000


