189357 0.000000
189357 0.001000
190312 0.002000
192426 0.003000
193330 0.004000
193422 0.005000
194169 0.006000
194402 0.007000
194862 0.008000
195375 0.009000
195490 0.010000
195601 0.011000
196497 0.012000
196525 0.013000
196792 0.014000
196890 0.015000
196897 0.016000
196967 0.017000
196991 0.018000
197179 0.019000
197244 0.020000
197782 0.021000
197833 0.022000
197983 0.023000
198425 0.024000
198508 0.025000
198536 0.026000
198608 0.027000
198656 0.028000
198752 0.029000
198842 0.030000
198852 0.031000
198977 0.032000
199157 0.033000
199789 0.034000
199832 0.035000
199842 0.036000
199962 0.037000
200194 0.038000
200576 0.039000
200720 0.040000
200734 0.041000
200745 0.042000
201035 0.043000
201061 0.044000
201128 0.045000
201320 0.046000
201434 0.047000
201564 0.048000
201685 0.049000
201697 0.050000
201730 0.051000
202138 0.052000
202331 0.053000
202380 0.054000
202563 0.055000
202632 0.056000
202651 0.057000
202835 0.058000
202899 0.059000
202903 0.060000
202929 0.061000
203217 0.062000
203608 0.063000
203770 0.064000
203908 0.065000
204179 0.066000
204307 0.067000
204310 0.068000
204412 0.069000
204427 0.070000
204574 0.071000
204590 0.072000
204740 0.073000
204821 0.074000
204835 0.075000
204887 0.076000
204895 0.077000
204951 0.078000
204999 0.079000
205162 0.080000
205341 0.081000
205581 0.082000
205584 0.083000
205629 0.084000
205702 0.085000
205746 0.086000
205764 0.087000
205818 0.088000
205847 0.089000
205949 0.090000
206111 0.091000
206120 0.092000
206218 0.093000
206249 0.094000
206288 0.095000
206338 0.096000
206418 0.097000
206476 0.098000
206517 0.099000
206524 0.100000
206526 0.101000
206571 0.102000
206580 0.103000
206610 0.104000
206712 0.105000
206747 0.106000
206815 0.107000
206892 0.108000
206905 0.109000
206930 0.111000
207033 0.112000
207093 0.113000
207164 0.114000
207563 0.115000
207571 0.116000
207677 0.117000
207717 0.118000
207828 0.119000
207832 0.120000
207934 0.121000
207938 0.122000
208222 0.123000
208315 0.124000
208384 0.125000
208428 0.126000
208479 0.127000
208605 0.128000
208665 0.129000
208676 0.130000
208677 0.131000
208881 0.132000
208933 0.133000
209040 0.134000
209185 0.135000
209194 0.136000
209226 0.137000
209270 0.138000
209272 0.139000
209326 0.140000
209407 0.141000
209431 0.142000
209440 0.143000
209466 0.144000
209475 0.145000
209504 0.146000
209672 0.147000
209739 0.148000
209765 0.149000
209769 0.150000
209770 0.151000
209786 0.152000
209795 0.153000
209807 0.154000
209824 0.155000
209907 0.156000
209967 0.157000
209992 0.158000
210169 0.159000
210188 0.160000
210200 0.161000
210258 0.162000
210397 0.163000
210514 0.164000
210541 0.165000
210629 0.166000
210632 0.167000
210655 0.168000
210865 0.169000
210922 0.170000
210938 0.171000
210946 0.172000
210974 0.173000
210978 0.174000
211077 0.175000
211167 0.176000
211328 0.177000
211370 0.178000
211381 0.179000
211401 0.180000
211414 0.181000
211482 0.182000
211550 0.183000
211621 0.184000
211683 0.185000
211712 0.186000
211822 0.187000
211849 0.188000
211916 0.189000
212002 0.190000
212014 0.191000
212019 0.192000
212022 0.193000
212041 0.194000
212217 0.195000
212226 0.196000
212255 0.197000
212261 0.198000
212268 0.199000
212295 0.200000
212308 0.201000
212312 0.202000
212423 0.203000
212484 0.204000
212501 0.205000
212532 0.206000
212569 0.207000
212598 0.208000
212611 0.209000
212686 0.210000
212718 0.211000
212773 0.212000
212827 0.213000
212877 0.214000
212934 0.215000
212966 0.216000
213042 0.217000
213167 0.218000
213192 0.219000
213205 0.220000
213231 0.221000
213269 0.222000
213317 0.223000
213342 0.224000
213466 0.225000
213472 0.226000
213560 0.227000
213594 0.228000
213609 0.229000
213688 0.230000
213740 0.231000
213793 0.232000
213814 0.233000
213833 0.234000
213849 0.235000
213934 0.236000
214039 0.237000
214060 0.238000
214100 0.240000
214151 0.241000
214164 0.242000
214189 0.243000
214214 0.244000
214256 0.245000
214278 0.246000
214290 0.247000
214335 0.248000
214389 0.249000
214507 0.250000
214532 0.251000
214589 0.252000
214622 0.253000
214630 0.254000
214681 0.255000
214742 0.256000
214768 0.257000
214779 0.258000
214812 0.259000
214839 0.260000
214847 0.261000
214922 0.262000
215054 0.263000
215165 0.264000
215197 0.265000
215244 0.266000
215282 0.267000
215285 0.268000
215293 0.269000
215391 0.270000
215394 0.271000
215466 0.272000
215546 0.273000
215576 0.274000
215666 0.275000
216003 0.276000
216117 0.277000
216118 0.278000
216131 0.279000
216207 0.280000
216219 0.281000
216275 0.282000
216286 0.283000
216332 0.284000
216334 0.285000
216404 0.286000
216409 0.287000
216427 0.288000
216429 0.289000
216470 0.290000
216498 0.291000
216503 0.292000
216548 0.293000
216603 0.294000
216625 0.295000
216639 0.296000
216673 0.297000
216711 0.298000
216712 0.299000
216713 0.301000
216752 0.302000
216780 0.303000
216875 0.304000
216930 0.305000
216968 0.306000
216974 0.307000
217067 0.308000
217133 0.309000
217201 0.310000
217203 0.311000
217221 0.312000
217229 0.313000
217249 0.314000
217277 0.315000
217303 0.316000
217331 0.317000
217392 0.318000
217415 0.319000
217450 0.320000
217451 0.321000
217504 0.322000
217526 0.323000
217541 0.324000
217555 0.325000
217616 0.326000
217648 0.327000
217697 0.328000
217746 0.329000
217789 0.330000
217820 0.331000
217911 0.333000
217914 0.334000
217918 0.335000
217978 0.336000
218007 0.337000
218111 0.338000
218123 0.339000
218269 0.340000
218300 0.341000
218308 0.342000
218319 0.343000
218394 0.344000
218418 0.346000
218447 0.347000
218482 0.348000
218490 0.349000
218499 0.350000
218505 0.351000
218523 0.352000
218536 0.353000
218564 0.354000
218589 0.355000
218723 0.356000
218769 0.357000
218838 0.358000
218968 0.359000
218980 0.360000
218994 0.361000
219106 0.362000
219167 0.363000
219227 0.364000
219238 0.365000
219333 0.366000
219412 0.367000
219434 0.368000
219571 0.369000
219789 0.370000
219961 0.371000
220058 0.372000
220066 0.373000
220217 0.374000
220277 0.375000
220300 0.376000
220343 0.377000
220372 0.378000
220467 0.379000
220491 0.380000
220593 0.381000
220623 0.382000
220629 0.383000
220680 0.384000
220703 0.386000
220708 0.387000
220714 0.388000
220754 0.389000
220766 0.390000
220811 0.391000
220832 0.392000
220838 0.393000
220911 0.394000
220977 0.395000
220994 0.396000
221035 0.397000
221065 0.398000
221121 0.399000
221134 0.400000
221178 0.401000
221200 0.402000
221201 0.403000
221209 0.404000
221220 0.405000
221247 0.406000
221357 0.407000
221450 0.408000
221487 0.409000
221505 0.410000
221544 0.411000
221561 0.412000
221585 0.414000
221588 0.415000
221591 0.416000
221612 0.417000
221658 0.418000
221767 0.419000
221768 0.420000
221827 0.421000
221828 0.422000
221836 0.423000
221856 0.424000
222022 0.425000
222067 0.426000
222108 0.427000
222114 0.428000
222316 0.429000
222347 0.430000
222361 0.431000
222386 0.432000
222410 0.433000
222435 0.434000
222458 0.435000
222560 0.436000
222579 0.437000
222652 0.438000
222736 0.439000
222779 0.440000
222891 0.441000
222902 0.442000
222940 0.443000
222988 0.444000
223121 0.445000
223198 0.446000
223248 0.447000
223249 0.448000
223357 0.449000
223385 0.450000
223507 0.451000
223527 0.452000
223622 0.453000
223682 0.454000
223686 0.455000
223706 0.456000
223771 0.457000
223781 0.458000
223789 0.459000
223797 0.460000
223846 0.461000
223888 0.462000
224056 0.463000
224140 0.464000
224144 0.465000
224147 0.466000
224160 0.467000
224219 0.468000
224226 0.469000
224262 0.470000
224333 0.471000
224342 0.472000
224406 0.473000
224409 0.474000
224422 0.475000
224423 0.476000
224435 0.477000
224531 0.478000
224557 0.479000
224708 0.480000
224711 0.481000
224752 0.482000
224790 0.483000
224802 0.484000
224901 0.485000
224935 0.486000
224979 0.487000
224998 0.488000
225039 0.489000
225078 0.490000
225081 0.491000
225123 0.492000
225136 0.493000
225142 0.494000
225170 0.495000
225399 0.496000
225484 0.497000
225497 0.498000
225540 0.499000
225550 0.500000
225575 0.501000
225601 0.502000
225618 0.503000
225772 0.504000
225827 0.505000
225851 0.506000
225882 0.507000
225935 0.508000
226012 0.509000
226103 0.510000
226120 0.511000
226140 0.512000
226207 0.513000
226250 0.514000
226330 0.515000
226386 0.516000
226494 0.517000
226512 0.518000
226588 0.519000
226605 0.520000
226661 0.521000
226786 0.522000
226787 0.523000
226848 0.524000
226881 0.525000
226906 0.526000
226986 0.527000
227252 0.528000
227277 0.529000
227353 0.530000
227442 0.531000
227489 0.532000
227584 0.533000
227699 0.534000
227743 0.535000
227775 0.536000
227780 0.537000
227798 0.538000
227825 0.539000
227869 0.540000
227905 0.541000
227922 0.542000
227940 0.543000
227949 0.544000
228059 0.545000
228175 0.547000
228200 0.548000
228249 0.549000
228266 0.550000
228404 0.551000
228414 0.552000
228482 0.553000
228517 0.554000
228553 0.555000
228633 0.556000
228652 0.557000
228672 0.558000
228677 0.559000
228754 0.560000
228765 0.561000
228770 0.562000
228791 0.563000
228945 0.565000
228989 0.566000
229079 0.567000
229209 0.568000
229265 0.570000
229300 0.571000
229362 0.572000
229368 0.573000
229464 0.574000
229510 0.575000
229554 0.576000
229652 0.577000
229658 0.578000
229777 0.579000
229791 0.580000
229796 0.581000
229802 0.582000
229871 0.583000
229889 0.584000
229952 0.585000
229976 0.586000
229980 0.587000
230116 0.588000
230180 0.589000
230253 0.590000
230254 0.591000
230301 0.592000
230314 0.593000
230364 0.594000
230415 0.595000
230429 0.596000
230478 0.597000
230528 0.598000
230709 0.599000
230774 0.600000
230798 0.601000
230820 0.602000
230840 0.603000
230921 0.604000
230928 0.605000
231005 0.606000
231020 0.607000
231120 0.608000
231171 0.609000
231180 0.610000
231188 0.611000
231264 0.612000
231289 0.613000
231293 0.614000
231414 0.615000
231577 0.616000
231581 0.617000
231651 0.618000
231722 0.619000
231838 0.620000
231900 0.621000
232217 0.622000
232370 0.623000
232411 0.624000
232474 0.625000
232531 0.626000
232549 0.627000
232567 0.628000
232638 0.629000
232694 0.630000
232711 0.631000
232728 0.632000
232732 0.633000
232777 0.634000
232782 0.635000
232785 0.636000
232880 0.637000
232891 0.638000
232898 0.639000
232904 0.640000
233037 0.641000
233043 0.642000
233108 0.643000
233136 0.644000
233139 0.645000
233229 0.646000
233264 0.647000
233268 0.648000
233420 0.649000
233466 0.650000
233759 0.651000
233779 0.652000
233843 0.653000
233891 0.654000
233924 0.655000
233933 0.656000
234140 0.657000
234158 0.658000
234183 0.659000
234286 0.660000
234326 0.661000
234367 0.662000
234441 0.663000
234443 0.664000
234547 0.665000
234601 0.666000
234673 0.667000
234704 0.668000
234711 0.669000
234890 0.670000
235036 0.671000
235186 0.672000
235523 0.673000
235553 0.674000
235568 0.675000
235579 0.676000
235653 0.677000
235723 0.678000
235943 0.679000
235946 0.680000
236075 0.681000
236133 0.682000
236266 0.683000
236373 0.684000
236435 0.685000
236478 0.686000
236532 0.687000
236673 0.688000
236694 0.689000
236700 0.690000
236774 0.691000
236842 0.692000
236944 0.693000
236957 0.694000
236997 0.695000
237016 0.696000
237182 0.697000
237302 0.698000
237315 0.699000
237415 0.700000
237507 0.701000
237586 0.702000
237615 0.703000
237697 0.704000
237798 0.705000
237933 0.706000
237939 0.707000
238062 0.708000
238287 0.709000
238318 0.710000
238334 0.711000
238440 0.712000
238476 0.713000
238485 0.714000
238490 0.715000
238513 0.716000
238523 0.717000
239005 0.718000
239120 0.719000
239143 0.720000
239311 0.721000
239384 0.722000
239436 0.723000
239461 0.724000
239503 0.725000
239519 0.726000
239846 0.727000
239913 0.728000
239919 0.729000
240005 0.730000
240010 0.731000
240031 0.732000
240206 0.733000
240220 0.734000
240232 0.735000
240258 0.736000
240405 0.737000
240470 0.738000
240498 0.739000
240593 0.740000
240616 0.741000
240665 0.742000
240788 0.743000
240874 0.744000
240894 0.745000
241079 0.746000
241181 0.747000
241226 0.748000
241239 0.749000
241241 0.750000
241336 0.751000
241500 0.752000
241585 0.753000
241661 0.754000
241698 0.755000
241710 0.756000
241726 0.757000
241854 0.758000
242109 0.759000
242332 0.760000
242345 0.761000
242431 0.762000
242435 0.763000
242516 0.764000
242627 0.765000
242668 0.766000
242810 0.767000
242934 0.768000
243150 0.769000
243166 0.770000
243169 0.771000
243240 0.772000
243361 0.773000
243432 0.774000
243485 0.775000
243788 0.776000
243858 0.777000
243864 0.778000
243985 0.779000
244211 0.780000
244247 0.781000
244305 0.782000
244380 0.783000
244386 0.784000
244483 0.785000
244549 0.786000
244651 0.787000
244669 0.788000
244893 0.789000
244931 0.790000
245045 0.791000
245184 0.792000
245192 0.793000
245193 0.794000
245236 0.795000
245389 0.796000
245399 0.797000
245444 0.798000
245467 0.799000
245679 0.800000
245765 0.801000
245769 0.802000
245836 0.803000
246141 0.804000
246427 0.805000
246555 0.806000
246620 0.807000
246625 0.808000
246662 0.809000
246666 0.810000
246668 0.811000
246798 0.812000
247004 0.813000
247008 0.814000
247010 0.815000
247112 0.816000
247188 0.817000
247347 0.818000
247348 0.819000
247401 0.820000
247441 0.821000
247476 0.822000
247555 0.823000
247790 0.824000
247864 0.825000
248117 0.826000
248181 0.827000
248194 0.828000
248778 0.829000
249115 0.830000
249128 0.831000
249197 0.832000
249219 0.834000
249703 0.835000
249773 0.836000
250033 0.837000
250141 0.838000
250449 0.839000
250463 0.840000
250912 0.841000
250942 0.842000
251019 0.843000
251214 0.844000
251282 0.845000
251301 0.846000
251451 0.847000
251558 0.848000
251764 0.849000
251862 0.850000
251931 0.851000
252246 0.852000
252465 0.853000
252478 0.854000
252570 0.855000
252694 0.856000
252723 0.857000
252892 0.858000
253075 0.859000
253099 0.860000
253123 0.861000
253373 0.862000
253424 0.863000
253565 0.864000
253634 0.865000
253709 0.866000
253739 0.867000
253777 0.868000
254099 0.869000
254177 0.870000
254260 0.871000
254285 0.872000
254388 0.873000
254976 0.874000
255731 0.875000
255775 0.876000
255880 0.877000
256257 0.878000
256316 0.879000
256464 0.880000
256689 0.881000
256737 0.882000
256756 0.883000
256985 0.884000
257015 0.885000
257466 0.886000
258074 0.887000
258086 0.888000
258174 0.889000
258220 0.890000
258265 0.891000
258612 0.892000
258830 0.893000
259007 0.894000
259081 0.895000
259459 0.896000
259494 0.897000
260248 0.898000
260432 0.899000
261147 0.900000
261222 0.901000
261682 0.902000
261989 0.903000
262044 0.904000
262081 0.905000
262084 0.906000
262312 0.907000
262577 0.908000
262593 0.909000
262873 0.910000
262947 0.911000
263158 0.912000
263189 0.913000
263347 0.914000
263749 0.915000
263963 0.916000
264861 0.917000
265651 0.918000
266433 0.919000
266655 0.920000
266904 0.921000
267550 0.922000
268001 0.923000
268801 0.924000
268921 0.925000
269617 0.926000
269666 0.927000
269729 0.928000
270100 0.929000
270114 0.930000
270311 0.931000
270442 0.932000
270546 0.933000
270602 0.934000
270605 0.935000
271126 0.936000
271450 0.937000
271957 0.938000
272664 0.939000
272719 0.940000
273619 0.941000
273667 0.942000
273761 0.943000
274359 0.944000
274584 0.945000
274708 0.946000
275206 0.947000
275864 0.948000
276054 0.949000
276210 0.950000
276247 0.951000
276316 0.952000
276406 0.953000
277299 0.954000
277388 0.955000
277851 0.956000
277896 0.957000
278153 0.958000
278202 0.959000
278808 0.960000
279797 0.961000
280167 0.962000
281447 0.963000
281551 0.964000
281577 0.965000
281611 0.966000
282208 0.967000
282615 0.968000
282649 0.969000
282985 0.970000
283584 0.971000
283763 0.972000
284374 0.973000
285572 0.974000
285659 0.975000
286144 0.976000
286152 0.977000
286239 0.978000
287270 0.979000
287331 0.980000
287871 0.981000
289091 0.982000
289125 0.983000
289202 0.984000
291181 0.985000
291719 0.986000
292546 0.987000
293268 0.988000
293681 0.989000
294138 0.990000
294475 0.991000
295637 0.992000
296512 0.993000
297719 0.994000
300626 0.995000
302247 0.996000
305799 0.997000
306381 0.998000
315089 0.999000
317304 1.000000


