197947 0.000000
197947 0.001000
199227 0.002000
199611 0.003000
199783 0.004000
200224 0.005000
200603 0.006000
200813 0.007000
201394 0.008000
201581 0.009000
202523 0.010000
202580 0.011000
202690 0.012000
202827 0.013000
202872 0.014000
202876 0.015000
202987 0.016000
203024 0.017000
203200 0.018000
203720 0.019000
204120 0.020000
204311 0.021000
204432 0.022000
204487 0.023000
204544 0.024000
204571 0.025000
204642 0.026000
204654 0.027000
204700 0.028000
204794 0.029000
204890 0.030000
205215 0.031000
205336 0.032000
205425 0.033000
205434 0.034000
205457 0.035000
205458 0.036000
205580 0.037000
205680 0.038000
205692 0.039000
205731 0.040000
205774 0.041000
206156 0.042000
206207 0.043000
206221 0.044000
206271 0.045000
206354 0.046000
206405 0.047000
206527 0.048000
206547 0.049000
206794 0.050000
206855 0.051000
206884 0.052000
206939 0.053000
206942 0.054000
206948 0.055000
206986 0.056000
207000 0.057000
207045 0.058000
207055 0.059000
207122 0.060000
207172 0.061000
207207 0.062000
207237 0.063000
207305 0.064000
207326 0.065000
207327 0.066000
207343 0.067000
207370 0.068000
207394 0.069000
207395 0.070000
207483 0.071000
207529 0.072000
207590 0.073000
207610 0.075000
207616 0.076000
207695 0.077000
207699 0.078000
207717 0.079000
207761 0.080000
207765 0.081000
207883 0.082000
207887 0.083000
207903 0.084000
207940 0.085000
207981 0.086000
207984 0.087000
208010 0.088000
208018 0.089000
208052 0.090000
208082 0.091000
208090 0.092000
208093 0.093000
208126 0.094000
208131 0.095000
208138 0.096000
208149 0.097000
208171 0.098000
208192 0.099000
208199 0.100000
208288 0.101000
208292 0.102000
208308 0.103000
208324 0.104000
208356 0.105000
208371 0.106000
208383 0.107000
208426 0.108000
208495 0.109000
208503 0.110000
208520 0.111000
208571 0.112000
208789 0.113000
208794 0.114000
208852 0.115000
208860 0.116000
208865 0.117000
208874 0.118000
208897 0.119000
208925 0.120000
208987 0.121000
209038 0.122000
209048 0.123000
209058 0.124000
209087 0.125000
209088 0.126000
209163 0.127000
209193 0.128000
209296 0.129000
209301 0.130000
209309 0.131000
209343 0.132000
209348 0.134000
209391 0.135000
209403 0.136000
209419 0.137000
209428 0.138000
209440 0.139000
209456 0.140000
209519 0.141000
209521 0.142000
209528 0.143000
209544 0.144000
209569 0.145000
209609 0.146000
209618 0.147000
209709 0.148000
209742 0.149000
209749 0.150000
209772 0.151000
209799 0.152000
209804 0.153000
209816 0.154000
209817 0.155000
209824 0.156000
209857 0.158000
209876 0.159000
209891 0.161000
209897 0.162000
209928 0.163000
209936 0.164000
209937 0.165000
209948 0.166000
209951 0.167000
210004 0.168000
210059 0.169000
210081 0.170000
210091 0.171000
210098 0.172000
210114 0.173000
210118 0.174000
210129 0.175000
210141 0.176000
210142 0.177000
210143 0.178000
210149 0.179000
210156 0.180000
210185 0.181000
210217 0.182000
210228 0.183000
210242 0.184000
210255 0.185000
210262 0.186000
210334 0.187000
210360 0.188000
210402 0.189000
210438 0.190000
210459 0.191000
210474 0.192000
210491 0.193000
210499 0.194000
210501 0.195000
210502 0.196000
210516 0.197000
210538 0.198000
210544 0.199000
210556 0.200000
210570 0.201000
210587 0.202000
210623 0.203000
210624 0.204000
210655 0.205000
210659 0.206000
210660 0.207000
210665 0.208000
210667 0.209000
210713 0.210000
210730 0.211000
210751 0.212000
210760 0.213000
210802 0.214000
210816 0.215000
210818 0.216000
210837 0.217000
210840 0.218000
210861 0.219000
210865 0.220000
210870 0.221000
210894 0.222000
210921 0.223000
210973 0.224000
210990 0.225000
211008 0.226000
211044 0.227000
211047 0.228000
211059 0.229000
211095 0.230000
211096 0.231000
211120 0.232000
211123 0.233000
211141 0.234000
211162 0.235000
211195 0.236000
211221 0.237000
211232 0.238000
211272 0.239000
211279 0.240000
211280 0.241000
211315 0.242000
211324 0.243000
211356 0.244000
211365 0.245000
211400 0.246000
211415 0.247000
211419 0.248000
211440 0.249000
211450 0.250000
211458 0.251000
211476 0.252000
211515 0.253000
211517 0.254000
211522 0.255000
211524 0.256000
211530 0.257000
211542 0.258000
211544 0.259000
211553 0.260000
211560 0.261000
211572 0.262000
211628 0.263000
211677 0.264000
211680 0.265000
211689 0.266000
211690 0.267000
211717 0.268000
211747 0.269000
211756 0.272000
211772 0.273000
211792 0.274000
211813 0.275000
211827 0.277000
211836 0.278000
211863 0.279000
211884 0.280000
211898 0.281000
211928 0.282000
211930 0.283000
211932 0.284000
211944 0.285000
211961 0.286000
211968 0.287000
211981 0.288000
211988 0.289000
211993 0.290000
211996 0.291000
212002 0.292000
212007 0.293000
212021 0.294000
212043 0.295000
212051 0.296000
212054 0.297000
212061 0.298000
212075 0.299000
212076 0.300000
212091 0.301000
212097 0.302000
212102 0.303000
212103 0.304000
212109 0.305000
212110 0.306000
212113 0.307000
212118 0.308000
212121 0.309000
212129 0.311000
212131 0.312000
212135 0.313000
212137 0.314000
212171 0.315000
212177 0.316000
212180 0.317000
212182 0.318000
212228 0.319000
212249 0.320000
212253 0.321000
212260 0.322000
212301 0.323000
212303 0.324000
212310 0.325000
212319 0.326000
212333 0.327000
212336 0.328000
212338 0.329000
212354 0.330000
212369 0.331000
212371 0.332000
212374 0.333000
212384 0.334000
212405 0.335000
212410 0.336000
212418 0.337000
212434 0.338000
212441 0.339000
212453 0.340000
212454 0.341000
212472 0.342000
212501 0.343000
212504 0.344000
212518 0.345000
212519 0.347000
212526 0.348000
212530 0.349000
212534 0.350000
212562 0.351000
212571 0.352000
212585 0.353000
212591 0.354000
212603 0.355000
212612 0.356000
212618 0.357000
212651 0.358000
212654 0.359000
212669 0.360000
212674 0.361000
212721 0.362000
212765 0.363000
212799 0.364000
212820 0.365000
212848 0.366000
212874 0.367000
212881 0.368000
212884 0.369000
212904 0.370000
212912 0.371000
212920 0.372000
212922 0.373000
212936 0.374000
212967 0.375000
212975 0.376000
212980 0.377000
212991 0.378000
213000 0.379000
213024 0.380000
213032 0.381000
213048 0.382000
213052 0.383000
213087 0.384000
213134 0.385000
213136 0.386000
213151 0.387000
213153 0.388000
213167 0.389000
213172 0.390000
213186 0.391000
213195 0.392000
213216 0.393000
213223 0.394000
213227 0.395000
213274 0.396000
213292 0.397000
213293 0.398000
213302 0.399000
213320 0.400000
213334 0.401000
213342 0.402000
213361 0.403000
213376 0.404000
213380 0.405000
213424 0.406000
213439 0.407000
213457 0.408000
213484 0.409000
213493 0.410000
213494 0.411000
213499 0.412000
213515 0.413000
213539 0.414000
213547 0.415000
213549 0.416000
213550 0.417000
213598 0.418000
213600 0.419000
213602 0.420000
213604 0.421000
213615 0.422000
213633 0.423000
213636 0.424000
213660 0.426000
213676 0.427000
213688 0.428000
213689 0.429000
213692 0.430000
213694 0.431000
213696 0.432000
213700 0.433000
213703 0.434000
213712 0.435000
213713 0.436000
213736 0.437000
213754 0.438000
213772 0.440000
213790 0.442000
213802 0.443000
213811 0.444000
213827 0.445000
213843 0.446000
213845 0.448000
213875 0.449000
213888 0.450000
213919 0.451000
213934 0.452000
213939 0.453000
213942 0.454000
213982 0.455000
213985 0.456000
214012 0.457000
214023 0.458000
214028 0.459000
214050 0.460000
214100 0.461000
214101 0.462000
214105 0.463000
214108 0.464000
214114 0.465000
214132 0.466000
214144 0.467000
214145 0.468000
214155 0.469000
214159 0.470000
214171 0.471000
214172 0.472000
214175 0.474000
214177 0.475000
214182 0.476000
214190 0.477000
214203 0.478000
214228 0.479000
214235 0.480000
214247 0.481000
214250 0.482000
214260 0.483000
214279 0.484000
214299 0.485000
214339 0.486000
214342 0.487000
214352 0.488000
214355 0.489000
214357 0.490000
214359 0.491000
214364 0.492000
214365 0.494000
214372 0.495000
214379 0.496000
214397 0.497000
214405 0.498000
214407 0.499000
214410 0.500000
214412 0.501000
214428 0.502000
214451 0.503000
214462 0.504000
214465 0.505000
214466 0.507000
214477 0.508000
214497 0.509000
214498 0.510000
214505 0.511000
214509 0.512000
214518 0.513000
214521 0.514000
214554 0.515000
214565 0.516000
214584 0.517000
214600 0.518000
214614 0.519000
214621 0.520000
214626 0.521000
214638 0.522000
214654 0.523000
214682 0.524000
214685 0.525000
214690 0.526000
214714 0.527000
214723 0.528000
214725 0.529000
214742 0.530000
214756 0.531000
214757 0.532000
214764 0.533000
214778 0.534000
214781 0.535000
214787 0.536000
214800 0.537000
214812 0.538000
214835 0.539000
214844 0.540000
214850 0.541000
214856 0.542000
214871 0.543000
214884 0.544000
214888 0.545000
214892 0.546000
214898 0.547000
214909 0.548000
214914 0.549000
214915 0.550000
214916 0.551000
214922 0.552000
214925 0.553000
214950 0.554000
214959 0.555000
214976 0.556000
215000 0.557000
215006 0.558000
215026 0.559000
215032 0.560000
215042 0.561000
215045 0.562000
215050 0.563000
215086 0.564000
215087 0.565000
215098 0.566000
215100 0.567000
215138 0.569000
215163 0.570000
215174 0.571000
215197 0.572000
215210 0.573000
215213 0.574000
215226 0.575000
215228 0.576000
215246 0.577000
215255 0.578000
215257 0.579000
215258 0.580000
215259 0.581000
215269 0.582000
215280 0.583000
215285 0.584000
215303 0.585000
215325 0.586000
215338 0.587000
215339 0.588000
215342 0.589000
215363 0.590000
215368 0.591000
215369 0.592000
215380 0.593000
215425 0.594000
215427 0.595000
215432 0.596000
215435 0.597000
215473 0.598000
215476 0.599000
215482 0.600000
215486 0.601000
215509 0.602000
215514 0.603000
215519 0.604000
215526 0.605000
215542 0.606000
215547 0.607000
215562 0.608000
215573 0.609000
215579 0.610000
215600 0.611000
215611 0.612000
215619 0.613000
215622 0.614000
215642 0.617000
215659 0.618000
215674 0.619000
215675 0.620000
215686 0.621000
215696 0.622000
215701 0.623000
215706 0.624000
215709 0.625000
215710 0.626000
215718 0.627000
215725 0.628000
215750 0.629000
215790 0.630000
215792 0.631000
215806 0.634000
215814 0.635000
215817 0.636000
215830 0.637000
215832 0.638000
215838 0.639000
215840 0.640000
215857 0.642000
215878 0.643000
215884 0.644000
215895 0.645000
215899 0.646000
215930 0.647000
215948 0.648000
215956 0.649000
215958 0.650000
215967 0.651000
215999 0.652000
216001 0.653000
216017 0.654000
216023 0.655000
216042 0.656000
216060 0.657000
216061 0.658000
216071 0.659000
216087 0.660000
216088 0.661000
216090 0.662000
216092 0.663000
216105 0.664000
216109 0.666000
216118 0.667000
216161 0.668000
216177 0.669000
216180 0.670000
216184 0.671000
216201 0.672000
216205 0.673000
216220 0.674000
216223 0.675000
216231 0.676000
216241 0.677000
216248 0.678000
216259 0.679000
216264 0.680000
216271 0.681000
216301 0.682000
216315 0.683000
216325 0.684000
216336 0.685000
216389 0.686000
216393 0.687000
216419 0.688000
216421 0.689000
216424 0.690000
216426 0.691000
216456 0.692000
216459 0.693000
216467 0.694000
216483 0.695000
216528 0.696000
216530 0.697000
216533 0.698000
216540 0.699000
216549 0.700000
216558 0.701000
216565 0.702000
216567 0.703000
216586 0.704000
216634 0.705000
216635 0.706000
216662 0.707000
216664 0.708000
216674 0.709000
216696 0.710000
216703 0.711000
216705 0.712000
216757 0.713000
216765 0.714000
216789 0.715000
216825 0.716000
216844 0.717000
216870 0.718000
216885 0.719000
216891 0.720000
216912 0.721000
216932 0.722000
216945 0.723000
216947 0.724000
216949 0.725000
216952 0.726000
216964 0.727000
216966 0.728000
216975 0.729000
217004 0.730000
217041 0.731000
217046 0.732000
217066 0.733000
217082 0.734000
217103 0.735000
217127 0.736000
217134 0.737000
217170 0.738000
217172 0.739000
217197 0.740000
217225 0.741000
217243 0.742000
217247 0.743000
217254 0.744000
217275 0.745000
217278 0.746000
217285 0.747000
217300 0.748000
217310 0.749000
217372 0.750000
217377 0.751000
217384 0.752000
217385 0.753000
217390 0.754000
217391 0.755000
217393 0.756000
217398 0.757000
217407 0.758000
217441 0.759000
217471 0.760000
217523 0.761000
217527 0.762000
217538 0.763000
217546 0.764000
217549 0.765000
217555 0.766000
217558 0.767000
217591 0.768000
217613 0.769000
217634 0.770000
217648 0.771000
217711 0.772000
217719 0.773000
217732 0.774000
217740 0.775000
217744 0.776000
217777 0.777000
217788 0.778000
217798 0.779000
217803 0.780000
217806 0.781000
217840 0.782000
217842 0.783000
217856 0.784000
217873 0.785000
217881 0.786000
217899 0.787000
217920 0.788000
217933 0.789000
217938 0.790000
217955 0.792000
217980 0.793000
217985 0.794000
217992 0.795000
218010 0.796000
218035 0.797000
218044 0.798000
218065 0.799000
218067 0.800000
218069 0.801000
218090 0.802000
218094 0.803000
218134 0.804000
218135 0.805000
218148 0.806000
218153 0.807000
218170 0.808000
218201 0.809000
218209 0.810000
218223 0.811000
218230 0.812000
218266 0.813000
218275 0.814000
218295 0.815000
218365 0.816000
218370 0.817000
218386 0.818000
218397 0.819000
218400 0.820000
218412 0.821000
218474 0.822000
218523 0.823000
218527 0.824000
218562 0.825000
218569 0.826000
218581 0.827000
218614 0.828000
218622 0.829000
218667 0.830000
218673 0.831000
218697 0.832000
218726 0.833000
218730 0.834000
218733 0.835000
218762 0.836000
218783 0.837000
218796 0.838000
218798 0.839000
218804 0.840000
218814 0.841000
218824 0.842000
218829 0.843000
218877 0.844000
218902 0.845000
218906 0.846000
218948 0.847000
218985 0.848000
219008 0.849000
219021 0.850000
219084 0.851000
219111 0.852000
219132 0.853000
219133 0.854000
219153 0.855000
219174 0.856000
219200 0.857000
219202 0.858000
219237 0.859000
219250 0.860000
219251 0.861000
219258 0.862000
219268 0.863000
219272 0.864000
219275 0.865000
219290 0.866000
219332 0.867000
219364 0.868000
219374 0.869000
219376 0.870000
219388 0.871000
219391 0.872000
219459 0.873000
219553 0.874000
219560 0.875000
219575 0.876000
219602 0.877000
219657 0.878000
219690 0.879000
219701 0.880000
219702 0.881000
219718 0.882000
219720 0.883000
219755 0.884000
219783 0.885000
219858 0.886000
219952 0.887000
219976 0.888000
219989 0.889000
219993 0.890000
219999 0.891000
220000 0.892000
220015 0.893000
220026 0.894000
220099 0.895000
220149 0.896000
220215 0.897000
220233 0.898000
220312 0.899000
220330 0.900000
220378 0.901000
220444 0.902000
220445 0.903000
220469 0.904000
220470 0.905000
220494 0.906000
220535 0.907000
220536 0.908000
220579 0.909000
220621 0.910000
220623 0.911000
220634 0.912000
220713 0.913000
220726 0.914000
220846 0.915000
220848 0.916000
220852 0.917000
220962 0.918000
220976 0.919000
220978 0.920000
220995 0.921000
221048 0.922000
221109 0.923000
221112 0.924000
221140 0.925000
221159 0.926000
221213 0.927000
221222 0.928000
221274 0.929000
221347 0.930000
221348 0.931000
221412 0.932000
221486 0.933000
221508 0.934000
221575 0.935000
221710 0.936000
221745 0.937000
221870 0.938000
221889 0.939000
221927 0.940000
221978 0.941000
222006 0.942000
222077 0.943000
222110 0.944000
222125 0.945000
222163 0.946000
222237 0.947000
222242 0.948000
222307 0.949000
222501 0.950000
222626 0.951000
222689 0.952000
222789 0.953000
222802 0.954000
222851 0.955000
222938 0.956000
223035 0.957000
223214 0.958000
223228 0.959000
223251 0.960000
223339 0.961000
223352 0.962000
223723 0.963000
223726 0.964000
224048 0.965000
224157 0.966000
224211 0.967000
224225 0.968000
224445 0.969000
225373 0.970000
225461 0.971000
225558 0.972000
225564 0.973000
225569 0.974000
225627 0.975000
225873 0.976000
226334 0.977000
226378 0.978000
226408 0.979000
226709 0.980000
226751 0.981000
226864 0.982000
226909 0.983000
226911 0.984000
226920 0.985000
227193 0.986000
227264 0.987000
227349 0.988000
227725 0.989000
228035 0.990000
228301 0.991000
228634 0.992000
229236 0.993000
229376 0.994000
229415 0.995000
229628 0.996000
229891 0.997000
230016 0.998000
230467 0.999000
233736 1.000000


128 0.000000
128 0.001000
129 0.012000
130 0.027000
131 0.042000
132 0.059000
133 0.127000
134 0.324000
135 0.506000
136 0.710000
137 0.889000
138 0.973000
139 0.995000
140 0.999000
141 1.000000


