567316 0.000000
567316 0.002000
567546 0.004000
567698 0.006000
569152 0.008000
569468 0.010000
569469 0.012000
569624 0.014000
569894 0.016000
570126 0.018000
570231 0.020000
571451 0.022000
572510 0.024000
575175 0.026000
575429 0.028000
575507 0.030000
576120 0.032000
576769 0.034000
577073 0.036000
577218 0.038000
577245 0.040000
577513 0.042000
577563 0.044000
577590 0.046000
577668 0.048000
577697 0.050000
577718 0.052000
577737 0.054000
577743 0.056000
577766 0.058000
577856 0.060000
577978 0.062000
578006 0.064000
578069 0.066000
578075 0.068000
578132 0.070000
578134 0.072000
578235 0.074000
578243 0.076000
578270 0.078000
578282 0.080000
578301 0.082000
578314 0.084000
578350 0.086000
578356 0.088000
578483 0.090000
578587 0.092000
578648 0.094000
578673 0.096000
578696 0.098000
578748 0.100000
578757 0.102000
578848 0.104000
578885 0.106000
578888 0.108000
578917 0.110000
578974 0.112000
579033 0.114000
579047 0.116000
579085 0.118000
579088 0.120000
579133 0.122000
579140 0.124000
579198 0.126000
579233 0.128000
579273 0.130000
579277 0.132000
579317 0.134000
579338 0.136000
579340 0.138000
579347 0.140000
579352 0.142000
579356 0.144000
579364 0.146000
579370 0.148000
579382 0.150000
579391 0.152000
579415 0.154000
579465 0.156000
579478 0.158000
579498 0.160000
579499 0.162000
579503 0.164000
579515 0.166000
579521 0.168000
579533 0.170000
579544 0.172000
579556 0.174000
579590 0.176000
579650 0.178000
579652 0.180000
579664 0.182000
579686 0.184000
579695 0.186000
579712 0.188000
579725 0.190000
579738 0.192000
579748 0.196000
579759 0.198000
579763 0.200000
579797 0.202000
579853 0.204000
579882 0.206000
579889 0.208000
579909 0.210000
579921 0.212000
580008 0.214000
580065 0.216000
580072 0.218000
580085 0.220000
580099 0.224000
580133 0.226000
580141 0.228000
580149 0.230000
580185 0.232000
580206 0.234000
580228 0.236000
580241 0.238000
580243 0.240000
580249 0.242000
580253 0.244000
580256 0.246000
580305 0.248000
580343 0.250000
580356 0.252000
580358 0.254000
580365 0.256000
580368 0.258000
580372 0.260000
580373 0.262000
580391 0.264000
580392 0.266000
580400 0.268000
580420 0.270000
580425 0.272000
580435 0.274000
580456 0.276000
580460 0.278000
580462 0.280000
580465 0.282000
580478 0.284000
580493 0.286000
580495 0.288000
580506 0.290000
580513 0.294000
580531 0.296000
580547 0.298000
580551 0.300000
580571 0.302000
580578 0.304000
580580 0.306000
580599 0.308000
580606 0.310000
580619 0.312000
580650 0.314000
580674 0.316000
580699 0.318000
580720 0.320000
580733 0.322000
580742 0.324000
580749 0.326000
580768 0.330000
580773 0.332000
580785 0.334000
580787 0.336000
580788 0.338000
580790 0.340000
580798 0.342000
580809 0.344000
580848 0.346000
580864 0.348000
580886 0.350000
580907 0.352000
580909 0.354000
580932 0.356000
580934 0.358000
580941 0.360000
580943 0.362000
580954 0.364000
580979 0.366000
580983 0.368000
580999 0.370000
581013 0.372000
581017 0.374000
581026 0.376000
581041 0.378000
581043 0.380000
581087 0.382000
581115 0.384000
581121 0.386000
581122 0.388000
581141 0.392000
581147 0.394000
581179 0.396000
581206 0.398000
581219 0.400000
581223 0.402000
581226 0.404000
581230 0.406000
581247 0.408000
581257 0.410000
581268 0.412000
581286 0.414000
581295 0.416000
581324 0.418000
581326 0.420000
581370 0.422000
581376 0.424000
581382 0.426000
581425 0.428000
581449 0.430000
581463 0.432000
581471 0.434000
581472 0.436000
581506 0.438000
581555 0.440000
581558 0.442000
581566 0.444000
581567 0.446000
581582 0.448000
581604 0.450000
581605 0.452000
581615 0.454000
581642 0.456000
581653 0.458000
581665 0.460000
581672 0.462000
581674 0.464000
581679 0.466000
581684 0.468000
581690 0.470000
581740 0.472000
581759 0.474000
581763 0.476000
581778 0.478000
581780 0.480000
581787 0.482000
581809 0.484000
581840 0.486000
581886 0.488000
581899 0.490000
581925 0.492000
581932 0.494000
581976 0.496000
581983 0.498000
581986 0.500000
581989 0.502000
582008 0.504000
582027 0.506000
582043 0.508000
582045 0.510000
582047 0.512000
582051 0.514000
582093 0.516000
582125 0.518000
582126 0.520000
582140 0.522000
582149 0.524000
582163 0.526000
582166 0.528000
582168 0.530000
582172 0.532000
582175 0.534000
582185 0.536000
582198 0.538000
582204 0.540000
582249 0.542000
582275 0.544000
582279 0.546000
582310 0.548000
582316 0.550000
582325 0.552000
582359 0.554000
582378 0.556000
582381 0.558000
582394 0.560000
582422 0.562000
582427 0.564000
582428 0.566000
582437 0.568000
582450 0.570000
582472 0.572000
582482 0.574000
582490 0.576000
582506 0.578000
582525 0.580000
582529 0.582000
582534 0.584000
582550 0.586000
582554 0.588000
582577 0.590000
582583 0.592000
582587 0.594000
582601 0.598000
582613 0.600000
582622 0.602000
582645 0.604000
582653 0.606000
582679 0.608000
582681 0.610000
582699 0.612000
582721 0.614000
582723 0.616000
582724 0.618000
582730 0.620000
582738 0.622000
582749 0.624000
582762 0.626000
582808 0.628000
582817 0.630000
582864 0.632000
582867 0.634000
582873 0.636000
582880 0.638000
582927 0.640000
582952 0.642000
582953 0.644000
582984 0.646000
583008 0.650000
583013 0.652000
583019 0.654000
583021 0.656000
583118 0.658000
583129 0.660000
583145 0.662000
583146 0.664000
583153 0.666000
583155 0.668000
583157 0.670000
583170 0.672000
583211 0.674000
583215 0.676000
583236 0.678000
583249 0.680000
583307 0.682000
583326 0.684000
583340 0.686000
583342 0.688000
583343 0.690000
583433 0.692000
583435 0.694000
583443 0.696000
583454 0.698000
583461 0.700000
583480 0.702000
583502 0.704000
583523 0.706000
583534 0.708000
583543 0.710000
583613 0.712000
583659 0.714000
583677 0.716000
583690 0.718000
583701 0.720000
583710 0.722000
583713 0.724000
583725 0.728000
583740 0.730000
583792 0.734000
583846 0.736000
583855 0.738000
583880 0.740000
583895 0.742000
583934 0.746000
583982 0.748000
583985 0.750000
583994 0.752000
584026 0.754000
584035 0.756000
584072 0.758000
584084 0.760000
584086 0.762000
584097 0.764000
584103 0.766000
584115 0.768000
584119 0.770000
584132 0.772000
584146 0.774000
584155 0.776000
584205 0.778000
584210 0.780000
584270 0.782000
584347 0.784000
584380 0.788000
584390 0.790000
584420 0.792000
584450 0.794000
584474 0.796000
584481 0.798000
584501 0.800000
584545 0.802000
584552 0.804000
584576 0.806000
584588 0.808000
584597 0.810000
584655 0.812000
584658 0.814000
584722 0.816000
584731 0.818000
584788 0.820000
584800 0.822000
584811 0.824000
584817 0.826000
584842 0.828000
584849 0.830000
584866 0.832000
584939 0.834000
584940 0.836000
584957 0.838000
584960 0.840000
584961 0.842000
584980 0.844000
584995 0.846000
585025 0.848000
585079 0.850000
585087 0.852000
585090 0.854000
585093 0.856000
585151 0.858000
585220 0.860000
585272 0.862000
585290 0.864000
585299 0.866000
585370 0.868000
585371 0.870000
585385 0.872000
585387 0.874000
585425 0.876000
585456 0.878000
585468 0.880000
585476 0.882000
585504 0.884000
585523 0.886000
585534 0.888000
585585 0.890000
585586 0.892000
585591 0.894000
585594 0.896000
585686 0.900000
585760 0.902000
585863 0.904000
585907 0.906000
586126 0.908000
586132 0.910000
586175 0.912000
586183 0.914000
586281 0.916000
586317 0.918000
586357 0.920000
586403 0.922000
586404 0.924000
586496 0.926000
586542 0.928000
586796 0.930000
586862 0.932000
586915 0.934000
587129 0.936000
587336 0.938000
588044 0.940000
588300 0.942000
588332 0.944000
588583 0.946000
588708 0.948000
588897 0.950000
589074 0.952000
589146 0.954000
589190 0.956000
589809 0.958000
589828 0.960000
589881 0.962000
590238 0.964000
590291 0.966000
590853 0.968000
590855 0.970000
590895 0.972000
592239 0.974000
593127 0.976000
594229 0.978000
595517 0.980000
596354 0.982000
596459 0.984000
596655 0.986000
596663 0.988000
596762 0.990000
597612 0.992000
601539 0.994000
602613 0.996000
602722 0.998000
604420 1.000000


