136076 0.000000
136076 0.001000
137091 0.002000
138215 0.003000
138286 0.004000
138556 0.005000
138719 0.006000
138794 0.007000
138997 0.008000
139122 0.009000
139140 0.010000
139286 0.011000
139511 0.012000
139714 0.013000
139861 0.014000
140316 0.015000
140352 0.016000
140442 0.017000
140814 0.018000
140820 0.019000
140838 0.020000
140867 0.021000
140958 0.022000
140991 0.023000
141010 0.024000
141176 0.025000
141211 0.026000
141227 0.027000
141426 0.028000
141594 0.029000
141662 0.030000
141723 0.031000
142029 0.032000
142148 0.033000
142206 0.034000
142268 0.035000
142458 0.036000
142559 0.037000
142841 0.038000
142884 0.039000
142923 0.040000
143005 0.041000
143116 0.042000
143215 0.043000
143292 0.044000
143462 0.045000
143552 0.046000
143681 0.047000
143722 0.048000
143741 0.049000
143820 0.050000
143939 0.051000
144164 0.052000
144231 0.053000
144248 0.054000
144290 0.055000
144332 0.056000
144373 0.057000
144456 0.058000
144475 0.059000
144502 0.060000
144505 0.061000
144564 0.062000
144643 0.063000
144650 0.064000
144760 0.065000
144823 0.066000
144862 0.067000
144940 0.068000
145056 0.069000
145217 0.070000
145227 0.071000
145317 0.072000
145354 0.073000
145463 0.074000
145469 0.075000
145614 0.076000
145625 0.077000
145680 0.078000
145706 0.079000
145722 0.080000
145782 0.081000
145864 0.082000
145899 0.083000
145947 0.084000
145971 0.085000
146166 0.086000
146181 0.087000
146218 0.088000
146219 0.089000
146237 0.090000
146243 0.091000
146331 0.092000
146376 0.093000
146387 0.094000
146397 0.095000
146494 0.096000
146560 0.097000
146649 0.098000
146745 0.099000
146748 0.100000
146776 0.101000
146794 0.102000
146814 0.103000
146841 0.104000
147011 0.105000
147068 0.106000
147076 0.107000
147086 0.108000
147141 0.109000
147162 0.110000
147215 0.111000
147232 0.112000
147252 0.113000
147263 0.114000
147499 0.115000
147547 0.116000
147594 0.117000
147602 0.118000
147622 0.119000
147659 0.120000
147901 0.121000
147935 0.122000
147949 0.123000
147982 0.124000
148036 0.125000
148066 0.126000
148206 0.127000
148233 0.128000
148254 0.129000
148266 0.130000
148310 0.131000
148336 0.132000
148359 0.133000
148395 0.134000
148404 0.135000
148502 0.136000
148513 0.137000
148570 0.138000
148597 0.139000
148646 0.140000
148656 0.141000
148659 0.142000
148674 0.143000
148695 0.144000
148706 0.145000
148788 0.146000
148860 0.147000
148878 0.148000
148989 0.149000
149016 0.150000
149079 0.151000
149084 0.153000
149096 0.154000
149177 0.155000
149182 0.156000
149192 0.157000
149209 0.158000
149242 0.159000
149244 0.160000
149255 0.161000
149283 0.162000
149303 0.163000
149451 0.164000
149469 0.165000
149611 0.166000
149612 0.167000
149615 0.168000
149635 0.169000
149637 0.170000
149652 0.171000
149661 0.172000
149666 0.173000
149721 0.174000
149733 0.175000
149796 0.176000
149803 0.177000
149817 0.178000
149825 0.179000
149894 0.180000
149904 0.181000
149917 0.182000
149953 0.183000
149981 0.184000
150031 0.185000
150091 0.186000
150099 0.187000
150218 0.188000
150265 0.189000
150272 0.190000
150284 0.191000
150351 0.192000
150370 0.193000
150378 0.194000
150407 0.196000
150422 0.197000
150434 0.198000
150473 0.199000
150483 0.200000
150516 0.201000
150543 0.202000
150581 0.203000
150616 0.204000
150620 0.205000
150624 0.206000
150636 0.207000
150694 0.208000
150724 0.209000
150736 0.210000
150756 0.211000
150768 0.212000
150772 0.213000
150884 0.214000
150949 0.215000
150958 0.216000
150964 0.217000
150982 0.218000
150983 0.219000
150997 0.220000
151011 0.221000
151013 0.222000
151062 0.223000
151069 0.224000
151106 0.225000
151146 0.226000
151153 0.227000
151169 0.228000
151181 0.229000
151232 0.230000
151315 0.231000
151346 0.232000
151372 0.233000
151374 0.234000
151429 0.235000
151440 0.236000
151446 0.237000
151447 0.238000
151454 0.239000
151470 0.240000
151483 0.241000
151491 0.242000
151496 0.243000
151520 0.244000
151532 0.245000
151538 0.246000
151583 0.247000
151607 0.248000
151653 0.249000
151732 0.250000
151780 0.251000
151824 0.252000
151833 0.253000
151848 0.254000
151873 0.255000
151905 0.256000
151913 0.257000
151950 0.258000
151969 0.259000
152000 0.260000
152082 0.261000
152154 0.262000
152174 0.263000
152204 0.264000
152252 0.265000
152298 0.266000
152313 0.267000
152331 0.268000
152336 0.269000
152346 0.270000
152393 0.271000
152434 0.272000
152451 0.274000
152462 0.275000
152546 0.276000
152550 0.277000
152553 0.278000
152592 0.279000
152596 0.280000
152615 0.281000
152623 0.282000
152632 0.283000
152646 0.284000
152658 0.285000
152672 0.286000
152697 0.287000
152710 0.288000
152731 0.289000
152763 0.290000
152781 0.291000
152783 0.292000
152787 0.293000
152796 0.294000
152832 0.295000
152837 0.296000
152862 0.297000
152869 0.298000
152876 0.299000
152949 0.300000
152956 0.301000
153057 0.302000
153089 0.303000
153110 0.304000
153128 0.305000
153140 0.306000
153166 0.307000
153168 0.308000
153190 0.309000
153208 0.310000
153215 0.311000
153231 0.312000
153252 0.313000
153257 0.314000
153265 0.315000
153281 0.316000
153286 0.317000
153297 0.318000
153298 0.319000
153323 0.320000
153383 0.321000
153389 0.322000
153392 0.323000
153494 0.324000
153495 0.325000
153508 0.326000
153548 0.327000
153554 0.328000
153598 0.329000
153635 0.330000
153644 0.331000
153645 0.332000
153659 0.333000
153687 0.334000
153689 0.335000
153693 0.336000
153750 0.337000
153761 0.338000
153768 0.339000
153773 0.340000
153776 0.341000
153823 0.342000
153861 0.343000
153905 0.344000
153916 0.345000
153937 0.346000
153947 0.347000
153965 0.348000
153979 0.349000
154008 0.350000
154018 0.351000
154030 0.352000
154032 0.353000
154034 0.354000
154065 0.356000
154117 0.357000
154134 0.358000
154194 0.359000
154197 0.360000
154202 0.361000
154208 0.362000
154220 0.363000
154265 0.364000
154268 0.365000
154271 0.366000
154272 0.367000
154300 0.368000
154317 0.369000
154329 0.370000
154330 0.371000
154359 0.372000
154375 0.373000
154380 0.374000
154402 0.375000
154407 0.376000
154468 0.377000
154504 0.378000
154520 0.379000
154529 0.380000
154540 0.381000
154559 0.382000
154621 0.383000
154685 0.384000
154691 0.385000
154773 0.386000
154778 0.387000
154793 0.388000
154804 0.389000
154827 0.390000
154851 0.391000
154936 0.392000
154937 0.393000
154969 0.394000
154971 0.395000
154999 0.396000
155013 0.397000
155017 0.398000
155026 0.399000
155031 0.400000
155034 0.401000
155056 0.402000
155074 0.403000
155147 0.404000
155160 0.405000
155228 0.406000
155267 0.407000
155277 0.408000
155296 0.409000
155319 0.410000
155338 0.411000
155363 0.412000
155447 0.413000
155468 0.414000
155475 0.415000
155544 0.416000
155569 0.417000
155591 0.418000
155612 0.419000
155614 0.420000
155685 0.421000
155691 0.422000
155725 0.423000
155744 0.424000
155760 0.425000
155785 0.426000
155789 0.427000
155830 0.428000
155869 0.429000
155875 0.430000
155915 0.432000
155948 0.434000
155977 0.435000
155998 0.436000
156006 0.437000
156051 0.438000
156059 0.439000
156063 0.440000
156117 0.441000
156129 0.442000
156132 0.443000
156143 0.444000
156153 0.445000
156193 0.446000
156201 0.447000
156266 0.448000
156274 0.449000
156290 0.450000
156296 0.451000
156310 0.452000
156334 0.453000
156354 0.454000
156406 0.455000
156431 0.456000
156433 0.457000
156437 0.458000
156463 0.459000
156500 0.460000
156506 0.461000
156523 0.462000
156540 0.463000
156547 0.464000
156631 0.465000
156646 0.466000
156649 0.467000
156704 0.468000
156716 0.469000
156737 0.470000
156772 0.471000
156775 0.472000
156808 0.473000
156847 0.474000
156873 0.475000
156879 0.476000
156881 0.477000
156882 0.478000
157028 0.479000
157049 0.480000
157050 0.481000
157082 0.482000
157083 0.483000
157090 0.484000
157123 0.485000
157144 0.486000
157160 0.487000
157173 0.488000
157188 0.489000
157199 0.490000
157218 0.491000
157237 0.492000
157259 0.493000
157266 0.494000
157282 0.495000
157286 0.496000
157323 0.498000
157325 0.499000
157328 0.500000
157349 0.501000
157376 0.502000
157379 0.503000
157384 0.504000
157386 0.505000
157396 0.506000
157421 0.507000
157450 0.508000
157474 0.509000
157478 0.510000
157487 0.511000
157499 0.512000
157553 0.513000
157573 0.514000
157599 0.515000
157605 0.516000
157653 0.517000
157660 0.518000
157736 0.519000
157785 0.520000
157824 0.521000
157828 0.522000
157841 0.523000
157875 0.524000
157897 0.525000
157910 0.526000
157924 0.527000
157926 0.528000
157930 0.529000
157983 0.530000
157984 0.531000
158000 0.532000
158029 0.533000
158074 0.534000
158107 0.535000
158109 0.536000
158110 0.537000
158169 0.538000
158179 0.539000
158180 0.540000
158192 0.541000
158205 0.542000
158232 0.543000
158309 0.544000
158316 0.545000
158355 0.546000
158363 0.547000
158375 0.548000
158386 0.549000
158402 0.550000
158420 0.551000
158426 0.552000
158439 0.553000
158478 0.554000
158487 0.555000
158491 0.556000
158518 0.557000
158531 0.558000
158627 0.559000
158644 0.560000
158711 0.561000
158727 0.562000
158739 0.563000
158745 0.564000
158752 0.565000
158769 0.566000
158791 0.567000
158794 0.568000
158802 0.569000
158885 0.570000
158889 0.571000
158922 0.572000
158947 0.573000
158970 0.574000
158979 0.575000
158980 0.576000
158984 0.577000
159049 0.578000
159061 0.579000
159174 0.580000
159180 0.581000
159265 0.582000
159289 0.583000
159290 0.584000
159365 0.585000
159374 0.586000
159378 0.587000
159393 0.588000
159400 0.589000
159458 0.590000
159465 0.592000
159473 0.593000
159491 0.594000
159496 0.595000
159510 0.596000
159533 0.597000
159575 0.598000
159586 0.599000
159606 0.600000
159658 0.601000
159659 0.602000
159660 0.603000
159667 0.604000
159668 0.605000
159669 0.606000
159673 0.607000
159691 0.608000
159757 0.609000
159768 0.610000
159775 0.611000
159832 0.612000
159855 0.613000
159856 0.614000
159871 0.615000
159882 0.616000
159883 0.617000
159902 0.618000
159922 0.619000
159941 0.620000
159963 0.621000
160108 0.622000
160112 0.623000
160141 0.624000
160148 0.625000
160156 0.626000
160161 0.627000
160168 0.628000
160198 0.629000
160237 0.630000
160241 0.631000
160242 0.632000
160273 0.633000
160346 0.634000
160367 0.635000
160391 0.636000
160394 0.638000
160396 0.639000
160400 0.640000
160453 0.641000
160457 0.642000
160481 0.643000
160498 0.644000
160513 0.645000
160523 0.646000
160579 0.647000
160593 0.648000
160665 0.649000
160698 0.650000
160702 0.651000
160715 0.652000
160773 0.653000
160805 0.654000
160846 0.655000
160852 0.656000
160861 0.657000
160889 0.658000
160914 0.659000
160928 0.660000
160938 0.661000
160977 0.662000
161047 0.663000
161056 0.664000
161098 0.665000
161119 0.666000
161151 0.667000
161159 0.668000
161175 0.669000
161187 0.670000
161246 0.671000
161299 0.672000
161321 0.673000
161335 0.674000
161353 0.675000
161362 0.676000
161374 0.677000
161379 0.678000
161407 0.679000
161454 0.680000
161481 0.681000
161498 0.682000
161501 0.683000
161508 0.684000
161532 0.685000
161533 0.686000
161536 0.687000
161572 0.688000
161618 0.689000
161670 0.690000
161708 0.691000
161711 0.692000
161791 0.693000
161799 0.694000
161835 0.695000
161849 0.696000
161857 0.697000
161940 0.698000
161977 0.699000
162094 0.700000
162169 0.701000
162189 0.702000
162207 0.703000
162221 0.704000
162257 0.705000
162288 0.706000
162334 0.707000
162341 0.708000
162357 0.709000
162436 0.710000
162451 0.711000
162464 0.712000
162467 0.713000
162548 0.714000
162604 0.715000
162624 0.716000
162644 0.717000
162647 0.718000
162657 0.719000
162712 0.720000
162713 0.721000
162729 0.722000
162745 0.723000
162773 0.724000
162844 0.725000
162862 0.726000
162895 0.727000
162905 0.728000
163107 0.729000
163116 0.730000
163118 0.731000
163135 0.732000
163167 0.733000
163169 0.734000
163255 0.735000
163303 0.736000
163307 0.737000
163316 0.738000
163364 0.739000
163397 0.740000
163421 0.741000
163451 0.742000
163455 0.743000
163522 0.744000
163585 0.745000
163648 0.746000
163651 0.747000
163714 0.748000
163819 0.749000
163820 0.750000
163938 0.751000
163950 0.752000
163974 0.753000
163977 0.754000
164001 0.755000
164004 0.756000
164018 0.757000
164030 0.758000
164139 0.759000
164153 0.760000
164227 0.761000
164228 0.762000
164338 0.763000
164401 0.764000
164441 0.765000
164501 0.766000
164523 0.767000
164531 0.768000
164543 0.769000
164554 0.770000
164566 0.771000
164583 0.772000
164603 0.773000
164640 0.774000
164658 0.775000
164680 0.776000
164711 0.777000
164727 0.778000
164730 0.779000
164744 0.780000
164764 0.781000
164774 0.782000
164783 0.783000
164859 0.784000
164896 0.785000
164902 0.786000
164984 0.787000
164985 0.788000
165112 0.789000
165119 0.790000
165132 0.791000
165159 0.792000
165188 0.793000
165212 0.794000
165234 0.795000
165237 0.796000
165258 0.797000
165326 0.798000
165353 0.799000
165403 0.800000
165412 0.801000
165413 0.802000
165435 0.803000
165476 0.804000
165482 0.805000
165530 0.806000
165562 0.807000
165694 0.808000
165776 0.809000
165835 0.810000
165851 0.811000
165863 0.812000
165908 0.813000
165928 0.814000
165951 0.815000
165963 0.816000
166087 0.817000
166112 0.818000
166172 0.819000
166198 0.820000
166209 0.821000
166224 0.822000
166285 0.823000
166414 0.824000
166422 0.825000
166509 0.826000
166586 0.827000
166607 0.828000
166613 0.829000
166747 0.830000
166787 0.831000
166857 0.832000
166922 0.833000
166941 0.834000
166960 0.835000
167007 0.836000
167016 0.837000
167096 0.838000
167181 0.839000
167199 0.840000
167250 0.841000
167287 0.842000
167321 0.843000
167348 0.844000
167360 0.845000
167410 0.846000
167428 0.847000
167435 0.848000
167445 0.849000
167467 0.850000
167500 0.851000
167524 0.852000
167534 0.853000
167555 0.854000
167686 0.855000
167896 0.856000
167923 0.857000
167962 0.858000
167993 0.859000
168191 0.860000
168258 0.861000
168266 0.862000
168277 0.863000
168288 0.864000
168336 0.865000
168630 0.866000
168636 0.867000
168643 0.868000
168762 0.869000
168798 0.870000
168877 0.871000
168903 0.872000
168989 0.873000
169029 0.874000
169065 0.875000
169120 0.876000
169193 0.877000
169328 0.878000
169332 0.879000
169347 0.880000
169421 0.881000
169479 0.882000
169506 0.883000
169507 0.884000
169526 0.886000
169636 0.887000
169703 0.888000
169757 0.889000
169762 0.890000
169849 0.891000
169963 0.892000
169997 0.893000
170309 0.894000
170418 0.895000
170450 0.896000
170525 0.897000
170732 0.898000
170750 0.899000
170855 0.900000
170924 0.901000
170928 0.902000
171096 0.903000
171126 0.904000
171191 0.905000
171435 0.906000
171569 0.907000
171596 0.908000
171740 0.909000
171883 0.910000
172035 0.911000
172119 0.912000
172147 0.913000
172281 0.914000
172391 0.915000
172409 0.916000
172465 0.917000
172474 0.918000
172790 0.919000
172838 0.920000
173000 0.921000
173097 0.922000
173107 0.923000
173182 0.924000
173255 0.925000
173406 0.926000
173616 0.927000
173665 0.928000
174012 0.929000
174021 0.930000
174030 0.931000
174299 0.932000
174475 0.933000
174608 0.934000
175157 0.935000
175621 0.936000
175811 0.937000
176235 0.938000
176494 0.939000
176548 0.940000
176709 0.941000
176799 0.942000
176895 0.943000
176974 0.944000
176997 0.945000
177178 0.946000
177206 0.947000
177260 0.948000
177467 0.949000
177468 0.950000
177493 0.951000
177566 0.952000
177601 0.953000
178005 0.954000
178014 0.955000
178036 0.956000
178374 0.957000
178466 0.958000
178911 0.959000
179037 0.960000
179039 0.961000
179227 0.962000
179248 0.963000
180203 0.964000
180232 0.965000
180303 0.966000
180391 0.967000
180441 0.968000
180995 0.969000
181046 0.970000
181260 0.971000
181322 0.972000
182110 0.973000
182857 0.974000
183021 0.975000
183497 0.976000
183542 0.977000
184584 0.978000
184803 0.979000
184854 0.980000
185277 0.981000
185401 0.982000
185709 0.983000
185966 0.984000
186076 0.985000
186138 0.986000
186793 0.987000
186884 0.988000
187954 0.989000
188958 0.990000
189044 0.991000
189335 0.992000
190714 0.993000
191585 0.994000
191923 0.995000
193028 0.996000
193105 0.997000
193710 0.998000
197637 0.999000
207544 1.000000


96 0.000000
96 0.012000
97 0.046000
98 0.100000
99 0.172000
100 0.227000
101 0.280000
102 0.314000
103 0.328000
104 0.349000
105 0.378000
106 0.405000
107 0.486000
108 0.588000
109 0.705000
110 0.785000
111 0.837000
112 0.870000
113 0.911000
114 0.945000
115 0.967000
116 0.984000
117 0.992000
118 0.995000
120 0.996000
122 0.997000
123 0.998000
128 0.999000
138 1.000000


