196613 0.000000
196613 0.002000
197012 0.004000
198486 0.006000
199255 0.008000
201044 0.010000
201114 0.012000
201942 0.014000
202052 0.016000
202260 0.018000
202699 0.020000
203458 0.022000
203878 0.024000
203896 0.026000
203912 0.028000
203939 0.030000
204483 0.032000
204729 0.034000
204966 0.036000
204989 0.038000
205094 0.040000
205158 0.042000
205255 0.044000
205258 0.046000
205289 0.048000
205311 0.050000
205361 0.052000
205435 0.054000
205446 0.056000
205554 0.058000
205566 0.060000
205837 0.062000
205893 0.064000
205952 0.066000
206130 0.068000
206244 0.070000
206613 0.072000
206691 0.074000
206732 0.076000
206749 0.078000
206822 0.080000
207003 0.082000
207028 0.084000
207075 0.086000
207107 0.088000
207147 0.090000
207199 0.092000
207274 0.094000
207360 0.096000
207363 0.098000
207366 0.100000
207410 0.102000
207469 0.104000
207483 0.106000
207522 0.108000
207545 0.110000
207550 0.112000
207603 0.114000
207620 0.116000
207629 0.118000
207656 0.120000
207682 0.122000
207691 0.124000
207776 0.126000
207789 0.128000
207866 0.130000
207873 0.132000
207882 0.134000
207926 0.136000
207975 0.138000
207994 0.140000
208039 0.142000
208102 0.144000
208116 0.146000
208133 0.148000
208154 0.150000
208168 0.152000
208242 0.154000
208249 0.156000
208259 0.158000
208272 0.160000
208345 0.162000
208368 0.164000
208409 0.166000
208481 0.168000
208509 0.170000
208701 0.172000
208713 0.174000
208718 0.176000
208737 0.178000
208792 0.180000
208805 0.182000
208850 0.184000
208904 0.186000
208946 0.188000
209022 0.190000
209055 0.192000
209112 0.194000
209151 0.196000
209162 0.198000
209176 0.200000
209184 0.202000
209193 0.204000
209200 0.206000
209254 0.208000
209259 0.210000
209285 0.214000
209288 0.216000
209306 0.218000
209315 0.220000
209355 0.222000
209385 0.224000
209392 0.226000
209393 0.228000
209418 0.230000
209444 0.232000
209457 0.234000
209516 0.236000
209527 0.238000
209570 0.240000
209581 0.242000
209584 0.244000
209589 0.246000
209638 0.248000
209709 0.250000
209738 0.252000
209784 0.254000
209799 0.256000
209802 0.258000
209807 0.260000
209823 0.262000
209924 0.264000
209968 0.266000
209981 0.268000
210043 0.270000
210049 0.272000
210050 0.274000
210138 0.276000
210238 0.278000
210398 0.280000
210462 0.282000
210484 0.284000
210514 0.286000
210577 0.288000
210600 0.290000
210677 0.292000
210690 0.294000
210725 0.296000
210731 0.298000
210764 0.300000
210805 0.302000
210810 0.304000
210831 0.308000
210846 0.310000
210878 0.312000
210881 0.314000
210887 0.316000
210903 0.320000
210910 0.322000
210911 0.324000
210934 0.326000
210936 0.328000
210993 0.332000
211017 0.334000
211021 0.336000
211033 0.338000
211041 0.340000
211055 0.342000
211062 0.344000
211066 0.346000
211111 0.350000
211132 0.352000
211160 0.354000
211163 0.356000
211183 0.358000
211229 0.360000
211242 0.362000
211270 0.364000
211299 0.368000
211300 0.370000
211304 0.372000
211308 0.374000
211322 0.376000
211340 0.378000
211353 0.380000
211381 0.382000
211442 0.384000
211452 0.386000
211462 0.388000
211482 0.390000
211487 0.392000
211489 0.394000
211490 0.396000
211493 0.398000
211514 0.400000
211551 0.402000
211554 0.404000
211559 0.406000
211573 0.408000
211632 0.410000
211654 0.412000
211664 0.414000
211701 0.416000
211703 0.420000
211704 0.422000
211716 0.424000
211782 0.426000
211806 0.428000
211815 0.432000
211822 0.434000
211825 0.438000
211826 0.440000
211831 0.442000
211834 0.444000
211844 0.446000
211845 0.448000
211878 0.450000
211888 0.452000
211898 0.454000
211900 0.456000
211932 0.458000
211977 0.460000
211986 0.462000
211989 0.464000
212007 0.466000
212043 0.468000
212073 0.470000
212095 0.472000
212104 0.474000
212106 0.476000
212138 0.478000
212157 0.480000
212158 0.484000
212190 0.486000
212196 0.490000
212214 0.492000
212218 0.494000
212226 0.496000
212239 0.498000
212249 0.500000
212251 0.502000
212313 0.504000
212320 0.506000
212346 0.508000
212355 0.510000
212374 0.512000
212416 0.514000
212430 0.516000
212443 0.518000
212459 0.520000
212499 0.524000
212514 0.526000
212569 0.528000
212570 0.530000
212626 0.532000
212627 0.534000
212635 0.536000
212699 0.538000
212729 0.540000
212739 0.542000
212806 0.544000
212808 0.546000
212832 0.548000
212836 0.550000
212872 0.552000
212873 0.554000
212893 0.556000
212911 0.558000
212937 0.560000
212944 0.562000
212946 0.564000
212970 0.566000
213007 0.568000
213008 0.570000
213015 0.572000
213022 0.574000
213048 0.576000
213082 0.578000
213100 0.580000
213138 0.582000
213147 0.584000
213173 0.586000
213243 0.588000
213261 0.590000
213317 0.592000
213323 0.594000
213364 0.596000
213368 0.598000
213376 0.600000
213392 0.602000
213421 0.604000
213437 0.606000
213446 0.608000
213535 0.610000
213552 0.612000
213561 0.614000
213563 0.616000
213746 0.618000
213788 0.620000
213827 0.622000
213864 0.624000
213922 0.626000
213992 0.628000
214033 0.630000
214170 0.632000
214182 0.634000
214187 0.636000
214216 0.638000
214224 0.640000
214233 0.642000
214297 0.644000
214298 0.646000
214326 0.648000
214329 0.650000
214345 0.652000
214395 0.654000
214432 0.656000
214542 0.658000
214595 0.660000
214602 0.662000
214646 0.664000
214681 0.666000
214754 0.670000
214786 0.672000
214807 0.674000
214811 0.676000
214821 0.678000
214848 0.680000
214855 0.682000
214859 0.684000
214874 0.686000
214915 0.688000
214918 0.690000
214924 0.692000
214936 0.694000
214951 0.698000
214979 0.700000
214989 0.702000
215001 0.704000
215004 0.706000
215008 0.712000
215009 0.714000
215020 0.716000
215031 0.718000
215047 0.720000
215050 0.722000
215065 0.724000
215110 0.726000
215125 0.728000
215135 0.732000
215157 0.734000
215171 0.736000
215172 0.738000
215211 0.740000
215247 0.742000
215259 0.744000
215262 0.746000
215267 0.748000
215300 0.750000
215305 0.752000
215307 0.754000
215333 0.756000
215336 0.758000
215343 0.760000
215349 0.762000
215358 0.764000
215377 0.766000
215390 0.768000
215393 0.770000
215412 0.772000
215425 0.774000
215427 0.776000
215438 0.778000
215446 0.780000
215458 0.782000
215464 0.784000
215476 0.788000
215481 0.790000
215491 0.792000
215492 0.794000
215500 0.796000
215514 0.798000
215518 0.800000
215520 0.802000
215566 0.804000
215569 0.806000
215571 0.808000
215610 0.810000
215611 0.812000
215631 0.814000
215635 0.816000
215647 0.818000
215648 0.820000
215661 0.822000
215671 0.824000
215675 0.826000
215679 0.828000
215680 0.830000
215688 0.832000
215689 0.834000
215694 0.836000
215727 0.838000
215740 0.840000
215746 0.842000
215760 0.844000
215765 0.848000
215780 0.850000
215803 0.852000
215806 0.854000
215860 0.856000
215883 0.858000
215901 0.860000
215917 0.862000
215918 0.866000
215924 0.868000
215963 0.870000
215986 0.872000
216022 0.874000
216047 0.876000
216097 0.878000
216206 0.880000
216227 0.882000
216228 0.884000
216235 0.886000
216276 0.888000
216305 0.890000
216310 0.892000
216329 0.894000
216348 0.896000
216438 0.898000
216525 0.900000
216571 0.902000
216577 0.904000
216601 0.906000
216672 0.908000
216675 0.910000
216902 0.912000
216924 0.914000
216934 0.916000
216970 0.918000
217020 0.920000
217067 0.922000
217073 0.924000
217082 0.926000
217287 0.928000
217330 0.930000
217342 0.932000
217350 0.934000
217393 0.936000
217398 0.938000
217416 0.940000
217557 0.942000
217559 0.944000
217720 0.946000
217722 0.948000
217752 0.950000
217757 0.952000
217764 0.954000
217780 0.956000
217808 0.958000
217821 0.960000
217822 0.962000
218356 0.964000
218384 0.966000
218473 0.968000
218621 0.970000
218653 0.972000
218854 0.974000
218988 0.976000
219006 0.978000
219018 0.980000
219088 0.982000
219099 0.984000
219165 0.986000
219533 0.988000
219573 0.990000
219803 0.992000
220940 0.994000
222580 0.996000
222856 0.998000
224088 1.000000


