182877 0.000000
182877 0.001001
183228 0.002002
183531 0.003003
192048 0.004004
192814 0.005005
193042 0.006006
193366 0.007007
193845 0.008008
193960 0.009009
195076 0.010010
195892 0.011011
196359 0.012012
196772 0.013013
197677 0.014014
198986 0.015015
199573 0.016016
199743 0.017017
200396 0.018018
200881 0.019019
200893 0.020020
200927 0.021021
201108 0.022022
201145 0.023023
202218 0.024024
202550 0.025025
202604 0.026026
202645 0.027027
202780 0.028028
202939 0.029029
203185 0.030030
203288 0.031031
203382 0.032032
203513 0.033033
203595 0.034034
203687 0.035035
204102 0.036036
204197 0.037037
204359 0.038038
204415 0.039039
204677 0.040040
204703 0.041041
205010 0.042042
205018 0.043043
205148 0.044044
205192 0.045045
205220 0.046046
205243 0.047047
205406 0.048048
205532 0.049049
206070 0.050050
206805 0.051051
207206 0.052052
207248 0.053053
207408 0.054054
207638 0.055055
207685 0.056056
207960 0.057057
208424 0.058058
208601 0.059059
208765 0.060060
209417 0.061061
209631 0.062062
209709 0.063063
210168 0.064064
210208 0.065065
210839 0.066066
210980 0.067067
211131 0.068068
211184 0.069069
211656 0.070070
211683 0.071071
211797 0.072072
211829 0.073073
212133 0.074074
212323 0.075075
212472 0.076076
212479 0.077077
212652 0.078078
212665 0.079079
212897 0.080080
213105 0.081081
213327 0.082082
213401 0.083083
213945 0.084084
214064 0.085085
214176 0.086086
214178 0.087087
214231 0.088088
214241 0.089089
214255 0.090090
214419 0.091091
214606 0.092092
214636 0.093093
214719 0.094094
214838 0.095095
215308 0.096096
215349 0.097097
215370 0.098098
215469 0.099099
215575 0.100100
215588 0.101101
215701 0.102102
215777 0.103103
215952 0.104104
216129 0.105105
216237 0.106106
216287 0.107107
216332 0.108108
216392 0.109109
216759 0.110110
216871 0.111111
216901 0.112112
216943 0.113113
216971 0.114114
217070 0.115115
217076 0.116116
217207 0.117117
217243 0.118118
217317 0.119119
217509 0.120120
217818 0.121121
218173 0.122122
218225 0.123123
218290 0.124124
218330 0.125125
218497 0.126126
218771 0.127127
218840 0.128128
218931 0.130130
218943 0.131131
218973 0.132132
219404 0.133133
219414 0.134134
219457 0.135135
219556 0.136136
219803 0.137137
219841 0.138138
220389 0.139139
220542 0.140140
220617 0.141141
221016 0.142142
221121 0.143143
221142 0.144144
221149 0.145145
221172 0.146146
221294 0.147147
221326 0.148148
221342 0.149149
221375 0.150150
221381 0.151151
221510 0.152152
221544 0.153153
221838 0.154154
221843 0.155155
221899 0.156156
222071 0.157157
222110 0.158158
222113 0.159159
222121 0.160160
222133 0.161161
222393 0.162162
222443 0.163163
222488 0.164164
222565 0.165165
222824 0.166166
222870 0.167167
222991 0.168168
223107 0.169169
223228 0.170170
223432 0.171171
223589 0.172172
223593 0.173173
223761 0.174174
223961 0.175175
223974 0.176176
224060 0.177177
224095 0.178178
224182 0.179179
224186 0.180180
224390 0.181181
224414 0.182182
224449 0.183183
224451 0.184184
224467 0.185185
224707 0.186186
224731 0.187187
224738 0.188188
224964 0.189189
224967 0.190190
225006 0.191191
225061 0.192192
225063 0.193193
225115 0.194194
225240 0.195195
225454 0.196196
225534 0.197197
225535 0.198198
225620 0.199199
225748 0.200200
225790 0.201201
225919 0.202202
225971 0.203203
225997 0.204204
226000 0.205205
226193 0.206206
226231 0.207207
226270 0.208208
226452 0.209209
226485 0.210210
226517 0.211211
226521 0.212212
226572 0.213213
226586 0.214214
226710 0.215215
226862 0.216216
226970 0.217217
227048 0.218218
227096 0.219219
227249 0.220220
227297 0.221221
227303 0.222222
227335 0.223223
227436 0.224224
227492 0.225225
227500 0.226226
227591 0.227227
227619 0.228228
227668 0.229229
227789 0.230230
227806 0.231231
227807 0.232232
228001 0.233233
228017 0.234234
228101 0.235235
228161 0.236236
228186 0.237237
228206 0.238238
228260 0.239239
228352 0.240240
228372 0.241241
228400 0.242242
228469 0.243243
228491 0.244244
228523 0.245245
228591 0.246246
228715 0.247247
228765 0.248248
228812 0.249249
228905 0.250250
228914 0.251251
228933 0.252252
228955 0.253253
229023 0.254254
229308 0.255255
229483 0.256256
229502 0.257257
229547 0.258258
229594 0.259259
229597 0.260260
229628 0.261261
229645 0.262262
229798 0.263263
229827 0.264264
229865 0.265265
229962 0.266266
230093 0.267267
230108 0.268268
230114 0.269269
230146 0.270270
230203 0.271271
230230 0.272272
230259 0.273273
230371 0.274274
230375 0.275275
230518 0.276276
230583 0.277277
230592 0.278278
230598 0.279279
230632 0.280280
230662 0.281281
230723 0.282282
230728 0.283283
230756 0.284284
230773 0.285285
230807 0.286286
230921 0.287287
230940 0.288288
231017 0.289289
231211 0.290290
231214 0.291291
231307 0.292292
231345 0.293293
231463 0.294294
231469 0.295295
231641 0.296296
231656 0.297297
231754 0.298298
231770 0.299299
231775 0.300300
231807 0.301301
231827 0.302302
232028 0.303303
232032 0.304304
232157 0.305305
232170 0.306306
232208 0.307307
232210 0.308308
232283 0.309309
232352 0.310310
232359 0.311311
232364 0.312312
232446 0.313313
232705 0.314314
232716 0.315315
232719 0.316316
232784 0.317317
232818 0.318318
232819 0.319319
232865 0.320320
232912 0.321321
232913 0.322322
232996 0.323323
233004 0.324324
233194 0.325325
233247 0.326326
233266 0.327327
233275 0.328328
233289 0.329329
233363 0.330330
233387 0.331331
233484 0.332332
233491 0.333333
233529 0.334334
233690 0.335335
233708 0.336336
233733 0.337337
233747 0.338338
233855 0.339339
233886 0.340340
233903 0.341341
233957 0.342342
234070 0.343343
234074 0.344344
234098 0.345345
234102 0.346346
234118 0.347347
234355 0.348348
234426 0.349349
234503 0.350350
234552 0.351351
234591 0.352352
234604 0.353353
234810 0.354354
234914 0.355355
234931 0.356356
234938 0.357357
234956 0.358358
235001 0.359359
235039 0.360360
235061 0.361361
235149 0.362362
235207 0.363363
235259 0.364364
235306 0.365365
235446 0.366366
235518 0.367367
235540 0.368368
235546 0.369369
235547 0.370370
235651 0.371371
235664 0.372372
235797 0.373373
235820 0.374374
235961 0.375375
236041 0.376376
236108 0.377377
236188 0.378378
236260 0.379379
236262 0.380380
236458 0.381381
236488 0.382382
236588 0.383383
236590 0.384384
236621 0.385385
236635 0.386386
236677 0.387387
236707 0.388388
236737 0.389389
236771 0.390390
236937 0.391391
237013 0.392392
237044 0.393393
237157 0.394394
237209 0.395395
237277 0.396396
237351 0.397397
237363 0.398398
237370 0.399399
237378 0.400400
237468 0.401401
237487 0.402402
237537 0.403403
237545 0.404404
237600 0.405405
237621 0.406406
237654 0.407407
237673 0.408408
237677 0.409409
237694 0.410410
237717 0.411411
237834 0.412412
237843 0.413413
237849 0.414414
237895 0.415415
237900 0.416416
238003 0.417417
238040 0.418418
238059 0.419419
238085 0.420420
238207 0.421421
238236 0.422422
238300 0.423423
238394 0.424424
238459 0.425425
238542 0.426426
238590 0.427427
238604 0.428428
238631 0.429429
238736 0.430430
238756 0.431431
238811 0.432432
238828 0.433433
238862 0.434434
239041 0.435435
239043 0.436436
239303 0.437437
239372 0.438438
239404 0.439439
239528 0.440440
239536 0.441441
239557 0.442442
239679 0.443443
239706 0.444444
239718 0.445445
239818 0.446446
239954 0.447447
240007 0.448448
240176 0.449449
240202 0.450450
240285 0.451451
240351 0.452452
240356 0.453453
240420 0.454454
240445 0.455455
240452 0.456456
240527 0.457457
240546 0.458458
240584 0.459459
240594 0.460460
240621 0.462462
240630 0.463463
240662 0.464464
240753 0.465465
240777 0.467467
240811 0.468468
240846 0.469469
241022 0.470470
241113 0.471471
241127 0.472472
241173 0.473473
241207 0.474474
241225 0.475475
241236 0.476476
241359 0.477477
241429 0.478478
241465 0.479479
241468 0.480480
241478 0.481481
241496 0.482482
241625 0.483483
241645 0.484484
241680 0.485485
241706 0.486486
241752 0.487487
241882 0.488488
241968 0.489489
241981 0.490490
242000 0.491491
242021 0.492492
242067 0.493493
242071 0.494494
242220 0.495495
242376 0.496496
242399 0.497497
242407 0.498498
242425 0.499499
242553 0.500501
242573 0.501502
242600 0.502503
242672 0.503504
242679 0.504505
242745 0.505506
242763 0.506507
242859 0.507508
242977 0.508509
242982 0.509510
243006 0.510511
243027 0.511512
243073 0.512513
243195 0.513514
243253 0.515516
243470 0.516517
243526 0.517518
243584 0.518519
243728 0.519520
243798 0.520521
243836 0.521522
243849 0.522523
243899 0.523524
243944 0.524525
243976 0.525526
244023 0.526527
244141 0.527528
244163 0.528529
244230 0.529530
244289 0.530531
244342 0.531532
244356 0.532533
244431 0.533534
244514 0.534535
244565 0.535536
244593 0.536537
244799 0.537538
244808 0.538539
244828 0.539540
244932 0.540541
244984 0.541542
244996 0.542543
245003 0.543544
245044 0.544545
245052 0.545546
245116 0.546547
245160 0.547548
245167 0.548549
245189 0.549550
245199 0.550551
245232 0.551552
245269 0.552553
245331 0.553554
245359 0.554555
245505 0.555556
245595 0.556557
245648 0.557558
245685 0.558559
245701 0.559560
245779 0.560561
245781 0.561562
245800 0.562563
246012 0.563564
246017 0.564565
246052 0.565566
246060 0.566567
246079 0.567568
246087 0.568569
246108 0.569570
246110 0.570571
246165 0.571572
246255 0.572573
246287 0.573574
246424 0.574575
246429 0.575576
246441 0.576577
246466 0.577578
246488 0.578579
246632 0.579580
246672 0.580581
246678 0.581582
246729 0.582583
246947 0.583584
246997 0.584585
247045 0.585586
247130 0.586587
247256 0.587588
247312 0.588589
247699 0.589590
247758 0.590591
247776 0.591592
247875 0.592593
247911 0.593594
247967 0.594595
248165 0.595596
248184 0.596597
248212 0.597598
248250 0.598599
248292 0.599600
248295 0.600601
248408 0.601602
248479 0.602603
248505 0.603604
248527 0.604605
248536 0.605606
248546 0.606607
248663 0.607608
248676 0.608609
248703 0.609610
248823 0.610611
248927 0.611612
248958 0.612613
249002 0.613614
249061 0.614615
249074 0.615616
249091 0.616617
249096 0.617618
249178 0.618619
249217 0.619620
249223 0.620621
249300 0.621622
249324 0.622623
249344 0.623624
249350 0.624625
249503 0.625626
249510 0.626627
249530 0.627628
249549 0.628629
249625 0.629630
249643 0.630631
249680 0.631632
249741 0.632633
249956 0.633634
250067 0.634635
250160 0.635636
250290 0.636637
250544 0.637638
250616 0.638639
250694 0.639640
250697 0.640641
250721 0.641642
250792 0.642643
250804 0.643644
250826 0.644645
250874 0.645646
250886 0.646647
250902 0.647648
250978 0.648649
251215 0.649650
251306 0.650651
251427 0.651652
251489 0.652653
251533 0.653654
251643 0.654655
251873 0.655656
252061 0.656657
252072 0.657658
252104 0.658659
252117 0.659660
252312 0.660661
252318 0.661662
252402 0.662663
252407 0.663664
252636 0.664665
252664 0.665666
252728 0.666667
252802 0.667668
253011 0.668669
253106 0.669670
253229 0.670671
253272 0.671672
253407 0.672673
253422 0.673674
253442 0.674675
253659 0.675676
253679 0.676677
253773 0.677678
253780 0.678679
253875 0.679680
253996 0.680681
254018 0.681682
254183 0.682683
254240 0.683684
254251 0.684685
254299 0.685686
254318 0.686687
254358 0.687688
254373 0.688689
254475 0.689690
254789 0.690691
254844 0.691692
254862 0.692693
254888 0.693694
254913 0.694695
254945 0.695696
254959 0.696697
255010 0.697698
255029 0.698699
255130 0.699700
255274 0.700701
255377 0.701702
255395 0.702703
255449 0.703704
255464 0.704705
255478 0.705706
255531 0.706707
255649 0.707708
255662 0.708709
255887 0.709710
256142 0.710711
256323 0.711712
256357 0.712713
256369 0.713714
256460 0.714715
256499 0.715716
256527 0.716717
256664 0.717718
256717 0.718719
256740 0.719720
256783 0.720721
256790 0.721722
257026 0.722723
257089 0.723724
257136 0.724725
257330 0.725726
257346 0.726727
257350 0.727728
257365 0.728729
257425 0.729730
257594 0.730731
257733 0.731732
257778 0.732733
257784 0.733734
257834 0.734735
257941 0.735736
258295 0.736737
258340 0.737738
258391 0.738739
258437 0.739740
258449 0.740741
258469 0.741742
258601 0.742743
258631 0.743744
258687 0.744745
258893 0.745746
258947 0.746747
258956 0.747748
259042 0.748749
259044 0.749750
259055 0.750751
259149 0.751752
259171 0.752753
259177 0.753754
259247 0.754755
259315 0.755756
259419 0.756757
259420 0.757758
259492 0.758759
259495 0.759760
259502 0.760761
259636 0.761762
259659 0.762763
259707 0.763764
259801 0.764765
259906 0.765766
260027 0.766767
260041 0.767768
260090 0.768769
260137 0.769770
260225 0.770771
260355 0.771772
260658 0.772773
260687 0.773774
260869 0.774775
260914 0.775776
260915 0.776777
260939 0.777778
260979 0.778779
261117 0.779780
261300 0.780781
261323 0.781782
261334 0.782783
261586 0.783784
261712 0.784785
261868 0.785786
261874 0.786787
261984 0.787788
261986 0.788789
262173 0.789790
262322 0.790791
262330 0.791792
262335 0.792793
262336 0.793794
262367 0.794795
262452 0.795796
262477 0.796797
262617 0.797798
262649 0.798799
262665 0.799800
262716 0.801802
262723 0.802803
262852 0.803804
262961 0.804805
263086 0.805806
263219 0.806807
263322 0.807808
263344 0.808809
263406 0.809810
263873 0.810811
264006 0.811812
264021 0.812813
264110 0.813814
264115 0.814815
264128 0.815816
264161 0.816817
264283 0.817818
264328 0.818819
264376 0.819820
264391 0.820821
264557 0.821822
264595 0.822823
264757 0.823824
264912 0.824825
265032 0.825826
265118 0.826827
265328 0.827828
265413 0.828829
265643 0.829830
265726 0.830831
265868 0.831832
265870 0.832833
265893 0.833834
265996 0.834835
266436 0.835836
266507 0.836837
266517 0.837838
266698 0.838839
266776 0.839840
266851 0.840841
266885 0.841842
266902 0.842843
266904 0.843844
266931 0.844845
266938 0.845846
267034 0.846847
267383 0.847848
267501 0.848849
267519 0.850851
267806 0.851852
267833 0.852853
268102 0.853854
268116 0.854855
268128 0.855856
268271 0.856857
268383 0.857858
268445 0.858859
268465 0.859860
268838 0.860861
268870 0.861862
268995 0.862863
269023 0.863864
269486 0.864865
269710 0.865866
269711 0.866867
269770 0.867868
269818 0.868869
269930 0.869870
270029 0.870871
270129 0.871872
270135 0.872873
270164 0.873874
270325 0.874875
270404 0.875876
270745 0.876877
270833 0.877878
270891 0.878879
271101 0.879880
271322 0.880881
271525 0.881882
271711 0.882883
271715 0.883884
271864 0.884885
271913 0.885886
271931 0.886887
272029 0.887888
272053 0.888889
272501 0.889890
272515 0.890891
272571 0.891892
272614 0.892893
272814 0.893894
272899 0.894895
273360 0.895896
273425 0.896897
273474 0.897898
273512 0.898899
273514 0.899900
273901 0.900901
274057 0.901902
274073 0.902903
274136 0.903904
274300 0.904905
274441 0.905906
274507 0.906907
274577 0.907908
274687 0.908909
275069 0.909910
275084 0.910911
275162 0.911912
275195 0.912913
275232 0.913914
275636 0.914915
275831 0.915916
275913 0.916917
276023 0.917918
276222 0.918919
276224 0.919920
276539 0.920921
276559 0.921922
276672 0.922923
276699 0.923924
276717 0.924925
276741 0.925926
276744 0.926927
276998 0.927928
277091 0.928929
277272 0.929930
277546 0.930931
277766 0.931932
278022 0.932933
278115 0.933934
278127 0.934935
278204 0.935936
278716 0.936937
279405 0.937938
279805 0.938939
279810 0.939940
279811 0.940941
279835 0.941942
280399 0.942943
280676 0.943944
281149 0.944945
281771 0.945946
282031 0.946947
282339 0.947948
282343 0.948949
282358 0.949950
282394 0.950951
282460 0.951952
282928 0.952953
283020 0.953954
283195 0.954955
283612 0.955956
283911 0.956957
284288 0.957958
284740 0.958959
285043 0.959960
285084 0.960961
285668 0.961962
285695 0.962963
286535 0.963964
286664 0.964965
287138 0.965966
287243 0.966967
287347 0.967968
287798 0.968969
288090 0.969970
288245 0.970971
288473 0.971972
288970 0.972973
289706 0.973974
289791 0.974975
290349 0.975976
290361 0.976977
290506 0.977978
290779 0.978979
292426 0.979980
292882 0.980981
293117 0.981982
293807 0.982983
295003 0.983984
295263 0.984985
295783 0.985986
296594 0.986987
297482 0.987988
297871 0.988989
298555 0.989990
299401 0.990991
300332 0.991992
309145 0.992993
310319 0.993994
310587 0.994995
316264 0.995996
320446 0.996997
340316 0.997998
344357 0.998999
346489 1.000000


104 0.000000
104 0.005005
105 0.019019
106 0.030030
107 0.046046
108 0.061061
109 0.084084
110 0.125125
111 0.159159
112 0.188188
113 0.236236
114 0.276276
115 0.331331
116 0.378378
117 0.426426
118 0.469469
119 0.500501
120 0.541542
121 0.580581
122 0.613614
123 0.640641
124 0.663664
125 0.687688
126 0.703704
127 0.734735
128 0.756757
129 0.776777
130 0.794795
131 0.809810
132 0.826827
133 0.841842
134 0.848849
135 0.862863
136 0.870871
137 0.883884
138 0.892893
139 0.904905
140 0.914915
141 0.925926
142 0.934935
143 0.943944
144 0.959960
145 0.964965
146 0.967968
147 0.968969
148 0.975976
149 0.979980
150 0.981982
151 0.985986
152 0.988989
153 0.989990
154 0.990991
155 0.991992
156 0.993994
159 0.994995
160 0.995996
161 0.998999
162 1.000000


