175537 0.000000
175537 0.001001
179246 0.002002
186214 0.003003
192617 0.004004
195270 0.005005
195602 0.006006
195758 0.007007
196308 0.008008
198224 0.009009
198368 0.010010
200288 0.011011
200379 0.012012
200544 0.013013
201148 0.014014
201163 0.015015
201554 0.016016
201566 0.017017
202375 0.018018
203390 0.019019
204012 0.020020
204257 0.021021
204314 0.022022
204525 0.023023
204774 0.024024
204836 0.025025
205095 0.026026
205175 0.027027
205429 0.028028
205523 0.029029
205611 0.030030
205613 0.031031
206430 0.032032
206720 0.033033
207218 0.034034
207701 0.035035
207741 0.036036
207748 0.037037
207828 0.038038
207992 0.039039
208325 0.040040
208436 0.041041
209301 0.042042
209797 0.043043
210094 0.044044
210177 0.045045
210306 0.046046
210350 0.047047
210522 0.048048
210614 0.049049
210955 0.050050
210996 0.051051
211168 0.052052
211225 0.053053
211357 0.054054
211498 0.055055
211718 0.056056
211883 0.057057
211903 0.058058
211927 0.059059
212006 0.060060
212034 0.061061
212380 0.062062
212487 0.063063
212526 0.064064
213203 0.065065
213244 0.066066
213335 0.067067
213440 0.068068
213470 0.069069
213519 0.070070
213665 0.071071
213781 0.072072
214189 0.073073
214367 0.074074
214409 0.075075
214485 0.076076
214578 0.077077
214611 0.078078
214872 0.079079
215590 0.080080
215607 0.081081
215837 0.082082
215980 0.083083
215981 0.084084
216013 0.085085
216063 0.086086
216292 0.087087
216319 0.088088
216323 0.089089
216328 0.090090
216343 0.091091
216637 0.092092
216778 0.093093
216784 0.094094
216868 0.095095
216876 0.096096
216900 0.097097
217276 0.098098
217591 0.099099
217727 0.100100
217798 0.101101
217954 0.102102
217999 0.103103
218017 0.104104
218465 0.105105
218479 0.106106
218480 0.107107
218500 0.108108
218560 0.109109
218614 0.110110
218635 0.111111
218828 0.112112
219117 0.113113
219129 0.114114
219172 0.115115
219175 0.116116
219220 0.117117
219365 0.118118
219414 0.119119
219594 0.120120
219597 0.121121
219935 0.122122
220026 0.123123
220310 0.124124
220661 0.125125
220695 0.126126
220849 0.127127
220908 0.128128
221238 0.129129
221330 0.130130
221373 0.131131
221428 0.132132
221499 0.133133
221827 0.134134
221861 0.135135
221929 0.136136
221970 0.137137
222074 0.138138
222262 0.139139
222673 0.140140
222965 0.141141
223009 0.142142
223098 0.143143
223200 0.144144
223209 0.145145
223224 0.146146
223234 0.147147
223260 0.148148
223329 0.149149
223351 0.150150
223629 0.151151
223638 0.152152
223740 0.153153
223800 0.154154
223874 0.155155
223923 0.156156
223957 0.157157
223987 0.158158
224307 0.159159
224429 0.160160
224444 0.161161
224487 0.162162
224527 0.163163
224591 0.164164
224619 0.165165
224621 0.166166
224654 0.167167
224808 0.168168
224816 0.169169
224854 0.170170
224875 0.171171
224956 0.172172
225107 0.173173
225316 0.174174
225408 0.175175
225559 0.176176
225619 0.177177
225754 0.178178
225805 0.179179
225856 0.180180
225929 0.181181
225953 0.182182
226003 0.183183
226034 0.184184
226089 0.185185
226149 0.186186
226354 0.187187
226430 0.188188
226854 0.189189
226865 0.190190
226946 0.191191
226961 0.193193
227002 0.194194
227116 0.195195
227140 0.196196
227176 0.197197
227220 0.198198
227256 0.199199
227335 0.200200
227402 0.201201
227453 0.202202
227562 0.203203
227598 0.204204
227620 0.205205
227736 0.206206
227767 0.207207
228042 0.208208
228049 0.209209
228061 0.210210
228114 0.211211
228123 0.212212
228205 0.213213
228298 0.214214
228377 0.215215
228547 0.216216
228690 0.217217
228696 0.218218
228853 0.219219
228902 0.220220
228946 0.221221
229007 0.222222
229103 0.223223
229241 0.224224
229332 0.225225
229341 0.226226
229375 0.227227
229486 0.228228
229525 0.229229
229594 0.230230
229673 0.231231
229740 0.232232
229751 0.233233
229768 0.234234
229780 0.235235
229836 0.236236
229852 0.237237
229927 0.238238
229933 0.239239
230120 0.240240
230122 0.241241
230152 0.242242
230223 0.243243
230239 0.244244
230275 0.245245
230421 0.246246
230610 0.248248
230665 0.249249
230794 0.250250
230965 0.251251
230970 0.252252
230971 0.253253
230974 0.254254
230989 0.255255
230996 0.256256
231003 0.257257
231169 0.258258
231170 0.259259
231225 0.260260
231229 0.261261
231252 0.262262
231273 0.263263
231298 0.264264
231410 0.265265
231418 0.266266
231450 0.267267
231471 0.268268
231499 0.269269
231526 0.270270
231528 0.271271
231705 0.272272
231760 0.273273
231801 0.274274
232028 0.275275
232045 0.276276
232090 0.277277
232169 0.278278
232188 0.280280
232206 0.281281
232217 0.282282
232291 0.283283
232302 0.284284
232324 0.285285
232443 0.286286
232452 0.287287
232485 0.288288
232522 0.289289
232524 0.290290
232554 0.291291
232654 0.292292
232690 0.293293
232745 0.294294
232817 0.295295
232857 0.296296
232880 0.297297
232902 0.298298
232905 0.299299
233066 0.300300
233171 0.301301
233345 0.302302
233405 0.303303
233435 0.304304
233457 0.305305
233513 0.306306
233533 0.307307
233588 0.308308
233709 0.309309
233710 0.310310
233747 0.311311
233759 0.312312
233770 0.313313
233829 0.314314
233919 0.315315
233992 0.316316
234077 0.317317
234123 0.318318
234199 0.319319
234274 0.320320
234385 0.321321
234407 0.322322
234490 0.323323
234503 0.324324
234576 0.325325
234768 0.326326
234878 0.327327
234885 0.328328
234983 0.329329
235003 0.330330
235095 0.331331
235105 0.332332
235223 0.333333
235333 0.334334
235381 0.335335
235447 0.336336
235462 0.337337
235599 0.338338
235876 0.339339
236005 0.340340
236138 0.341341
236224 0.342342
236442 0.343343
236538 0.344344
236592 0.345345
236651 0.346346
236758 0.347347
236865 0.348348
236883 0.349349
236926 0.350350
237041 0.351351
237064 0.352352
237085 0.353353
237237 0.354354
237244 0.355355
237288 0.356356
237337 0.357357
237394 0.358358
237407 0.359359
237467 0.360360
237472 0.361361
237493 0.362362
237537 0.363363
237643 0.364364
237650 0.365365
237696 0.366366
237708 0.367367
237748 0.368368
237865 0.369369
237895 0.370370
237917 0.371371
237977 0.372372
237999 0.373373
238012 0.374374
238071 0.375375
238143 0.376376
238163 0.377377
238181 0.378378
238191 0.379379
238248 0.380380
238272 0.381381
238273 0.382382
238292 0.383383
238334 0.384384
238401 0.385385
238404 0.386386
238442 0.387387
238449 0.388388
238498 0.389389
238577 0.390390
238637 0.391391
238678 0.392392
238696 0.393393
238903 0.394394
238923 0.395395
238952 0.396396
239047 0.397397
239088 0.398398
239250 0.399399
239253 0.400400
239294 0.401401
239295 0.402402
239315 0.403403
239499 0.404404
239525 0.405405
239590 0.406406
239614 0.407407
239647 0.408408
239706 0.409409
239712 0.410410
239736 0.411411
239793 0.412412
239832 0.413413
239912 0.414414
239935 0.415415
239983 0.416416
240101 0.417417
240103 0.418418
240147 0.419419
240161 0.420420
240175 0.421421
240212 0.422422
240296 0.423423
240329 0.424424
240363 0.425425
240423 0.426426
240452 0.427427
240454 0.428428
240580 0.429429
240588 0.430430
240628 0.431431
240640 0.432432
240643 0.433433
240725 0.434434
240767 0.435435
240775 0.436436
240812 0.437437
240824 0.438438
240833 0.439439
240834 0.440440
240858 0.441441
240927 0.442442
240945 0.443443
241043 0.444444
241083 0.445445
241378 0.446446
241419 0.447447
241435 0.448448
241464 0.449449
241516 0.450450
241632 0.451451
241736 0.452452
241813 0.453453
242023 0.454454
242066 0.455455
242174 0.456456
242179 0.457457
242375 0.458458
242451 0.459459
242626 0.460460
242669 0.461461
242719 0.462462
242729 0.463463
242817 0.464464
242825 0.465465
242867 0.466466
242885 0.467467
242933 0.468468
242980 0.469469
243069 0.470470
243140 0.471471
243149 0.472472
243170 0.473473
243269 0.474474
243335 0.475475
243385 0.476476
243440 0.477477
243568 0.478478
243585 0.479479
243656 0.480480
243695 0.481481
243726 0.482482
243754 0.483483
243775 0.484484
243781 0.485485
243788 0.486486
243851 0.487487
243919 0.488488
244078 0.489489
244116 0.490490
244210 0.491491
244234 0.492492
244248 0.493493
244323 0.494494
244347 0.496496
244415 0.497497
244503 0.498498
244525 0.499499
244542 0.500501
244648 0.501502
244665 0.502503
244741 0.503504
244789 0.504505
244806 0.505506
244821 0.506507
244848 0.507508
244910 0.508509
244917 0.509510
244921 0.510511
244930 0.511512
244980 0.512513
245007 0.513514
245063 0.514515
245233 0.515516
245294 0.516517
245309 0.517518
245348 0.518519
245399 0.519520
245429 0.520521
245467 0.521522
245479 0.522523
245574 0.524525
245827 0.525526
245880 0.526527
245890 0.527528
245898 0.528529
245908 0.529530
246001 0.530531
246005 0.531532
246020 0.532533
246021 0.533534
246115 0.534535
246160 0.535536
246243 0.536537
246252 0.537538
246260 0.538539
246298 0.539540
246523 0.540541
246645 0.541542
246663 0.542543
246702 0.543544
246773 0.544545
246779 0.545546
246836 0.546547
246881 0.547548
246914 0.548549
246923 0.549550
246944 0.550551
246967 0.551552
247123 0.552553
247182 0.553554
247195 0.554555
247234 0.555556
247243 0.556557
247249 0.557558
247339 0.558559
247352 0.559560
247479 0.560561
247782 0.561562
247851 0.562563
247898 0.563564
248019 0.564565
248065 0.565566
248169 0.566567
248281 0.567568
248448 0.568569
248503 0.569570
248511 0.570571
248552 0.571572
248559 0.572573
248605 0.573574
248640 0.574575
248644 0.575576
248664 0.576577
248715 0.577578
248801 0.578579
248912 0.579580
248932 0.580581
248939 0.581582
248951 0.582583
249019 0.583584
249054 0.584585
249088 0.585586
249224 0.586587
249291 0.587588
249348 0.588589
249492 0.589590
249562 0.590591
249589 0.591592
249649 0.592593
249687 0.593594
249757 0.594595
249778 0.595596
249785 0.596597
249882 0.597598
249972 0.598599
249996 0.599600
250005 0.600601
250023 0.601602
250104 0.602603
250147 0.603604
250161 0.604605
250249 0.605606
250254 0.606607
250274 0.607608
250291 0.608609
250387 0.609610
250467 0.610611
250483 0.611612
250568 0.612613
250585 0.613614
250729 0.614615
250862 0.615616
250907 0.616617
251029 0.617618
251051 0.618619
251069 0.619620
251170 0.620621
251203 0.621622
251272 0.622623
251334 0.623624
251337 0.624625
251341 0.625626
251349 0.626627
251439 0.627628
251576 0.628629
251585 0.629630
251618 0.630631
251707 0.631632
251713 0.632633
251780 0.633634
251876 0.634635
251923 0.635636
251953 0.636637
251971 0.637638
252023 0.639640
252073 0.640641
252216 0.641642
252266 0.642643
252412 0.643644
252413 0.644645
252461 0.645646
252567 0.646647
252625 0.647648
252633 0.648649
252841 0.649650
253022 0.650651
253034 0.651652
253166 0.652653
253289 0.653654
253357 0.654655
253362 0.655656
253424 0.656657
253491 0.657658
253493 0.658659
253518 0.659660
253564 0.660661
253611 0.661662
253741 0.662663
253809 0.663664
253931 0.664665
253948 0.665666
254124 0.666667
254212 0.667668
254285 0.668669
254358 0.669670
254367 0.670671
254378 0.671672
254463 0.672673
254470 0.673674
254475 0.674675
254485 0.675676
254502 0.676677
254534 0.677678
254600 0.678679
254601 0.679680
254630 0.680681
254635 0.681682
254701 0.682683
254724 0.683684
254734 0.684685
254933 0.685686
255030 0.686687
255041 0.687688
255142 0.688689
255242 0.689690
255315 0.690691
255374 0.691692
255492 0.692693
255498 0.693694
255556 0.694695
255656 0.695696
255670 0.696697
255735 0.697698
255837 0.698699
255846 0.699700
255876 0.700701
255907 0.701702
255982 0.702703
256032 0.703704
256099 0.704705
256102 0.705706
256162 0.706707
256237 0.707708
256313 0.708709
256347 0.709710
256371 0.710711
256451 0.711712
256510 0.712713
256591 0.713714
256658 0.714715
256697 0.715716
256739 0.716717
256797 0.717718
256845 0.718719
256999 0.719720
257010 0.720721
257019 0.721722
257021 0.722723
257041 0.723724
257099 0.724725
257226 0.725726
257231 0.726727
257270 0.727728
257272 0.728729
257305 0.729730
257334 0.730731
257350 0.731732
257405 0.732733
257454 0.733734
257493 0.734735
257524 0.735736
257525 0.736737
257544 0.737738
257598 0.738739
257767 0.739740
258123 0.740741
258358 0.741742
258579 0.742743
258583 0.743744
258636 0.745746
258819 0.746747
258871 0.747748
258901 0.748749
258953 0.749750
259089 0.750751
259170 0.751752
259229 0.752753
259237 0.753754
259258 0.754755
259274 0.755756
259468 0.756757
259482 0.757758
259660 0.758759
259712 0.759760
259812 0.760761
259936 0.761762
259967 0.762763
260025 0.763764
260156 0.764765
260249 0.765766
260281 0.766767
260374 0.767768
260408 0.768769
260412 0.769770
260519 0.770771
260596 0.771772
260630 0.772773
260654 0.773774
260765 0.774775
260956 0.775776
261319 0.776777
261335 0.777778
261396 0.778779
261441 0.779780
261443 0.780781
261494 0.781782
261555 0.782783
261674 0.783784
261769 0.784785
261809 0.785786
261946 0.786787
262000 0.787788
262112 0.788789
262147 0.789790
262486 0.790791
262520 0.791792
262521 0.792793
262745 0.794795
262750 0.795796
262753 0.796797
262784 0.797798
262876 0.798799
262921 0.799800
262961 0.800801
263059 0.801802
263077 0.802803
263085 0.803804
263090 0.804805
263118 0.805806
263382 0.806807
263502 0.807808
263548 0.808809
263594 0.809810
263712 0.810811
263829 0.811812
263902 0.812813
264015 0.813814
264185 0.814815
264247 0.815816
264340 0.816817
264446 0.817818
264464 0.818819
264509 0.819820
264536 0.820821
264568 0.821822
264571 0.822823
264609 0.823824
264762 0.824825
264802 0.825826
264805 0.826827
264808 0.827828
264815 0.828829
264980 0.829830
265006 0.830831
265054 0.831832
265073 0.832833
265168 0.833834
265379 0.834835
265428 0.835836
265690 0.836837
265691 0.837838
265779 0.838839
265799 0.839840
265896 0.840841
265911 0.841842
265983 0.842843
266117 0.843844
266262 0.844845
266324 0.845846
266578 0.846847
266630 0.847848
266709 0.848849
266811 0.849850
266848 0.850851
266898 0.851852
266963 0.852853
267373 0.853854
267391 0.854855
267412 0.855856
267501 0.856857
267736 0.857858
267814 0.858859
267849 0.859860
267935 0.860861
268016 0.861862
268133 0.862863
268159 0.863864
268207 0.864865
268535 0.865866
268658 0.866867
268888 0.867868
269002 0.868869
269019 0.869870
269089 0.870871
269144 0.871872
269179 0.872873
269250 0.873874
269332 0.874875
269371 0.875876
269424 0.876877
269456 0.877878
269459 0.878879
269579 0.879880
269685 0.880881
269688 0.881882
269952 0.882883
269975 0.883884
270096 0.884885
270584 0.885886
270597 0.886887
270652 0.887888
270680 0.888889
270945 0.889890
271023 0.890891
271150 0.891892
271172 0.892893
271184 0.893894
271278 0.894895
271309 0.895896
271405 0.896897
271580 0.897898
271779 0.898899
272236 0.899900
272369 0.900901
272450 0.901902
272473 0.902903
272482 0.903904
272572 0.904905
272733 0.905906
272793 0.906907
272815 0.907908
272915 0.908909
272946 0.909910
273053 0.910911
273337 0.911912
273348 0.912913
273471 0.913914
273516 0.914915
273531 0.915916
273604 0.916917
273804 0.917918
273826 0.918919
273872 0.919920
274085 0.920921
274193 0.921922
274199 0.922923
274338 0.923924
274451 0.924925
274575 0.925926
275024 0.926927
275287 0.927928
275322 0.928929
275585 0.929930
276040 0.930931
276139 0.931932
276239 0.932933
276286 0.933934
276365 0.934935
276589 0.935936
276688 0.936937
276698 0.937938
276877 0.938939
277470 0.939940
277663 0.940941
278010 0.941942
278050 0.942943
278182 0.943944
278199 0.944945
278359 0.945946
278498 0.946947
278780 0.947948
279439 0.948949
279610 0.949950
279862 0.950951
279956 0.951952
280085 0.952953
280142 0.953954
280166 0.954955
280205 0.955956
280777 0.956957
281652 0.957958
281785 0.958959
281862 0.959960
282251 0.960961
282609 0.961962
282899 0.962963
283116 0.963964
283223 0.964965
283543 0.965966
283673 0.966967
283722 0.967968
284032 0.968969
284365 0.969970
287228 0.970971
287690 0.971972
287736 0.972973
288029 0.973974
288407 0.974975
288776 0.975976
288860 0.976977
288873 0.977978
289765 0.978979
290382 0.979980
290648 0.980981
290719 0.981982
291818 0.982983
291920 0.983984
291981 0.984985
292056 0.985986
292501 0.986987
296511 0.987988
297776 0.988989
297875 0.989990
298600 0.990991
298800 0.991992
299787 0.992993
301546 0.993994
302320 0.994995
302613 0.995996
302923 0.996997
306939 0.997998
310881 0.998999
312688 1.000000


102 0.000000
102 0.001001
104 0.007007
105 0.015015
106 0.026026
107 0.049049
108 0.067067
109 0.097097
110 0.126126
111 0.153153
112 0.187187
113 0.224224
114 0.270270
115 0.303303
116 0.351351
117 0.403403
118 0.450450
119 0.496496
120 0.536537
121 0.572573
122 0.609610
123 0.651652
124 0.669670
125 0.698699
126 0.724725
127 0.749750
128 0.768769
129 0.788789
130 0.808809
131 0.830831
132 0.851852
133 0.863864
134 0.880881
135 0.897898
136 0.910911
137 0.913914
138 0.922923
139 0.926927
140 0.935936
141 0.938939
142 0.945946
143 0.953954
144 0.958959
145 0.963964
146 0.967968
147 0.970971
148 0.973974
149 0.980981
150 0.987988
151 0.990991
153 0.991992
155 0.994995
160 0.996997
161 0.997998
166 0.998999
167 1.000000


