85077 0.000000
85077 0.001000
87845 0.002000
89616 0.003000
92045 0.004000
92091 0.005000
92145 0.006000
92836 0.007000
93379 0.008000
93533 0.009000
94248 0.010000
94499 0.011000
94637 0.012000
94759 0.013000
94989 0.014000
95897 0.015000
96388 0.016000
96820 0.017000
97527 0.018000
97825 0.019000
98389 0.020000
98465 0.021000
98645 0.022000
98908 0.023000
99146 0.024000
99243 0.025000
99740 0.026000
99954 0.027000
100137 0.028000
100607 0.029000
101466 0.030000
101526 0.031000
101629 0.032000
102054 0.033000
102076 0.034000
102091 0.035000
102175 0.036000
102233 0.037000
102321 0.038000
102362 0.039000
102379 0.040000
102541 0.041000
102582 0.042000
102843 0.043000
103337 0.044000
103340 0.045000
103444 0.046000
103870 0.047000
103978 0.048000
104232 0.049000
104304 0.050000
104382 0.051000
104456 0.052000
104904 0.053000
104970 0.054000
105126 0.055000
105144 0.056000
105309 0.057000
105454 0.058000
105558 0.059000
105813 0.060000
105958 0.061000
106093 0.062000
106177 0.063000
106399 0.064000
106482 0.065000
106606 0.066000
106835 0.067000
106849 0.068000
106943 0.069000
107063 0.070000
107065 0.071000
107465 0.072000
107654 0.073000
107673 0.074000
108281 0.075000
108360 0.076000
108369 0.077000
108412 0.078000
108450 0.079000
108458 0.080000
108584 0.081000
108870 0.082000
108922 0.083000
109080 0.084000
109840 0.085000
109858 0.086000
109917 0.087000
110009 0.088000
110093 0.089000
110276 0.090000
110416 0.091000
110510 0.092000
110635 0.093000
110720 0.094000
110852 0.095000
110860 0.096000
110982 0.097000
111000 0.098000
111006 0.099000
111123 0.100000
111191 0.101000
111336 0.102000
111432 0.103000
111514 0.104000
111516 0.105000
111540 0.106000
111551 0.107000
111793 0.108000
111868 0.109000
111970 0.110000
111972 0.111000
111974 0.112000
112171 0.113000
112182 0.114000
112193 0.115000
112377 0.116000
112481 0.117000
112585 0.118000
112729 0.119000
112793 0.120000
112856 0.121000
112872 0.122000
113004 0.123000
113096 0.124000
113235 0.125000
113256 0.126000
113268 0.127000
113271 0.128000
113273 0.129000
113334 0.130000
113370 0.131000
113692 0.132000
113719 0.133000
113816 0.134000
113851 0.135000
113955 0.136000
114095 0.137000
114169 0.138000
114241 0.139000
114304 0.140000
114378 0.141000
114442 0.142000
114562 0.143000
114725 0.144000
114740 0.145000
114756 0.146000
115243 0.147000
115325 0.148000
115328 0.149000
115409 0.150000
115507 0.151000
115515 0.152000
115535 0.153000
115564 0.154000
115577 0.155000
115581 0.157000
115638 0.158000
115751 0.159000
115752 0.160000
115971 0.161000
116007 0.162000
116081 0.163000
116100 0.164000
116125 0.165000
116132 0.166000
116151 0.167000
116167 0.168000
116203 0.169000
116213 0.170000
116243 0.171000
116337 0.172000
116436 0.173000
116575 0.174000
116853 0.175000
116882 0.176000
116993 0.177000
117063 0.178000
117089 0.179000
117132 0.180000
117351 0.181000
117431 0.182000
117495 0.183000
117574 0.184000
117707 0.185000
117717 0.186000
117762 0.187000
117866 0.188000
117951 0.189000
117970 0.190000
118043 0.191000
118051 0.192000
118061 0.193000
118224 0.194000
118316 0.195000
118392 0.196000
118402 0.197000
118466 0.198000
118490 0.199000
118520 0.200000
118586 0.201000
118725 0.202000
118806 0.203000
118833 0.204000
118844 0.205000
118937 0.206000
118986 0.207000
119059 0.208000
119096 0.209000
119137 0.210000
119174 0.211000
119395 0.212000
119413 0.213000
119498 0.214000
119501 0.215000
119539 0.216000
119565 0.217000
119602 0.218000
119641 0.219000
119851 0.220000
119858 0.221000
119895 0.222000
119950 0.223000
120158 0.224000
120189 0.225000
120262 0.226000
120308 0.227000
120369 0.228000
120396 0.229000
120550 0.230000
120559 0.231000
120586 0.232000
120611 0.233000
120629 0.234000
120666 0.235000
120717 0.236000
120779 0.237000
120810 0.238000
120875 0.239000
120882 0.240000
120902 0.241000
121132 0.242000
121250 0.243000
121275 0.244000
121322 0.245000
121420 0.246000
121424 0.247000
121532 0.248000
121573 0.249000
121579 0.250000
121589 0.251000
121798 0.252000
121836 0.253000
121860 0.254000
121893 0.255000
122109 0.256000
122250 0.257000
122259 0.258000
122334 0.259000
122373 0.260000
122626 0.261000
122634 0.262000
122716 0.263000
122741 0.264000
122998 0.265000
123006 0.266000
123013 0.267000
123058 0.268000
123106 0.269000
123145 0.270000
123194 0.271000
123303 0.272000
123348 0.273000
123441 0.274000
123463 0.275000
123529 0.276000
123567 0.277000
123664 0.278000
123779 0.279000
123836 0.280000
123900 0.281000
123910 0.282000
123943 0.283000
123995 0.284000
124058 0.285000
124162 0.286000
124199 0.287000
124251 0.288000
124252 0.289000
124274 0.290000
124287 0.291000
124315 0.292000
124333 0.294000
124339 0.295000
124340 0.296000
124370 0.297000
124381 0.298000
124435 0.299000
124436 0.300000
124450 0.301000
124514 0.302000
124661 0.303000
124675 0.304000
124676 0.305000
124730 0.306000
124862 0.307000
125091 0.308000
125101 0.309000
125184 0.310000
125201 0.311000
125216 0.312000
125243 0.313000
125247 0.314000
125311 0.315000
125339 0.316000
125354 0.317000
125361 0.318000
125385 0.319000
125663 0.320000
125671 0.321000
125681 0.322000
125763 0.323000
125785 0.324000
125812 0.325000
125875 0.326000
125892 0.327000
125908 0.328000
125909 0.329000
125987 0.330000
126029 0.331000
126042 0.332000
126046 0.333000
126106 0.334000
126115 0.335000
126135 0.336000
126180 0.337000
126236 0.338000
126238 0.339000
126336 0.340000
126347 0.341000
126418 0.342000
126419 0.343000
126427 0.344000
126464 0.345000
126513 0.346000
126552 0.347000
126563 0.348000
126589 0.349000
126592 0.350000
126598 0.351000
126602 0.352000
126617 0.353000
126627 0.354000
126674 0.355000
126712 0.356000
126723 0.357000
126725 0.358000
126787 0.359000
126909 0.360000
126911 0.361000
126957 0.362000
126971 0.363000
126976 0.364000
127028 0.365000
127066 0.366000
127087 0.367000
127115 0.368000
127128 0.369000
127216 0.370000
127346 0.371000
127397 0.372000
127424 0.373000
127530 0.374000
127533 0.375000
127563 0.376000
127608 0.377000
127626 0.378000
127657 0.379000
127728 0.380000
127738 0.381000
127763 0.382000
127775 0.383000
127777 0.384000
127891 0.385000
127975 0.386000
127999 0.387000
128007 0.388000
128022 0.389000
128031 0.390000
128192 0.391000
128413 0.392000
128663 0.393000
128671 0.394000
128709 0.395000
128755 0.396000
128787 0.397000
128821 0.398000
128838 0.399000
128891 0.400000
128976 0.401000
128984 0.402000
129003 0.403000
129068 0.404000
129119 0.405000
129128 0.406000
129138 0.407000
129156 0.408000
129278 0.409000
129285 0.410000
129302 0.411000
129338 0.412000
129392 0.413000
129418 0.414000
129445 0.415000
129461 0.416000
129505 0.417000
129516 0.418000
129636 0.419000
129716 0.420000
129721 0.421000
129872 0.422000
129890 0.423000
129907 0.424000
129915 0.425000
129949 0.426000
130007 0.427000
130016 0.428000
130132 0.429000
130196 0.430000
130232 0.431000
130326 0.432000
130338 0.433000
130389 0.434000
130492 0.435000
130519 0.436000
130550 0.437000
130551 0.438000
130592 0.439000
130643 0.440000
130670 0.441000
130726 0.442000
130828 0.443000
130842 0.444000
130843 0.445000
130846 0.446000
130858 0.447000
130875 0.448000
130934 0.449000
130962 0.450000
130978 0.451000
130981 0.452000
130996 0.453000
131004 0.454000
131039 0.455000
131055 0.456000
131060 0.457000
131146 0.458000
131184 0.459000
131210 0.460000
131231 0.461000
131323 0.462000
131345 0.463000
131421 0.464000
131443 0.465000
131446 0.466000
131493 0.467000
131533 0.468000
131558 0.469000
131574 0.470000
131591 0.471000
131632 0.472000
131704 0.473000
131734 0.474000
131780 0.475000
131816 0.476000
131817 0.477000
131934 0.478000
131936 0.479000
131956 0.480000
131984 0.481000
132024 0.482000
132129 0.483000
132137 0.484000
132139 0.485000
132174 0.486000
132175 0.487000
132178 0.488000
132181 0.489000
132198 0.490000
132277 0.491000
132311 0.492000
132343 0.493000
132372 0.494000
132375 0.495000
132448 0.496000
132471 0.497000
132508 0.498000
132514 0.499000
132568 0.500000
132575 0.501000
132578 0.502000
132609 0.503000
132824 0.504000
132831 0.505000
132880 0.506000
132884 0.507000
132976 0.508000
132994 0.509000
133001 0.510000
133017 0.511000
133033 0.512000
133182 0.513000
133291 0.514000
133310 0.515000
133323 0.516000
133354 0.517000
133364 0.518000
133375 0.519000
133384 0.520000
133432 0.521000
133521 0.522000
133592 0.523000
133627 0.524000
133643 0.525000
133687 0.526000
133769 0.527000
133771 0.528000
133788 0.529000
133817 0.530000
133836 0.531000
133870 0.532000
133888 0.533000
133894 0.534000
133913 0.535000
133964 0.536000
133992 0.537000
134001 0.538000
134005 0.539000
134012 0.540000
134053 0.541000
134182 0.542000
134251 0.543000
134283 0.544000
134327 0.545000
134363 0.546000
134367 0.547000
134421 0.548000
134432 0.549000
134561 0.550000
134569 0.551000
134571 0.552000
134637 0.553000
134639 0.554000
134640 0.555000
134653 0.556000
134654 0.557000
134669 0.558000
134705 0.559000
134707 0.560000
134773 0.561000
134808 0.562000
134878 0.563000
135086 0.564000
135120 0.565000
135146 0.566000
135157 0.567000
135184 0.568000
135245 0.569000
135276 0.570000
135340 0.571000
135370 0.572000
135408 0.573000
135428 0.574000
135498 0.575000
135547 0.576000
135617 0.577000
135660 0.578000
135683 0.579000
135684 0.580000
135702 0.581000
135720 0.582000
135734 0.583000
135835 0.584000
135841 0.585000
135866 0.586000
135934 0.587000
135955 0.588000
135999 0.589000
136025 0.590000
136077 0.591000
136094 0.592000
136139 0.593000
136166 0.594000
136214 0.595000
136267 0.596000
136324 0.597000
136332 0.598000
136349 0.599000
136372 0.600000
136379 0.601000
136532 0.602000
136535 0.603000
136567 0.604000
136588 0.605000
136612 0.606000
136644 0.607000
136677 0.608000
136727 0.609000
136892 0.610000
136967 0.611000
137015 0.612000
137103 0.613000
137114 0.614000
137120 0.615000
137122 0.616000
137197 0.617000
137302 0.618000
137373 0.619000
137410 0.620000
137420 0.621000
137493 0.622000
137506 0.623000
137554 0.624000
137566 0.625000
137627 0.626000
137637 0.628000
137664 0.629000
137668 0.630000
137757 0.631000
137891 0.632000
137913 0.633000
137955 0.634000
137977 0.635000
138013 0.636000
138053 0.637000
138225 0.638000
138302 0.639000
138319 0.640000
138364 0.641000
138407 0.642000
138442 0.643000
138515 0.644000
138559 0.645000
138704 0.646000
138731 0.647000
138737 0.648000
138759 0.649000
138786 0.650000
138849 0.651000
138869 0.652000
138887 0.653000
139020 0.654000
139046 0.655000
139082 0.656000
139144 0.657000
139183 0.658000
139215 0.659000
139242 0.660000
139329 0.661000
139345 0.662000
139366 0.663000
139367 0.664000
139373 0.665000
139451 0.666000
139488 0.667000
139572 0.668000
139574 0.669000
139585 0.670000
139619 0.671000
139726 0.672000
139764 0.673000
139897 0.674000
139925 0.675000
140075 0.676000
140129 0.677000
140130 0.678000
140133 0.679000
140200 0.680000
140266 0.681000
140268 0.682000
140279 0.683000
140294 0.684000
140378 0.685000
140399 0.686000
140437 0.687000
140486 0.688000
140500 0.689000
140503 0.690000
140535 0.691000
140536 0.692000
140575 0.693000
140642 0.694000
140651 0.695000
140661 0.696000
140743 0.697000
140748 0.698000
140776 0.699000
140811 0.700000
140830 0.701000
140870 0.702000
140938 0.703000
141069 0.704000
141075 0.705000
141094 0.706000
141208 0.707000
141230 0.708000
141271 0.709000
141317 0.710000
141329 0.711000
141338 0.712000
141431 0.713000
141494 0.714000
141495 0.715000
141526 0.716000
141536 0.717000
141595 0.718000
141683 0.719000
141755 0.720000
141820 0.721000
141827 0.722000
141835 0.723000
141838 0.724000
141856 0.725000
141950 0.726000
141967 0.727000
141983 0.728000
142020 0.729000
142046 0.730000
142158 0.731000
142234 0.732000
142329 0.733000
142332 0.734000
142370 0.735000
142433 0.736000
142539 0.737000
142559 0.738000
142592 0.739000
142705 0.740000
142744 0.741000
142785 0.743000
142832 0.744000
142843 0.745000
142949 0.746000
142968 0.747000
142977 0.748000
143038 0.749000
143108 0.750000
143166 0.751000
143169 0.752000
143209 0.753000
143218 0.754000
143297 0.755000
143312 0.756000
143374 0.757000
143458 0.758000
143702 0.759000
143778 0.760000
143868 0.761000
143881 0.762000
144009 0.763000
144045 0.764000
144053 0.765000
144065 0.766000
144067 0.767000
144073 0.768000
144075 0.769000
144175 0.770000
144301 0.771000
144332 0.772000
144340 0.773000
144351 0.774000
144388 0.775000
144409 0.776000
144473 0.777000
144482 0.778000
144551 0.779000
144619 0.780000
144709 0.781000
144888 0.782000
144951 0.783000
144961 0.784000
145174 0.785000
145241 0.786000
145274 0.787000
145368 0.788000
145389 0.789000
145487 0.790000
145489 0.791000
145615 0.792000
145644 0.793000
145679 0.794000
145706 0.795000
145720 0.796000
145736 0.797000
145751 0.798000
145793 0.799000
145934 0.800000
145958 0.801000
145977 0.802000
146036 0.803000
146037 0.804000
146098 0.805000
146259 0.806000
146321 0.807000
146342 0.808000
146372 0.809000
146470 0.810000
146763 0.811000
146885 0.812000
146910 0.813000
147205 0.814000
147258 0.815000
147302 0.816000
147456 0.817000
147495 0.818000
147561 0.819000
147625 0.820000
147651 0.821000
147868 0.822000
147880 0.823000
147897 0.824000
147973 0.825000
148045 0.826000
148048 0.827000
148115 0.828000
148125 0.829000
148222 0.830000
148330 0.831000
148412 0.832000
148449 0.833000
148502 0.834000
148606 0.835000
148651 0.836000
148669 0.837000
148688 0.838000
148794 0.839000
148824 0.840000
148914 0.841000
148944 0.842000
149384 0.843000
149416 0.844000
149482 0.845000
149498 0.846000
149501 0.847000
149551 0.848000
149638 0.849000
149695 0.850000
149863 0.851000
149944 0.852000
149973 0.853000
150097 0.854000
150289 0.855000
150354 0.856000
150391 0.857000
150540 0.858000
150549 0.859000
150664 0.860000
150749 0.861000
150844 0.862000
150898 0.863000
150991 0.864000
151072 0.865000
151240 0.866000
151282 0.867000
151290 0.868000
151371 0.869000
151398 0.870000
151435 0.871000
151627 0.872000
151833 0.873000
152072 0.874000
152079 0.875000
152153 0.876000
152230 0.877000
152289 0.878000
152407 0.879000
152453 0.880000
152507 0.881000
152565 0.882000
152599 0.883000
152603 0.884000
152701 0.885000
152820 0.886000
152916 0.887000
152946 0.888000
152974 0.889000
153135 0.890000
153207 0.891000
153370 0.892000
153403 0.893000
153522 0.894000
153529 0.895000
153563 0.896000
153624 0.897000
153661 0.898000
154208 0.899000
154232 0.900000
154260 0.901000
154302 0.902000
154374 0.903000
154377 0.904000
154561 0.905000
154571 0.906000
154645 0.907000
154697 0.908000
154722 0.909000
154752 0.910000
154788 0.911000
154794 0.912000
154832 0.913000
154905 0.914000
154928 0.915000
155020 0.916000
155161 0.917000
155166 0.918000
155178 0.919000
155214 0.920000
155352 0.921000
155384 0.922000
155558 0.923000
155670 0.924000
155678 0.925000
155927 0.926000
156059 0.927000
156069 0.928000
156116 0.930000
156217 0.931000
156378 0.932000
156452 0.933000
156528 0.934000
156650 0.935000
156660 0.936000
156890 0.937000
156938 0.938000
156988 0.939000
158169 0.940000
158492 0.941000
158593 0.942000
158718 0.943000
158785 0.944000
158994 0.945000
159020 0.946000
159228 0.947000
159595 0.948000
159865 0.949000
160045 0.950000
160097 0.951000
160104 0.952000
160238 0.953000
160312 0.954000
160904 0.955000
160934 0.956000
161157 0.957000
161339 0.958000
161863 0.959000
161897 0.960000
161921 0.961000
161984 0.962000
162309 0.963000
162521 0.964000
162549 0.965000
162724 0.966000
162758 0.967000
163087 0.968000
163395 0.969000
164086 0.970000
164285 0.971000
164463 0.972000
165095 0.973000
165108 0.974000
165530 0.975000
166164 0.976000
166510 0.977000
167324 0.978000
167493 0.979000
167549 0.980000
168070 0.981000
168163 0.982000
168637 0.983000
168742 0.984000
168759 0.985000
168946 0.986000
169540 0.987000
171462 0.988000
171597 0.989000
172830 0.990000
174362 0.991000
174751 0.992000
174833 0.993000
175903 0.994000
176259 0.995000
178074 0.996000
179088 0.997000
180384 0.998000
181525 0.999000
184945 1.000000


