152595 0.000000
152595 0.001000
152892 0.002000
154671 0.003000
155114 0.004000
155559 0.005000
156151 0.006000
156765 0.007000
156802 0.008000
156977 0.009000
157767 0.010000
157858 0.011000
157877 0.012000
158067 0.013000
158966 0.014000
159161 0.015000
159356 0.016000
159483 0.017000
159753 0.018000
159766 0.019000
159855 0.020000
160271 0.021000
160347 0.022000
160589 0.023000
160634 0.024000
160733 0.025000
160774 0.026000
160805 0.027000
160827 0.028000
161057 0.029000
161233 0.030000
161250 0.031000
161283 0.032000
161358 0.033000
161642 0.034000
161716 0.035000
161824 0.036000
161905 0.037000
161963 0.038000
161984 0.039000
162156 0.040000
162213 0.041000
162283 0.042000
162431 0.043000
162440 0.044000
162555 0.045000
162825 0.046000
162866 0.047000
162938 0.048000
162944 0.049000
162988 0.050000
163061 0.051000
163068 0.052000
163146 0.053000
163207 0.054000
163233 0.055000
163347 0.056000
163432 0.057000
163444 0.058000
163554 0.059000
163574 0.060000
163640 0.061000
163795 0.062000
163871 0.063000
163916 0.064000
164022 0.065000
164071 0.066000
164118 0.067000
164142 0.068000
164143 0.069000
164169 0.070000
164184 0.071000
164343 0.072000
164353 0.073000
164442 0.074000
164443 0.075000
164460 0.076000
164570 0.077000
164593 0.078000
164609 0.079000
164661 0.081000
164680 0.082000
164685 0.083000
164710 0.084000
164720 0.085000
164740 0.086000
164750 0.087000
164853 0.088000
164970 0.089000
164981 0.090000
165139 0.091000
165282 0.092000
165283 0.093000
165290 0.094000
165326 0.095000
165329 0.096000
165431 0.097000
165467 0.098000
165702 0.099000
165708 0.100000
165743 0.101000
165817 0.102000
165841 0.103000
165873 0.104000
166013 0.105000
166047 0.106000
166090 0.107000
166101 0.108000
166248 0.109000
166250 0.110000
166450 0.111000
166551 0.112000
166810 0.113000
166849 0.114000
166891 0.115000
166912 0.116000
166935 0.117000
167143 0.118000
167209 0.119000
167252 0.120000
167258 0.121000
167374 0.122000
167393 0.123000
167402 0.124000
167412 0.125000
167474 0.126000
167494 0.127000
167496 0.128000
167500 0.129000
167526 0.130000
167589 0.131000
167648 0.132000
167649 0.133000
167762 0.134000
167780 0.135000
167825 0.136000
167879 0.137000
167916 0.138000
167980 0.139000
167981 0.140000
168003 0.141000
168071 0.142000
168229 0.143000
168236 0.144000
168318 0.145000
168324 0.146000
168329 0.147000
168330 0.148000
168395 0.149000
168422 0.150000
168431 0.151000
168553 0.152000
168622 0.153000
168660 0.154000
168682 0.155000
168790 0.156000
168832 0.157000
168884 0.158000
168917 0.159000
168973 0.160000
168994 0.161000
169012 0.162000
169031 0.164000
169050 0.165000
169063 0.166000
169073 0.167000
169099 0.168000
169142 0.169000
169155 0.170000
169157 0.171000
169215 0.172000
169235 0.173000
169236 0.174000
169257 0.175000
169278 0.176000
169294 0.177000
169297 0.178000
169536 0.179000
169554 0.180000
169657 0.181000
169668 0.182000
169715 0.183000
169725 0.184000
169738 0.185000
169781 0.186000
169795 0.187000
169815 0.188000
169817 0.189000
169858 0.190000
169912 0.191000
169915 0.192000
169918 0.193000
169937 0.194000
169957 0.195000
169998 0.196000
170072 0.197000
170082 0.198000
170099 0.199000
170114 0.200000
170210 0.201000
170262 0.202000
170288 0.203000
170295 0.204000
170418 0.205000
170437 0.206000
170482 0.207000
170544 0.208000
170564 0.209000
170631 0.210000
170737 0.211000
170777 0.212000
170839 0.213000
170869 0.214000
170874 0.215000
170875 0.216000
170904 0.217000
170924 0.218000
170933 0.219000
171042 0.220000
171061 0.221000
171122 0.222000
171152 0.223000
171283 0.224000
171295 0.225000
171299 0.226000
171357 0.227000
171366 0.228000
171419 0.229000
171446 0.230000
171502 0.231000
171529 0.232000
171604 0.233000
171609 0.234000
171628 0.235000
171634 0.236000
171650 0.237000
171656 0.238000
171667 0.239000
171743 0.240000
171784 0.241000
171857 0.242000
171930 0.243000
172029 0.244000
172040 0.245000
172041 0.246000
172097 0.247000
172143 0.248000
172147 0.249000
172182 0.250000
172213 0.251000
172275 0.252000
172279 0.253000
172284 0.254000
172353 0.255000
172401 0.256000
172409 0.257000
172465 0.258000
172469 0.259000
172490 0.260000
172495 0.261000
172513 0.262000
172552 0.263000
172633 0.264000
172644 0.265000
172670 0.266000
172725 0.267000
172750 0.268000
172768 0.269000
172809 0.270000
172815 0.271000
172819 0.272000
172860 0.273000
172875 0.274000
172949 0.275000
172955 0.276000
172960 0.278000
172966 0.279000
173018 0.280000
173028 0.281000
173044 0.282000
173062 0.283000
173118 0.284000
173187 0.285000
173247 0.286000
173303 0.287000
173341 0.288000
173374 0.289000
173430 0.290000
173455 0.291000
173468 0.292000
173493 0.293000
173526 0.294000
173550 0.295000
173573 0.296000
173614 0.297000
173634 0.298000
173647 0.299000
173701 0.300000
173707 0.301000
173734 0.302000
173737 0.303000
173745 0.304000
173770 0.305000
173772 0.306000
173778 0.307000
173792 0.309000
173800 0.310000
173812 0.311000
173819 0.312000
173867 0.313000
173874 0.314000
173875 0.315000
173895 0.316000
173910 0.317000
173911 0.318000
173919 0.319000
173993 0.320000
174011 0.321000
174031 0.322000
174054 0.323000
174058 0.324000
174062 0.325000
174074 0.326000
174090 0.327000
174129 0.328000
174145 0.329000
174194 0.330000
174197 0.331000
174232 0.332000
174287 0.333000
174321 0.334000
174322 0.335000
174345 0.336000
174383 0.337000
174414 0.338000
174493 0.339000
174507 0.340000
174554 0.341000
174582 0.342000
174585 0.343000
174590 0.345000
174623 0.346000
174676 0.347000
174686 0.348000
174705 0.349000
174715 0.350000
174719 0.351000
174734 0.352000
174778 0.353000
174794 0.354000
174801 0.355000
174824 0.356000
174826 0.357000
174866 0.358000
174874 0.359000
174878 0.360000
174951 0.362000
174972 0.363000
174978 0.364000
175074 0.365000
175148 0.366000
175171 0.367000
175185 0.368000
175191 0.369000
175249 0.370000
175331 0.371000
175354 0.372000
175360 0.373000
175401 0.374000
175424 0.375000
175499 0.376000
175594 0.377000
175639 0.378000
175674 0.379000
175678 0.380000
175711 0.381000
175731 0.382000
175733 0.383000
175805 0.384000
175826 0.385000
175850 0.386000
175853 0.387000
175875 0.388000
175927 0.389000
175993 0.390000
176041 0.391000
176051 0.392000
176088 0.393000
176089 0.394000
176156 0.395000
176250 0.396000
176312 0.397000
176328 0.398000
176343 0.399000
176489 0.400000
176501 0.401000
176508 0.402000
176516 0.403000
176568 0.404000
176579 0.405000
176604 0.406000
176608 0.407000
176616 0.408000
176634 0.409000
176656 0.410000
176678 0.411000
176687 0.412000
176693 0.413000
176719 0.414000
176788 0.415000
176796 0.416000
176845 0.417000
176883 0.418000
176884 0.419000
176938 0.420000
176958 0.421000
177028 0.422000
177058 0.423000
177120 0.424000
177177 0.425000
177224 0.426000
177246 0.427000
177272 0.428000
177285 0.429000
177368 0.430000
177381 0.431000
177391 0.432000
177444 0.433000
177454 0.434000
177480 0.435000
177481 0.436000
177483 0.437000
177504 0.438000
177507 0.439000
177528 0.440000
177537 0.441000
177552 0.442000
177627 0.443000
177648 0.444000
177658 0.445000
177727 0.446000
177763 0.447000
177802 0.448000
177809 0.449000
177831 0.450000
177850 0.451000
177886 0.452000
177920 0.453000
177945 0.454000
177971 0.455000
177981 0.456000
178028 0.457000
178099 0.458000
178105 0.459000
178156 0.460000
178165 0.461000
178179 0.462000
178222 0.463000
178237 0.464000
178258 0.465000
178261 0.466000
178295 0.467000
178352 0.468000
178354 0.469000
178378 0.470000
178401 0.471000
178408 0.472000
178428 0.473000
178435 0.474000
178441 0.475000
178466 0.476000
178467 0.477000
178496 0.478000
178501 0.479000
178507 0.480000
178513 0.481000
178522 0.482000
178550 0.483000
178567 0.484000
178644 0.485000
178688 0.486000
178735 0.487000
178840 0.488000
178867 0.489000
178871 0.490000
178890 0.491000
178912 0.492000
178915 0.494000
179004 0.495000
179051 0.496000
179061 0.497000
179063 0.498000
179094 0.499000
179100 0.500000
179107 0.501000
179139 0.502000
179141 0.503000
179152 0.504000
179165 0.505000
179166 0.506000
179168 0.507000
179182 0.508000
179222 0.509000
179398 0.510000
179446 0.511000
179461 0.512000
179468 0.513000
179479 0.514000
179515 0.515000
179534 0.516000
179550 0.517000
179554 0.518000
179590 0.519000
179697 0.520000
179721 0.521000
179744 0.522000
179781 0.523000
179814 0.524000
179816 0.525000
179821 0.526000
179847 0.527000
179872 0.528000
179885 0.529000
179894 0.530000
179908 0.531000
179933 0.532000
179937 0.533000
179938 0.534000
179947 0.535000
179999 0.536000
180047 0.537000
180061 0.538000
180173 0.539000
180200 0.540000
180240 0.541000
180256 0.542000
180318 0.543000
180402 0.544000
180430 0.545000
180433 0.546000
180447 0.547000
180470 0.548000
180478 0.549000
180482 0.550000
180500 0.551000
180520 0.552000
180556 0.553000
180578 0.554000
180586 0.555000
180594 0.556000
180617 0.557000
180637 0.558000
180721 0.559000
180724 0.560000
180735 0.561000
180741 0.562000
180745 0.563000
180818 0.564000
180937 0.565000
180959 0.566000
180961 0.567000
180998 0.568000
181009 0.569000
181020 0.570000
181030 0.571000
181157 0.572000
181221 0.573000
181309 0.574000
181324 0.575000
181376 0.576000
181387 0.577000
181438 0.578000
181447 0.579000
181483 0.580000
181506 0.581000
181512 0.582000
181513 0.583000
181539 0.584000
181552 0.585000
181562 0.586000
181609 0.587000
181613 0.588000
181633 0.589000
181668 0.591000
181701 0.592000
181705 0.593000
181745 0.594000
181790 0.595000
181804 0.596000
181808 0.597000
181863 0.598000
181866 0.599000
181924 0.600000
181929 0.601000
181977 0.602000
181978 0.603000
181980 0.604000
181996 0.606000
182060 0.607000
182062 0.608000
182100 0.609000
182127 0.610000
182148 0.611000
182205 0.612000
182241 0.613000
182307 0.614000
182324 0.615000
182365 0.616000
182411 0.617000
182465 0.618000
182468 0.619000
182472 0.620000
182514 0.621000
182549 0.622000
182578 0.623000
182588 0.624000
182599 0.625000
182605 0.626000
182649 0.627000
182697 0.628000
182715 0.629000
182772 0.630000
182773 0.631000
182780 0.632000
182790 0.633000
182797 0.634000
182845 0.635000
182869 0.636000
182877 0.637000
182903 0.638000
182948 0.639000
182961 0.640000
183065 0.641000
183076 0.642000
183118 0.643000
183169 0.644000
183221 0.645000
183231 0.646000
183266 0.647000
183281 0.648000
183289 0.649000
183301 0.650000
183320 0.651000
183338 0.652000
183344 0.653000
183356 0.654000
183389 0.655000
183434 0.656000
183441 0.657000
183486 0.658000
183498 0.659000
183501 0.660000
183521 0.661000
183636 0.662000
183662 0.663000
183716 0.664000
183801 0.665000
183816 0.666000
183841 0.667000
183871 0.668000
183936 0.669000
183973 0.670000
184072 0.671000
184096 0.672000
184097 0.673000
184213 0.674000
184266 0.675000
184304 0.676000
184309 0.677000
184317 0.678000
184346 0.679000
184532 0.680000
184625 0.681000
184788 0.682000
184796 0.683000
184836 0.684000
184839 0.685000
184861 0.686000
184863 0.687000
184898 0.688000
184923 0.689000
184941 0.690000
184945 0.691000
184995 0.692000
185011 0.693000
185167 0.694000
185237 0.695000
185253 0.696000
185254 0.697000
185376 0.698000
185402 0.699000
185420 0.700000
185436 0.701000
185478 0.702000
185491 0.703000
185550 0.704000
185564 0.705000
185611 0.706000
185770 0.707000
185779 0.708000
185792 0.709000
185823 0.710000
185829 0.711000
185853 0.712000
185855 0.713000
185863 0.714000
185868 0.715000
185957 0.716000
185991 0.717000
186041 0.718000
186071 0.719000
186131 0.720000
186207 0.721000
186210 0.722000
186381 0.723000
186408 0.724000
186512 0.725000
186522 0.726000
186540 0.727000
186545 0.728000
186662 0.729000
186699 0.730000
186714 0.731000
186789 0.732000
186794 0.733000
186798 0.734000
186799 0.735000
186821 0.736000
186836 0.737000
186951 0.738000
186973 0.739000
186989 0.740000
186997 0.741000
187035 0.742000
187070 0.743000
187080 0.744000
187083 0.745000
187125 0.746000
187131 0.747000
187146 0.748000
187151 0.749000
187158 0.750000
187213 0.751000
187272 0.752000
187343 0.753000
187348 0.754000
187356 0.755000
187382 0.756000
187397 0.757000
187411 0.758000
187426 0.759000
187441 0.760000
187485 0.761000
187541 0.762000
187577 0.763000
187595 0.764000
187669 0.766000
187698 0.767000
187729 0.768000
187765 0.769000
187782 0.770000
187790 0.771000
187890 0.772000
187897 0.773000
187928 0.774000
187949 0.775000
187965 0.776000
187979 0.777000
188039 0.778000
188043 0.779000
188062 0.780000
188120 0.781000
188131 0.782000
188167 0.783000
188250 0.784000
188297 0.785000
188300 0.786000
188319 0.787000
188329 0.788000
188381 0.789000
188383 0.790000
188393 0.791000
188474 0.792000
188541 0.793000
188585 0.794000
188599 0.795000
188654 0.796000
188660 0.797000
188705 0.798000
188707 0.799000
188790 0.800000
188838 0.801000
188841 0.802000
188880 0.803000
188889 0.804000
188901 0.805000
189040 0.806000
189087 0.808000
189134 0.809000
189201 0.810000
189205 0.811000
189235 0.812000
189283 0.813000
189343 0.814000
189406 0.815000
189414 0.816000
189443 0.817000
189469 0.818000
189497 0.819000
189526 0.820000
189579 0.821000
189581 0.822000
189717 0.823000
189726 0.824000
189774 0.825000
189857 0.826000
189922 0.827000
189929 0.828000
189947 0.829000
190040 0.830000
190064 0.831000
190075 0.832000
190122 0.833000
190139 0.834000
190171 0.835000
190183 0.836000
190211 0.837000
190223 0.838000
190326 0.839000
190330 0.840000
190331 0.841000
190449 0.842000
190581 0.843000
190628 0.844000
190658 0.845000
190728 0.846000
190747 0.847000
190793 0.848000
190901 0.849000
190968 0.850000
191056 0.851000
191209 0.852000
191233 0.853000
191282 0.854000
191341 0.855000
191374 0.856000
191376 0.857000
191378 0.858000
191396 0.859000
191420 0.860000
191429 0.861000
191439 0.862000
191445 0.863000
191507 0.864000
191528 0.865000
191600 0.866000
191609 0.867000
191638 0.868000
191707 0.869000
191729 0.870000
191755 0.871000
191848 0.872000
191863 0.873000
191888 0.874000
191961 0.875000
191983 0.876000
191984 0.877000
192000 0.878000
192051 0.879000
192056 0.880000
192086 0.881000
192097 0.882000
192226 0.883000
192258 0.884000
192314 0.885000
192364 0.886000
192382 0.887000
192439 0.888000
192444 0.889000
192517 0.890000
192518 0.891000
192631 0.892000
192635 0.893000
192661 0.894000
192726 0.895000
192730 0.896000
192766 0.897000
192772 0.898000
192818 0.899000
192834 0.900000
192914 0.901000
192994 0.902000
193080 0.903000
193240 0.904000
193421 0.905000
193631 0.906000
193663 0.907000
193698 0.908000
193954 0.909000
194048 0.910000
194099 0.911000
194145 0.912000
194169 0.913000
194261 0.914000
194314 0.915000
194371 0.916000
194381 0.917000
194401 0.918000
194414 0.919000
194423 0.920000
194458 0.921000
194605 0.922000
194746 0.923000
194800 0.924000
194898 0.925000
194915 0.926000
194960 0.927000
195187 0.928000
195247 0.929000
195296 0.930000
195348 0.931000
195559 0.932000
195573 0.933000
195878 0.934000
195971 0.935000
196268 0.936000
196423 0.937000
196581 0.938000
196861 0.939000
197045 0.940000
197187 0.941000
197225 0.942000
197647 0.943000
197768 0.944000
198123 0.945000
198601 0.946000
198710 0.947000
198760 0.948000
198844 0.949000
198903 0.950000
199133 0.951000
199355 0.952000
199765 0.953000
199781 0.954000
200012 0.955000
200028 0.956000
200123 0.957000
200164 0.958000
200554 0.959000
200649 0.960000
200686 0.961000
201208 0.962000
201872 0.963000
202056 0.964000
202103 0.965000
202374 0.966000
203399 0.967000
203840 0.968000
204300 0.969000
204301 0.970000
204312 0.971000
204549 0.972000
204710 0.973000
205750 0.974000
205997 0.975000
206129 0.976000
206145 0.977000
206197 0.978000
206563 0.979000
206611 0.980000
206797 0.981000
207008 0.982000
207349 0.983000
208070 0.984000
208222 0.985000
209028 0.986000
210173 0.987000
211938 0.988000
212159 0.989000
212721 0.990000
213202 0.991000
214294 0.992000
214506 0.993000
217214 0.994000
217355 0.995000
224951 0.996000
226257 0.997000
226470 0.998000
229629 0.999000
233345 1.000000


96 0.000000
96 0.002000
97 0.024000
98 0.070000
99 0.120000
100 0.172000
101 0.221000
102 0.256000
103 0.283000
104 0.298000
105 0.307000
106 0.319000
107 0.377000
108 0.513000
109 0.625000
110 0.739000
111 0.801000
112 0.846000
113 0.882000
114 0.920000
115 0.947000
116 0.971000
117 0.987000
118 0.989000
119 0.994000
120 0.995000
121 0.997000
123 0.998000
135 1.000000


