196299 0.000000
196299 0.001000
196323 0.002000
196488 0.003000
196545 0.004000
196629 0.005000
196637 0.006000
196723 0.007000
196862 0.008000
199789 0.009000
200031 0.010000
200051 0.011000
200112 0.012000
200138 0.013000
200187 0.014000
200324 0.015000
200388 0.016000
200401 0.017000
200469 0.018000
200480 0.019000
200486 0.020000
200491 0.021000
200499 0.022000
200528 0.023000
200541 0.024000
200579 0.025000
200683 0.026000
200707 0.027000
200799 0.028000
200837 0.029000
201502 0.030000
202011 0.031000
202106 0.032000
203310 0.033000
203696 0.034000
203842 0.035000
203919 0.036000
203974 0.037000
204054 0.039000
204098 0.040000
204101 0.041000
204192 0.042000
204200 0.043000
204207 0.044000
204264 0.045000
204269 0.046000
204279 0.047000
204309 0.048000
204331 0.049000
204337 0.050000
204354 0.051000
204357 0.052000
204371 0.053000
204396 0.054000
204426 0.055000
204467 0.056000
204469 0.057000
204476 0.058000
204478 0.059000
204479 0.060000
204497 0.061000
204505 0.062000
204507 0.063000
204508 0.064000
204517 0.065000
204530 0.066000
204541 0.067000
204557 0.068000
204564 0.069000
204571 0.070000
204583 0.071000
204585 0.072000
204597 0.073000
204600 0.074000
204601 0.075000
204613 0.076000
204639 0.077000
204643 0.078000
204644 0.079000
204712 0.080000
204714 0.081000
204740 0.082000
204749 0.083000
204750 0.084000
204758 0.085000
204766 0.086000
204770 0.087000
204774 0.088000
204777 0.089000
204779 0.090000
204785 0.091000
204786 0.092000
204807 0.093000
204808 0.094000
204850 0.095000
204852 0.096000
204868 0.097000
204882 0.098000
204892 0.099000
204905 0.100000
204997 0.101000
204998 0.102000
205112 0.103000
205132 0.104000
205245 0.105000
205351 0.106000
205425 0.107000
205542 0.108000
205614 0.109000
205762 0.110000
205879 0.111000
205910 0.112000
206192 0.113000
206937 0.114000
207458 0.115000
207540 0.116000
207667 0.117000
207669 0.118000
207694 0.119000
207696 0.120000
207719 0.121000
207752 0.122000
207756 0.123000
207817 0.124000
207826 0.125000
207850 0.126000
207879 0.127000
207908 0.128000
207916 0.129000
207917 0.130000
207929 0.132000
207948 0.133000
207950 0.134000
207977 0.135000
208009 0.136000
208037 0.137000
208063 0.138000
208072 0.139000
208077 0.140000
208120 0.141000
208121 0.142000
208123 0.143000
208129 0.144000
208136 0.145000
208138 0.146000
208139 0.147000
208141 0.148000
208143 0.149000
208145 0.150000
208149 0.151000
208164 0.152000
208165 0.153000
208180 0.154000
208194 0.155000
208199 0.156000
208211 0.157000
208228 0.158000
208229 0.159000
208233 0.160000
208237 0.161000
208239 0.162000
208246 0.163000
208247 0.165000
208252 0.166000
208255 0.167000
208256 0.168000
208262 0.171000
208274 0.172000
208276 0.173000
208278 0.174000
208280 0.175000
208289 0.177000
208291 0.178000
208295 0.179000
208306 0.180000
208307 0.181000
208308 0.182000
208311 0.183000
208313 0.184000
208317 0.185000
208325 0.186000
208328 0.187000
208331 0.188000
208339 0.189000
208347 0.190000
208354 0.191000
208356 0.192000
208357 0.194000
208358 0.195000
208365 0.196000
208367 0.197000
208369 0.198000
208374 0.199000
208376 0.200000
208380 0.201000
208390 0.202000
208392 0.203000
208394 0.204000
208395 0.206000
208399 0.208000
208402 0.209000
208405 0.210000
208406 0.211000
208407 0.212000
208411 0.213000
208417 0.214000
208419 0.216000
208421 0.217000
208424 0.218000
208425 0.219000
208430 0.221000
208433 0.222000
208445 0.223000
208446 0.224000
208448 0.225000
208451 0.226000
208453 0.227000
208455 0.228000
208463 0.230000
208467 0.231000
208469 0.233000
208470 0.234000
208471 0.235000
208474 0.236000
208476 0.237000
208478 0.238000
208479 0.239000
208484 0.240000
208488 0.241000
208491 0.242000
208493 0.243000
208494 0.244000
208499 0.245000
208510 0.246000
208511 0.248000
208513 0.249000
208518 0.250000
208519 0.251000
208523 0.252000
208529 0.253000
208530 0.254000
208535 0.255000
208536 0.256000
208539 0.258000
208554 0.259000
208555 0.260000
208564 0.261000
208565 0.262000
208569 0.263000
208573 0.264000
208577 0.265000
208579 0.266000
208580 0.268000
208582 0.269000
208584 0.270000
208591 0.271000
208598 0.272000
208600 0.273000
208604 0.274000
208606 0.275000
208610 0.278000
208619 0.279000
208623 0.281000
208624 0.282000
208631 0.283000
208633 0.284000
208636 0.285000
208639 0.286000
208641 0.287000
208645 0.288000
208654 0.289000
208660 0.291000
208670 0.292000
208674 0.293000
208677 0.294000
208681 0.295000
208683 0.296000
208688 0.297000
208690 0.298000
208692 0.299000
208695 0.300000
208696 0.301000
208699 0.302000
208701 0.303000
208707 0.305000
208710 0.306000
208712 0.307000
208720 0.309000
208723 0.310000
208726 0.311000
208731 0.312000
208733 0.313000
208736 0.314000
208740 0.315000
208742 0.316000
208751 0.317000
208752 0.319000
208753 0.320000
208773 0.321000
208775 0.324000
208778 0.325000
208781 0.326000
208788 0.327000
208791 0.328000
208793 0.329000
208796 0.330000
208797 0.331000
208801 0.332000
208803 0.333000
208808 0.334000
208814 0.335000
208816 0.336000
208822 0.337000
208833 0.338000
208834 0.339000
208846 0.340000
208850 0.341000
208855 0.342000
208860 0.343000
208867 0.344000
208869 0.346000
208870 0.347000
208871 0.348000
208885 0.349000
208886 0.350000
208891 0.351000
208894 0.352000
208897 0.353000
208913 0.355000
208928 0.356000
208935 0.357000
208949 0.358000
208960 0.359000
208963 0.360000
208966 0.361000
208972 0.362000
208975 0.363000
208981 0.364000
209005 0.365000
209012 0.366000
209016 0.367000
209017 0.368000
209023 0.369000
209039 0.370000
209055 0.371000
209056 0.372000
209068 0.373000
209084 0.374000
209113 0.375000
209114 0.376000
209143 0.377000
209161 0.378000
209164 0.379000
209188 0.380000
209241 0.381000
209245 0.382000
209254 0.383000
209290 0.384000
209298 0.385000
209306 0.386000
209344 0.387000
209354 0.388000
209359 0.389000
209381 0.390000
209392 0.391000
209401 0.392000
209447 0.393000
209647 0.395000
209689 0.396000
209701 0.397000
209724 0.398000
209809 0.399000
209896 0.400000
209914 0.401000
209942 0.402000
209990 0.403000
210148 0.404000
210668 0.405000
210837 0.406000
211289 0.407000
211356 0.408000
211408 0.409000
211454 0.410000
211580 0.411000
211597 0.412000
211627 0.413000
211681 0.414000
211715 0.415000
211724 0.416000
211738 0.417000
211778 0.418000
211816 0.419000
211825 0.420000
211850 0.421000
211852 0.422000
211853 0.423000
211887 0.424000
211896 0.425000
211910 0.426000
211915 0.427000
211916 0.428000
211944 0.429000
211978 0.430000
212009 0.431000
212011 0.432000
212018 0.433000
212028 0.434000
212034 0.435000
212041 0.436000
212042 0.437000
212051 0.438000
212059 0.439000
212067 0.440000
212071 0.441000
212083 0.442000
212086 0.443000
212088 0.444000
212089 0.445000
212090 0.446000
212099 0.447000
212100 0.448000
212114 0.449000
212122 0.450000
212123 0.451000
212125 0.452000
212132 0.453000
212138 0.454000
212142 0.455000
212148 0.456000
212162 0.457000
212166 0.458000
212167 0.459000
212176 0.460000
212177 0.461000
212179 0.462000
212182 0.463000
212190 0.464000
212192 0.465000
212195 0.466000
212199 0.467000
212218 0.468000
212221 0.469000
212222 0.471000
212232 0.472000
212235 0.473000
212238 0.475000
212243 0.476000
212252 0.477000
212253 0.478000
212257 0.479000
212262 0.480000
212267 0.482000
212270 0.483000
212273 0.485000
212281 0.486000
212283 0.487000
212292 0.488000
212293 0.489000
212294 0.490000
212295 0.491000
212307 0.492000
212314 0.493000
212322 0.494000
212325 0.495000
212326 0.496000
212330 0.497000
212335 0.498000
212336 0.499000
212337 0.500000
212339 0.501000
212340 0.502000
212341 0.503000
212344 0.504000
212350 0.505000
212357 0.506000
212358 0.508000
212359 0.509000
212361 0.510000
212366 0.511000
212377 0.514000
212384 0.515000
212385 0.516000
212402 0.517000
212405 0.518000
212407 0.519000
212409 0.522000
212415 0.523000
212419 0.524000
212424 0.525000
212425 0.527000
212426 0.528000
212427 0.530000
212428 0.532000
212430 0.533000
212432 0.534000
212436 0.535000
212438 0.537000
212440 0.538000
212443 0.539000
212455 0.540000
212457 0.541000
212458 0.542000
212460 0.543000
212464 0.544000
212468 0.545000
212469 0.546000
212471 0.547000
212472 0.548000
212476 0.549000
212477 0.550000
212487 0.551000
212494 0.552000
212497 0.553000
212504 0.556000
212506 0.557000
212508 0.558000
212512 0.559000
212517 0.560000
212524 0.561000
212526 0.562000
212533 0.563000
212536 0.564000
212542 0.565000
212547 0.566000
212549 0.567000
212555 0.568000
212556 0.569000
212559 0.571000
212562 0.572000
212563 0.573000
212573 0.574000
212574 0.575000
212576 0.576000
212580 0.577000
212581 0.578000
212588 0.579000
212589 0.580000
212591 0.581000
212595 0.582000
212597 0.583000
212599 0.584000
212601 0.585000
212606 0.586000
212608 0.587000
212609 0.588000
212611 0.590000
212612 0.591000
212615 0.592000
212616 0.593000
212623 0.597000
212624 0.598000
212628 0.599000
212631 0.600000
212632 0.601000
212633 0.602000
212635 0.603000
212636 0.604000
212640 0.606000
212644 0.607000
212647 0.608000
212652 0.609000
212654 0.610000
212655 0.611000
212656 0.612000
212662 0.613000
212663 0.614000
212669 0.615000
212670 0.616000
212671 0.617000
212675 0.618000
212682 0.620000
212683 0.621000
212687 0.622000
212688 0.623000
212695 0.624000
212697 0.625000
212698 0.626000
212702 0.627000
212711 0.628000
212732 0.629000
212734 0.630000
212743 0.632000
212745 0.633000
212748 0.635000
212749 0.636000
212751 0.637000
212764 0.638000
212776 0.639000
212782 0.640000
212788 0.641000
212800 0.642000
212803 0.643000
212804 0.644000
212807 0.645000
212814 0.646000
212817 0.647000
212818 0.648000
212823 0.649000
212825 0.650000
212832 0.651000
212835 0.652000
212838 0.654000
212855 0.655000
212861 0.656000
212864 0.657000
212865 0.658000
212870 0.659000
212878 0.660000
212888 0.662000
212901 0.663000
212905 0.664000
212917 0.665000
212927 0.666000
212932 0.667000
212939 0.668000
212940 0.669000
212941 0.670000
212947 0.671000
212954 0.672000
212970 0.674000
212980 0.675000
212983 0.676000
212989 0.677000
212996 0.678000
213000 0.679000
213005 0.680000
213008 0.681000
213011 0.682000
213012 0.683000
213038 0.684000
213065 0.685000
213085 0.686000
213087 0.687000
213125 0.689000
213127 0.690000
213150 0.691000
213156 0.692000
213157 0.693000
213169 0.695000
213178 0.696000
213193 0.697000
213194 0.698000
213218 0.699000
213238 0.700000
213246 0.701000
213256 0.702000
213274 0.703000
213285 0.704000
213301 0.705000
213321 0.706000
213340 0.707000
213345 0.708000
213369 0.709000
213370 0.710000
213405 0.711000
213417 0.712000
213459 0.713000
213463 0.714000
213485 0.715000
213501 0.716000
213540 0.718000
213552 0.719000
213575 0.720000
213597 0.721000
213613 0.722000
213692 0.723000
213711 0.724000
213820 0.725000
214136 0.726000
214513 0.727000
214567 0.728000
215026 0.729000
215385 0.730000
215610 0.731000
215622 0.732000
215725 0.733000
215804 0.734000
215807 0.735000
215809 0.736000
215864 0.737000
215907 0.738000
215990 0.739000
215997 0.740000
215998 0.741000
216023 0.742000
216060 0.743000
216071 0.744000
216093 0.745000
216120 0.746000
216130 0.747000
216155 0.748000
216158 0.749000
216172 0.750000
216180 0.751000
216185 0.752000
216195 0.753000
216197 0.754000
216219 0.755000
216222 0.756000
216224 0.757000
216227 0.758000
216239 0.759000
216251 0.760000
216253 0.761000
216262 0.762000
216283 0.763000
216308 0.764000
216324 0.765000
216325 0.766000
216330 0.767000
216335 0.768000
216338 0.769000
216353 0.770000
216361 0.771000
216369 0.772000
216370 0.774000
216380 0.775000
216381 0.776000
216382 0.778000
216384 0.779000
216388 0.780000
216399 0.781000
216416 0.782000
216422 0.783000
216432 0.784000
216440 0.785000
216447 0.786000
216451 0.787000
216455 0.788000
216457 0.790000
216463 0.791000
216482 0.792000
216487 0.793000
216489 0.794000
216493 0.795000
216498 0.796000
216516 0.797000
216520 0.798000
216522 0.799000
216525 0.800000
216545 0.801000
216553 0.802000
216557 0.803000
216562 0.804000
216572 0.805000
216582 0.806000
216589 0.807000
216591 0.808000
216593 0.809000
216601 0.810000
216608 0.811000
216610 0.812000
216621 0.813000
216624 0.814000
216635 0.815000
216636 0.817000
216641 0.818000
216645 0.819000
216648 0.821000
216649 0.822000
216656 0.823000
216667 0.824000
216676 0.825000
216691 0.828000
216713 0.829000
216722 0.830000
216730 0.831000
216732 0.832000
216736 0.833000
216740 0.834000
216744 0.835000
216748 0.836000
216758 0.837000
216780 0.838000
216782 0.840000
216806 0.841000
216809 0.842000
216812 0.843000
216813 0.844000
216815 0.845000
216822 0.846000
216838 0.847000
216845 0.848000
216854 0.849000
216857 0.850000
216859 0.851000
216870 0.852000
216887 0.853000
216908 0.854000
216912 0.855000
216920 0.856000
216938 0.857000
216960 0.858000
216973 0.859000
216995 0.860000
217030 0.861000
217032 0.862000
217044 0.863000
217046 0.864000
217052 0.865000
217119 0.866000
217189 0.867000
217318 0.868000
217373 0.869000
217501 0.870000
217572 0.871000
217632 0.872000
217722 0.873000
218140 0.874000
218457 0.875000
218605 0.876000
219189 0.877000
219311 0.878000
219892 0.879000
219895 0.880000
220072 0.881000
220112 0.882000
220202 0.883000
220226 0.884000
220291 0.885000
220295 0.886000
220332 0.887000
220354 0.888000
220358 0.889000
220372 0.890000
220377 0.891000
220383 0.892000
220396 0.893000
220437 0.894000
220440 0.895000
220458 0.896000
220501 0.897000
220512 0.898000
220565 0.899000
220576 0.900000
220605 0.901000
220620 0.902000
220638 0.903000
220653 0.904000
220686 0.905000
220701 0.906000
220711 0.907000
220712 0.908000
220767 0.909000
220770 0.910000
220776 0.911000
220783 0.912000
220795 0.913000
220808 0.914000
220949 0.915000
220986 0.916000
220992 0.917000
221042 0.918000
221075 0.919000
221077 0.920000
221157 0.921000
221237 0.922000
221435 0.923000
221871 0.924000
221901 0.925000
222225 0.926000
222849 0.927000
223307 0.928000
223411 0.929000
223684 0.930000
224021 0.931000
224029 0.932000
224119 0.933000
224181 0.934000
224213 0.935000
224311 0.936000
224315 0.937000
224350 0.938000
224367 0.939000
224368 0.940000
224409 0.941000
224437 0.942000
224513 0.943000
224613 0.944000
224648 0.945000
224653 0.946000
224733 0.947000
224756 0.948000
224764 0.949000
224767 0.950000
224778 0.951000
224783 0.952000
224805 0.953000
224990 0.954000
225290 0.955000
225656 0.956000
225765 0.957000
226041 0.958000
227204 0.959000
227265 0.960000
227657 0.961000
227929 0.962000
227946 0.963000
228083 0.964000
228094 0.965000
228099 0.966000
228116 0.967000
228120 0.968000
228132 0.969000
228176 0.970000
228218 0.971000
228360 0.972000
228365 0.973000
228378 0.974000
228437 0.975000
228482 0.976000
228543 0.977000
228633 0.978000
228703 0.979000
228792 0.980000
228946 0.981000
229114 0.982000
229441 0.983000
229900 0.984000
231684 0.985000
232199 0.986000
232207 0.987000
232211 0.988000
232481 0.989000
232534 0.990000
232726 0.991000
232743 0.992000
233044 0.993000
235701 0.994000
235915 0.995000
236439 0.996000
239905 0.997000
240253 0.998000
242757 0.999000
243882 1.000000


