172251 0.000000
172251 0.005000
174420 0.010000
174905 0.015000
177097 0.020000
177128 0.025000
178341 0.030000
178854 0.035000
179020 0.040000
179174 0.045000
179203 0.050000
179358 0.055000
179475 0.060000
179523 0.065000
179643 0.070000
179689 0.075000
179771 0.080000
179859 0.085000
180145 0.090000
180232 0.095000
180255 0.100000
180324 0.105000
180341 0.110000
180384 0.115000
180409 0.120000
180811 0.125000
180875 0.130000
180996 0.135000
181126 0.140000
181192 0.145000
181199 0.150000
181304 0.155000
181371 0.160000
181412 0.165000
181548 0.170000
181566 0.175000
181601 0.180000
181613 0.185000
181708 0.190000
181787 0.195000
181851 0.200000
181861 0.205000
182038 0.210000
182055 0.215000
182057 0.220000
182153 0.225000
182257 0.230000
182276 0.235000
182385 0.240000
182407 0.245000
182409 0.255000
182544 0.260000
182577 0.265000
182649 0.270000
182741 0.275000
182751 0.280000
182800 0.285000
182878 0.290000
182897 0.295000
182977 0.300000
182988 0.305000
183067 0.310000
183165 0.315000
183223 0.320000
183226 0.325000
183246 0.330000
183301 0.335000
183302 0.340000
183349 0.345000
183468 0.350000
183588 0.355000
183641 0.360000
183705 0.370000
183740 0.375000
183768 0.380000
183789 0.385000
183821 0.390000
183847 0.395000
183867 0.400000
183892 0.405000
183960 0.410000
183989 0.415000
184080 0.420000
184092 0.425000
184135 0.430000
184190 0.435000
184206 0.440000
184213 0.445000
184271 0.450000
184310 0.455000
184474 0.460000
184519 0.465000
184566 0.470000
184603 0.475000
184783 0.480000
184803 0.485000
184816 0.490000
184855 0.495000
184866 0.500000
184920 0.505000
184936 0.510000
184938 0.515000
184954 0.520000
185011 0.525000
185100 0.530000
185153 0.535000
185158 0.540000
185223 0.545000
185276 0.550000
185376 0.555000
185465 0.560000
185468 0.565000
185597 0.570000
185629 0.575000
185757 0.580000
185838 0.585000
185870 0.590000
185888 0.595000
186023 0.600000
186198 0.605000
186199 0.610000
186223 0.615000
186224 0.620000
186258 0.625000
186460 0.630000
186499 0.635000
186589 0.640000
186629 0.645000
186652 0.650000
186679 0.655000
186680 0.660000
186690 0.665000
186744 0.670000
186815 0.675000
186818 0.680000
186864 0.685000
186927 0.690000
186943 0.695000
186958 0.700000
187020 0.705000
187027 0.710000
187240 0.715000
187267 0.720000
187332 0.725000
187361 0.730000
187377 0.735000
187455 0.740000
187492 0.745000
187552 0.750000
187619 0.755000
187706 0.760000
187724 0.765000
187736 0.770000
187896 0.775000
187930 0.780000
187961 0.785000
187986 0.790000
188138 0.795000
188264 0.800000
188272 0.805000
188393 0.810000
188437 0.815000
188517 0.820000
188543 0.825000
188570 0.830000
188637 0.835000
188678 0.840000
188682 0.845000
188719 0.850000
188738 0.855000
188910 0.860000
188993 0.865000
188997 0.870000
189002 0.875000
189040 0.880000
189069 0.885000
189112 0.890000
189231 0.895000
189293 0.900000
189428 0.905000
189561 0.910000
189722 0.915000
189805 0.920000
189905 0.925000
190024 0.930000
190101 0.935000
190108 0.940000
190416 0.945000
190838 0.950000
191127 0.955000
191576 0.960000
191609 0.965000
191629 0.970000
191787 0.975000
192243 0.980000
192333 0.985000
193419 0.990000
194653 0.995000
195503 1.000000


103 0.000000
103 0.015000
104 0.025000
105 0.030000
106 0.065000
107 0.285000
108 0.615000
109 0.775000
110 0.930000
111 0.995000
112 1.000000


