84644 0.000000
84644 0.001000
85129 0.002000
86133 0.003000
86188 0.004000
86672 0.005000
86748 0.006000
86996 0.007000
87175 0.008000
87518 0.009000
87997 0.010000
88079 0.011000
88080 0.012000
88256 0.013000
88327 0.014000
88735 0.015000
88862 0.016000
89210 0.017000
89233 0.018000
89316 0.019000
89344 0.020000
89887 0.021000
90200 0.022000
90532 0.023000
90533 0.024000
90572 0.025000
90582 0.026000
90621 0.027000
90803 0.028000
90884 0.029000
90923 0.030000
91109 0.031000
91347 0.032000
91496 0.033000
91517 0.034000
91527 0.035000
91634 0.036000
91653 0.037000
91930 0.038000
92063 0.039000
92073 0.040000
92198 0.041000
92207 0.042000
92233 0.043000
92606 0.044000
92674 0.045000
92688 0.046000
92705 0.047000
92773 0.048000
92932 0.049000
93055 0.050000
93071 0.051000
93077 0.052000
93117 0.053000
93191 0.054000
93206 0.055000
93212 0.056000
93233 0.057000
93287 0.058000
93389 0.059000
93397 0.060000
93419 0.061000
93427 0.062000
93430 0.063000
93445 0.064000
93457 0.065000
93471 0.066000
93475 0.067000
93491 0.068000
93506 0.069000
93532 0.070000
93536 0.071000
93545 0.072000
93560 0.073000
93572 0.074000
93580 0.075000
93610 0.076000
93679 0.077000
93724 0.078000
93780 0.080000
93787 0.081000
93800 0.082000
93887 0.083000
93904 0.084000
93913 0.085000
93914 0.086000
93928 0.087000
93937 0.088000
93959 0.089000
93966 0.090000
93968 0.091000
93982 0.092000
94012 0.093000
94080 0.094000
94112 0.095000
94113 0.096000
94121 0.097000
94125 0.098000
94146 0.099000
94158 0.101000
94160 0.102000
94161 0.103000
94169 0.104000
94171 0.105000
94182 0.106000
94235 0.107000
94252 0.108000
94309 0.109000
94384 0.110000
94397 0.111000
94412 0.112000
94423 0.113000
94432 0.114000
94452 0.115000
94470 0.116000
94474 0.117000
94492 0.118000
94504 0.119000
94549 0.120000
94550 0.121000
94560 0.122000
94563 0.123000
94567 0.124000
94570 0.125000
94579 0.126000
94587 0.127000
94594 0.128000
94602 0.129000
94606 0.130000
94608 0.131000
94642 0.132000
94651 0.133000
94660 0.134000
94675 0.135000
94686 0.136000
94692 0.137000
94698 0.138000
94702 0.139000
94726 0.140000
94740 0.141000
94749 0.142000
94763 0.143000
94771 0.144000
94775 0.145000
94783 0.146000
94789 0.147000
94818 0.148000
94824 0.149000
94849 0.150000
94862 0.151000
94863 0.152000
94866 0.153000
94876 0.154000
94880 0.155000
94893 0.156000
94904 0.158000
94922 0.159000
94934 0.160000
94949 0.161000
94956 0.162000
94977 0.165000
94990 0.166000
95009 0.167000
95011 0.168000
95019 0.169000
95021 0.170000
95023 0.171000
95027 0.172000
95033 0.173000
95055 0.174000
95067 0.175000
95075 0.176000
95092 0.177000
95096 0.178000
95098 0.179000
95100 0.180000
95123 0.181000
95125 0.182000
95136 0.183000
95140 0.184000
95159 0.185000
95161 0.187000
95163 0.188000
95165 0.189000
95171 0.190000
95183 0.191000
95184 0.192000
95186 0.193000
95192 0.194000
95195 0.195000
95200 0.196000
95210 0.197000
95212 0.198000
95219 0.199000
95224 0.200000
95225 0.201000
95229 0.202000
95243 0.203000
95255 0.204000
95274 0.205000
95281 0.206000
95286 0.207000
95287 0.208000
95293 0.209000
95296 0.210000
95301 0.211000
95319 0.212000
95323 0.213000
95324 0.214000
95327 0.215000
95333 0.216000
95334 0.217000
95350 0.218000
95351 0.219000
95360 0.221000
95372 0.222000
95390 0.223000
95395 0.224000
95397 0.225000
95400 0.227000
95402 0.228000
95406 0.229000
95411 0.230000
95418 0.231000
95427 0.232000
95439 0.233000
95447 0.234000
95451 0.235000
95464 0.236000
95467 0.237000
95474 0.239000
95483 0.240000
95500 0.241000
95501 0.242000
95518 0.243000
95527 0.244000
95545 0.245000
95550 0.246000
95551 0.247000
95557 0.248000
95570 0.249000
95579 0.250000
95582 0.251000
95595 0.252000
95598 0.253000
95599 0.255000
95601 0.256000
95610 0.258000
95613 0.259000
95621 0.260000
95624 0.261000
95627 0.262000
95631 0.263000
95636 0.264000
95642 0.265000
95661 0.266000
95666 0.267000
95671 0.268000
95674 0.269000
95683 0.270000
95687 0.271000
95695 0.272000
95706 0.273000
95708 0.274000
95709 0.275000
95726 0.276000
95737 0.277000
95740 0.278000
95742 0.279000
95748 0.280000
95749 0.281000
95753 0.283000
95755 0.284000
95770 0.285000
95773 0.286000
95775 0.287000
95781 0.288000
95782 0.289000
95783 0.290000
95797 0.291000
95798 0.292000
95801 0.293000
95806 0.294000
95808 0.295000
95813 0.296000
95822 0.297000
95824 0.298000
95849 0.299000
95875 0.300000
95881 0.301000
95895 0.302000
95898 0.303000
95905 0.304000
95906 0.305000
95924 0.306000
95925 0.307000
95926 0.308000
95936 0.309000
95937 0.310000
95939 0.311000
95941 0.312000
95947 0.313000
95952 0.314000
95957 0.315000
95966 0.316000
95970 0.317000
95973 0.318000
95981 0.319000
95986 0.320000
95991 0.321000
96008 0.322000
96015 0.323000
96017 0.325000
96024 0.326000
96025 0.327000
96030 0.328000
96043 0.329000
96044 0.330000
96054 0.331000
96067 0.332000
96080 0.333000
96083 0.334000
96090 0.335000
96092 0.336000
96098 0.338000
96101 0.339000
96102 0.340000
96111 0.341000
96112 0.342000
96121 0.343000
96122 0.344000
96125 0.345000
96128 0.346000
96162 0.347000
96163 0.348000
96176 0.349000
96185 0.350000
96194 0.351000
96198 0.352000
96216 0.353000
96217 0.354000
96219 0.356000
96223 0.357000
96226 0.358000
96230 0.359000
96231 0.360000
96233 0.361000
96234 0.362000
96235 0.363000
96245 0.364000
96251 0.365000
96253 0.366000
96254 0.367000
96260 0.369000
96271 0.370000
96274 0.371000
96280 0.372000
96292 0.373000
96296 0.374000
96299 0.375000
96308 0.376000
96317 0.377000
96327 0.378000
96329 0.379000
96335 0.380000
96349 0.381000
96352 0.382000
96355 0.383000
96359 0.384000
96362 0.385000
96370 0.386000
96374 0.387000
96377 0.388000
96381 0.389000
96388 0.391000
96391 0.392000
96392 0.393000
96405 0.394000
96407 0.395000
96409 0.396000
96416 0.397000
96422 0.398000
96435 0.399000
96437 0.400000
96452 0.401000
96454 0.402000
96456 0.403000
96463 0.404000
96470 0.405000
96475 0.406000
96486 0.407000
96487 0.408000
96488 0.409000
96494 0.410000
96500 0.411000
96502 0.412000
96505 0.413000
96510 0.415000
96512 0.416000
96520 0.417000
96523 0.418000
96533 0.419000
96534 0.420000
96543 0.421000
96545 0.422000
96569 0.423000
96581 0.424000
96589 0.425000
96590 0.426000
96594 0.427000
96600 0.428000
96602 0.430000
96605 0.431000
96607 0.433000
96618 0.434000
96623 0.435000
96625 0.437000
96639 0.439000
96658 0.440000
96676 0.441000
96681 0.442000
96692 0.443000
96705 0.444000
96707 0.445000
96710 0.446000
96711 0.447000
96716 0.448000
96734 0.449000
96735 0.450000
96757 0.451000
96764 0.452000
96773 0.453000
96775 0.454000
96776 0.455000
96784 0.456000
96788 0.457000
96794 0.458000
96799 0.459000
96812 0.460000
96819 0.461000
96820 0.462000
96828 0.463000
96840 0.464000
96842 0.465000
96848 0.467000
96850 0.468000
96856 0.469000
96858 0.470000
96862 0.471000
96871 0.472000
96879 0.473000
96886 0.474000
96903 0.475000
96904 0.476000
96919 0.477000
96923 0.478000
96930 0.479000
96936 0.480000
96953 0.481000
96958 0.482000
96959 0.483000
96961 0.484000
96968 0.485000
96983 0.486000
96992 0.487000
96995 0.488000
97002 0.489000
97009 0.492000
97025 0.493000
97029 0.494000
97033 0.495000
97034 0.496000
97048 0.497000
97061 0.498000
97069 0.499000
97092 0.500000
97111 0.501000
97115 0.502000
97118 0.503000
97139 0.504000
97144 0.505000
97155 0.506000
97158 0.507000
97168 0.508000
97173 0.509000
97187 0.510000
97188 0.511000
97189 0.512000
97190 0.513000
97193 0.514000
97205 0.515000
97218 0.516000
97236 0.517000
97240 0.518000
97246 0.519000
97248 0.520000
97257 0.521000
97259 0.522000
97262 0.523000
97276 0.524000
97279 0.525000
97292 0.526000
97300 0.527000
97302 0.528000
97313 0.529000
97331 0.530000
97344 0.531000
97351 0.532000
97356 0.533000
97362 0.534000
97366 0.535000
97376 0.536000
97388 0.537000
97395 0.538000
97399 0.539000
97402 0.540000
97406 0.541000
97417 0.542000
97425 0.543000
97433 0.544000
97442 0.545000
97443 0.546000
97460 0.547000
97467 0.548000
97468 0.549000
97483 0.550000
97485 0.551000
97518 0.552000
97526 0.553000
97544 0.554000
97562 0.555000
97564 0.556000
97565 0.557000
97566 0.558000
97571 0.559000
97581 0.560000
97606 0.561000
97644 0.562000
97656 0.563000
97681 0.564000
97688 0.565000
97711 0.566000
97718 0.567000
97730 0.568000
97734 0.569000
97743 0.570000
97757 0.572000
97758 0.573000
97772 0.574000
97775 0.575000
97778 0.576000
97780 0.577000
97788 0.578000
97799 0.579000
97802 0.580000
97803 0.581000
97817 0.582000
97831 0.583000
97832 0.584000
97845 0.585000
97856 0.586000
97868 0.587000
97896 0.588000
97920 0.589000
97941 0.590000
97943 0.591000
97948 0.593000
97951 0.594000
97966 0.595000
97990 0.596000
97991 0.597000
98035 0.598000
98043 0.599000
98049 0.600000
98056 0.601000
98063 0.602000
98075 0.603000
98089 0.604000
98103 0.605000
98110 0.606000
98174 0.607000
98244 0.608000
98262 0.609000
98270 0.610000
98271 0.611000
98291 0.612000
98306 0.613000
98311 0.614000
98324 0.615000
98327 0.616000
98344 0.617000
98355 0.618000
98388 0.619000
98403 0.620000
98405 0.621000
98412 0.622000
98433 0.623000
98461 0.624000
98463 0.625000
98476 0.626000
98564 0.627000
98569 0.628000
98600 0.629000
98618 0.630000
98649 0.631000
98711 0.632000
98714 0.633000
98739 0.634000
98747 0.635000
98759 0.636000
98797 0.637000
98804 0.638000
98809 0.640000
98849 0.641000
98865 0.642000
98871 0.643000
98874 0.644000
98894 0.645000
98909 0.646000
98982 0.647000
99061 0.648000
99069 0.649000
99078 0.651000
99085 0.652000
99118 0.653000
99120 0.654000
99123 0.655000
99156 0.656000
99166 0.657000
99185 0.658000
99198 0.659000
99229 0.660000
99235 0.661000
99271 0.662000
99273 0.663000
99282 0.664000
99360 0.665000
99373 0.666000
99378 0.667000
99409 0.668000
99438 0.669000
99442 0.670000
99451 0.671000
99474 0.672000
99489 0.673000
99495 0.674000
99508 0.675000
99546 0.676000
99549 0.677000
99577 0.678000
99600 0.679000
99607 0.680000
99619 0.681000
99639 0.682000
99667 0.683000
99682 0.684000
99683 0.685000
99694 0.686000
99696 0.687000
99701 0.688000
99762 0.689000
99767 0.690000
99791 0.691000
99802 0.692000
99830 0.693000
99833 0.694000
99869 0.695000
99893 0.696000
99894 0.697000
99903 0.698000
99939 0.699000
99946 0.700000
99993 0.701000
99995 0.702000
100028 0.703000
100111 0.704000
100118 0.705000
100130 0.706000
100131 0.707000
100184 0.708000
100227 0.709000
100284 0.710000
100306 0.711000
100312 0.712000
100317 0.713000
100319 0.714000
100332 0.715000
100419 0.716000
100421 0.717000
100422 0.718000
100423 0.719000
100517 0.720000
100537 0.721000
100558 0.722000
100578 0.723000
100579 0.724000
100582 0.725000
100592 0.726000
100683 0.727000
100693 0.728000
100696 0.729000
100714 0.730000
100733 0.731000
100753 0.732000
100783 0.733000
100792 0.734000
100799 0.735000
100811 0.736000
100814 0.737000
100834 0.738000
100851 0.739000
100855 0.740000
100898 0.741000
100899 0.742000
100913 0.743000
100916 0.744000
100921 0.745000
100934 0.746000
100956 0.747000
100988 0.748000
101075 0.749000
101110 0.750000
101113 0.751000
101124 0.752000
101155 0.753000
101186 0.754000
101193 0.755000
101197 0.756000
101205 0.757000
101225 0.758000
101229 0.759000
101283 0.760000
101345 0.761000
101364 0.762000
101366 0.763000
101379 0.764000
101381 0.765000
101428 0.766000
101469 0.767000
101476 0.768000
101491 0.769000
101527 0.771000
101569 0.772000
101621 0.773000
101632 0.774000
101635 0.775000
101687 0.776000
101748 0.777000
101775 0.778000
101798 0.779000
101800 0.780000
101839 0.781000
101840 0.782000
101874 0.783000
101878 0.784000
101882 0.785000
101897 0.786000
101928 0.787000
101974 0.788000
102014 0.789000
102074 0.790000
102091 0.791000
102096 0.792000
102139 0.793000
102144 0.794000
102157 0.795000
102196 0.796000
102290 0.797000
102295 0.798000
102340 0.799000
102354 0.800000
102408 0.801000
102456 0.802000
102504 0.803000
102575 0.804000
102611 0.805000
102657 0.806000
102672 0.807000
102756 0.808000
102790 0.809000
102861 0.810000
102895 0.811000
102954 0.812000
102959 0.813000
103009 0.814000
103021 0.815000
103172 0.816000
103228 0.817000
103272 0.818000
103279 0.819000
103331 0.820000
103412 0.821000
103422 0.822000
103425 0.823000
103486 0.824000
103521 0.825000
103681 0.826000
103850 0.827000
103863 0.829000
103870 0.830000
103895 0.831000
103908 0.832000
103928 0.833000
104004 0.834000
104010 0.835000
104082 0.836000
104167 0.837000
104188 0.838000
104206 0.839000
104210 0.840000
104232 0.841000
104247 0.842000
104251 0.843000
104349 0.844000
104391 0.845000
104393 0.846000
104396 0.847000
104422 0.848000
104428 0.849000
104434 0.850000
104448 0.851000
104456 0.852000
104500 0.853000
104514 0.854000
104570 0.855000
104599 0.856000
104609 0.857000
104667 0.859000
104731 0.860000
104796 0.861000
104803 0.862000
104811 0.863000
104861 0.864000
104872 0.865000
104923 0.866000
104934 0.867000
104956 0.868000
104976 0.869000
105005 0.870000
105053 0.871000
105094 0.872000
105134 0.873000
105141 0.874000
105202 0.875000
105270 0.876000
105306 0.877000
105339 0.878000
105410 0.879000
105411 0.880000
105430 0.881000
105442 0.882000
105503 0.883000
105507 0.884000
105523 0.885000
105573 0.886000
105593 0.887000
105683 0.888000
105738 0.889000
106213 0.890000
106306 0.891000
106342 0.892000
106387 0.893000
106517 0.894000
106577 0.895000
106624 0.896000
106778 0.897000
106828 0.898000
106877 0.899000
106878 0.900000
106936 0.901000
107068 0.902000
107119 0.903000
107156 0.904000
107176 0.905000
107192 0.906000
107423 0.907000
107443 0.908000
107626 0.909000
107671 0.910000
107839 0.911000
107898 0.912000
108199 0.913000
108471 0.914000
108588 0.915000
108640 0.916000
108749 0.917000
108795 0.918000
108810 0.919000
108828 0.920000
108836 0.921000
108848 0.922000
108949 0.923000
108973 0.924000
109015 0.925000
109017 0.926000
109036 0.927000
109197 0.928000
109231 0.929000
109296 0.930000
109336 0.931000
109342 0.932000
109395 0.933000
109674 0.934000
109709 0.935000
109825 0.936000
109975 0.937000
109993 0.938000
110126 0.939000
110378 0.940000
110389 0.941000
110512 0.942000
110817 0.943000
110896 0.944000
110937 0.945000
111501 0.946000
111655 0.947000
111700 0.948000
111910 0.949000
111927 0.950000
112227 0.951000
112280 0.952000
112293 0.953000
112313 0.954000
112470 0.955000
112634 0.956000
112673 0.957000
112816 0.958000
113045 0.959000
113281 0.960000
113366 0.961000
113757 0.962000
113860 0.963000
114191 0.964000
115231 0.965000
115277 0.966000
115389 0.967000
115476 0.968000
115594 0.969000
115649 0.970000
115776 0.971000
116024 0.972000
116108 0.973000
116162 0.974000
116284 0.975000
116523 0.976000
116591 0.977000
116775 0.978000
117446 0.979000
117996 0.980000
118001 0.981000
118686 0.982000
118981 0.983000
119020 0.984000
119207 0.985000
119371 0.986000
120065 0.987000
120215 0.988000
120789 0.989000
122057 0.990000
122160 0.991000
124372 0.992000
124991 0.993000
125622 0.994000
127897 0.995000
131680 0.996000
132066 0.997000
134725 0.998000
140603 0.999000
144627 1.000000


