150940 0.000000
150940 0.001000
158110 0.002000
164685 0.003000
165380 0.004000
170767 0.005000
177739 0.006000
178472 0.007000
178938 0.008000
179737 0.009000
180048 0.010000
180484 0.011000
180639 0.012000
181107 0.013000
181722 0.014000
181934 0.015000
182536 0.016000
182716 0.017000
182841 0.018000
182867 0.019000
183125 0.020000
183332 0.021000
183446 0.022000
183460 0.023000
183888 0.024000
183935 0.025000
184020 0.026000
184046 0.027000
184093 0.028000
184241 0.029000
184243 0.030000
184849 0.031000
185169 0.032000
185222 0.033000
185514 0.034000
185631 0.035000
185659 0.036000
185914 0.037000
185941 0.038000
186863 0.039000
187052 0.040000
187062 0.041000
187223 0.042000
187482 0.043000
187576 0.044000
188195 0.045000
188901 0.046000
189447 0.047000
189555 0.048000
189844 0.049000
189902 0.050000
190401 0.051000
190551 0.052000
190842 0.053000
190844 0.054000
190981 0.055000
191058 0.056000
191083 0.057000
191256 0.058000
191745 0.059000
191781 0.060000
192146 0.061000
192269 0.062000
192346 0.063000
192455 0.064000
192479 0.065000
193038 0.066000
193074 0.067000
193206 0.068000
193358 0.069000
193541 0.070000
193705 0.071000
193750 0.072000
193758 0.073000
193838 0.074000
193852 0.075000
193918 0.076000
193969 0.077000
194026 0.078000
194057 0.079000
194218 0.080000
194244 0.081000
194307 0.082000
194343 0.083000
194357 0.084000
194371 0.085000
194414 0.086000
194490 0.087000
194580 0.088000
194657 0.089000
194686 0.090000
194895 0.091000
195066 0.092000
195248 0.093000
195297 0.094000
195463 0.095000
195847 0.096000
195974 0.097000
196009 0.098000
196246 0.099000
196255 0.100000
196291 0.101000
196366 0.102000
196617 0.103000
196674 0.104000
196730 0.105000
196809 0.106000
196873 0.107000
196963 0.108000
197097 0.109000
197150 0.110000
197208 0.111000
197211 0.112000
197217 0.113000
197397 0.114000
197449 0.115000
197463 0.116000
197590 0.117000
197723 0.118000
197730 0.119000
197850 0.120000
197860 0.121000
197981 0.122000
197999 0.123000
198121 0.124000
198149 0.125000
198645 0.126000
198653 0.127000
198663 0.128000
198754 0.129000
198777 0.130000
198790 0.131000
198814 0.132000
198817 0.133000
198871 0.134000
198948 0.135000
198996 0.136000
199024 0.137000
199064 0.138000
199238 0.139000
199261 0.140000
199298 0.141000
199310 0.142000
199320 0.143000
199382 0.144000
199491 0.145000
199546 0.146000
199559 0.147000
199660 0.148000
199676 0.149000
199681 0.150000
199788 0.151000
199887 0.152000
199952 0.153000
199967 0.154000
200038 0.155000
200303 0.156000
200345 0.157000
200393 0.158000
200508 0.159000
200582 0.160000
200600 0.161000
200734 0.162000
200769 0.163000
200783 0.164000
200793 0.165000
200826 0.166000
200941 0.167000
200968 0.168000
201053 0.169000
201116 0.170000
201166 0.171000
201234 0.172000
201312 0.173000
201313 0.174000
201433 0.175000
201461 0.176000
201481 0.177000
201635 0.178000
201663 0.179000
201716 0.180000
201730 0.181000
201783 0.182000
201958 0.183000
201975 0.184000
202172 0.185000
202177 0.186000
202210 0.187000
202219 0.188000
202229 0.189000
202243 0.190000
202279 0.191000
202295 0.192000
202312 0.193000
202331 0.194000
202362 0.195000
202389 0.196000
202411 0.197000
202473 0.198000
202553 0.199000
202619 0.200000
202640 0.201000
202642 0.202000
202786 0.203000
203001 0.204000
203224 0.205000
203231 0.206000
203296 0.207000
203334 0.208000
203475 0.209000
203539 0.210000
203711 0.211000
203739 0.212000
203804 0.213000
203816 0.214000
203877 0.215000
203897 0.216000
203927 0.217000
203986 0.218000
204077 0.219000
204274 0.220000
204309 0.221000
204356 0.222000
204414 0.223000
204422 0.224000
204451 0.225000
204511 0.226000
204526 0.227000
204701 0.228000
204715 0.229000
204781 0.230000
204877 0.231000
204991 0.232000
205104 0.233000
205163 0.234000
205205 0.235000
205262 0.236000
205291 0.237000
205424 0.238000
205525 0.239000
205543 0.240000
205590 0.241000
205633 0.242000
205702 0.243000
205740 0.244000
205784 0.245000
205826 0.246000
205857 0.247000
205872 0.248000
205876 0.249000
206070 0.250000
206098 0.251000
206132 0.252000
206136 0.253000
206173 0.254000
206235 0.255000
206240 0.256000
206291 0.257000
206366 0.258000
206446 0.259000
206510 0.260000
206570 0.261000
206702 0.262000
206786 0.263000
206833 0.264000
206837 0.265000
206933 0.266000
207035 0.267000
207051 0.268000
207084 0.269000
207152 0.270000
207253 0.271000
207278 0.272000
207288 0.273000
207347 0.274000
207392 0.275000
207408 0.276000
207507 0.277000
207621 0.278000
207637 0.279000
207767 0.280000
207893 0.281000
207902 0.282000
207962 0.283000
208003 0.284000
208008 0.285000
208037 0.286000
208042 0.287000
208048 0.288000
208066 0.289000
208191 0.290000
208216 0.291000
208288 0.292000
208367 0.293000
208403 0.294000
208430 0.295000
208503 0.296000
208519 0.297000
208523 0.298000
208616 0.299000
208681 0.300000
208991 0.301000
209024 0.302000
209041 0.303000
209103 0.304000
209133 0.305000
209190 0.306000
209272 0.307000
209385 0.308000
209427 0.309000
209443 0.310000
209481 0.311000
209498 0.312000
209596 0.313000
209627 0.314000
209670 0.315000
209697 0.316000
209754 0.317000
209780 0.318000
209838 0.319000
209890 0.320000
209920 0.321000
209921 0.322000
209928 0.323000
210019 0.324000
210033 0.325000
210042 0.326000
210080 0.327000
210169 0.328000
210183 0.329000
210197 0.330000
210226 0.331000
210295 0.332000
210330 0.333000
210416 0.334000
210517 0.335000
210626 0.336000
210632 0.337000
210665 0.338000
210716 0.339000
210752 0.340000
210761 0.341000
210832 0.342000
210874 0.343000
210918 0.344000
210943 0.345000
210952 0.346000
211019 0.347000
211031 0.348000
211125 0.349000
211136 0.350000
211148 0.351000
211164 0.352000
211179 0.353000
211207 0.354000
211216 0.355000
211233 0.356000
211274 0.357000
211375 0.358000
211378 0.359000
211447 0.360000
211493 0.361000
211506 0.362000
211596 0.363000
211602 0.364000
211719 0.365000
211726 0.366000
211801 0.367000
211813 0.368000
211910 0.369000
211966 0.370000
211999 0.371000
212032 0.372000
212075 0.373000
212096 0.374000
212141 0.375000
212329 0.376000
212335 0.377000
212404 0.378000
212437 0.379000
212496 0.380000
212544 0.381000
212604 0.382000
212624 0.383000
212637 0.384000
212681 0.385000
212706 0.386000
212805 0.387000
212808 0.388000
212839 0.389000
212925 0.390000
213015 0.391000
213064 0.392000
213091 0.393000
213093 0.394000
213109 0.395000
213112 0.396000
213119 0.397000
213133 0.398000
213181 0.399000
213202 0.400000
213216 0.401000
213237 0.402000
213273 0.403000
213285 0.404000
213293 0.405000
213320 0.406000
213358 0.407000
213402 0.408000
213506 0.409000
213513 0.410000
213557 0.411000
213561 0.412000
213677 0.413000
213699 0.414000
213736 0.415000
213758 0.416000
213795 0.417000
213887 0.418000
213989 0.419000
214095 0.420000
214103 0.421000
214166 0.423000
214231 0.424000
214264 0.425000
214286 0.426000
214287 0.427000
214356 0.428000
214457 0.429000
214530 0.430000
214581 0.431000
214589 0.432000
214679 0.433000
214745 0.434000
214769 0.435000
214849 0.436000
214875 0.437000
214974 0.438000
214984 0.439000
215116 0.440000
215130 0.441000
215132 0.442000
215188 0.443000
215239 0.444000
215275 0.445000
215358 0.446000
215365 0.447000
215464 0.448000
215475 0.449000
215485 0.450000
215497 0.451000
215518 0.452000
215535 0.453000
215557 0.454000
215559 0.455000
215601 0.456000
215645 0.457000
215678 0.458000
215681 0.459000
215685 0.460000
215698 0.461000
215734 0.462000
215767 0.463000
215778 0.464000
215912 0.465000
216175 0.466000
216235 0.467000
216243 0.468000
216297 0.469000
216309 0.470000
216334 0.471000
216351 0.472000
216366 0.473000
216396 0.474000
216432 0.475000
216443 0.476000
216467 0.477000
216529 0.478000
216546 0.479000
216555 0.480000
216649 0.481000
216652 0.482000
216659 0.483000
216679 0.484000
216711 0.485000
216757 0.486000
216760 0.487000
216774 0.488000
216785 0.489000
216806 0.490000
216818 0.491000
216873 0.492000
216991 0.493000
217034 0.494000
217044 0.495000
217045 0.496000
217047 0.497000
217135 0.498000
217195 0.499000
217198 0.500000
217217 0.501000
217237 0.502000
217366 0.503000
217395 0.504000
217418 0.505000
217448 0.506000
217549 0.507000
217571 0.508000
217610 0.509000
217671 0.510000
217701 0.511000
217704 0.512000
217724 0.513000
217805 0.514000
217880 0.515000
217929 0.516000
217932 0.517000
218061 0.518000
218077 0.519000
218127 0.521000
218251 0.522000
218252 0.523000
218266 0.524000
218294 0.525000
218335 0.526000
218344 0.527000
218382 0.528000
218384 0.529000
218400 0.530000
218411 0.531000
218494 0.532000
218681 0.533000
218751 0.534000
218766 0.535000
218816 0.536000
218818 0.537000
218958 0.538000
218988 0.539000
219070 0.540000
219139 0.541000
219319 0.542000
219374 0.543000
219378 0.544000
219417 0.545000
219437 0.546000
219490 0.547000
219499 0.548000
219513 0.549000
219642 0.550000
219829 0.551000
219845 0.552000
219891 0.553000
220007 0.554000
220053 0.555000
220089 0.556000
220148 0.557000
220215 0.558000
220262 0.559000
220305 0.560000
220309 0.561000
220350 0.562000
220376 0.563000
220435 0.564000
220437 0.565000
220444 0.566000
220488 0.568000
220490 0.569000
220514 0.570000
220516 0.571000
220532 0.572000
220537 0.573000
220590 0.574000
220615 0.575000
220679 0.576000
220761 0.577000
220772 0.578000
220778 0.579000
220880 0.580000
220909 0.581000
220912 0.582000
220945 0.583000
220948 0.584000
221056 0.585000
221142 0.586000
221173 0.587000
221280 0.588000
221290 0.589000
221392 0.590000
221492 0.591000
221502 0.592000
221508 0.593000
221558 0.594000
221705 0.595000
221944 0.596000
222026 0.597000
222109 0.598000
222167 0.600000
222171 0.601000
222204 0.602000
222282 0.603000
222287 0.604000
222419 0.605000
222426 0.606000
222435 0.607000
222556 0.608000
222588 0.609000
222654 0.610000
222662 0.611000
222837 0.612000
223013 0.613000
223070 0.614000
223145 0.615000
223183 0.616000
223228 0.617000
223283 0.618000
223300 0.619000
223406 0.620000
223465 0.621000
223535 0.622000
223544 0.623000
223665 0.624000
223669 0.625000
223735 0.626000
223903 0.627000
223956 0.628000
223972 0.629000
224175 0.630000
224202 0.631000
224224 0.632000
224256 0.633000
224338 0.634000
224358 0.635000
224383 0.636000
224450 0.637000
224509 0.638000
224512 0.639000
224550 0.640000
224621 0.641000
224672 0.642000
224692 0.643000
224709 0.644000
224740 0.645000
224832 0.646000
224855 0.647000
224873 0.648000
224885 0.649000
224950 0.650000
225049 0.651000
225090 0.652000
225148 0.653000
225159 0.654000
225270 0.655000
225306 0.656000
225343 0.657000
225386 0.658000
225401 0.659000
225434 0.660000
225450 0.661000
225471 0.662000
225550 0.663000
225561 0.664000
225586 0.665000
225611 0.666000
225627 0.667000
225642 0.668000
225680 0.669000
225727 0.670000
225819 0.671000
225865 0.672000
225917 0.673000
225923 0.674000
225938 0.675000
225989 0.676000
226011 0.677000
226217 0.678000
226245 0.679000
226249 0.680000
226327 0.681000
226447 0.682000
226452 0.683000
226470 0.684000
226473 0.685000
226502 0.686000
226574 0.687000
226608 0.688000
226655 0.689000
226694 0.690000
226718 0.691000
226746 0.692000
226758 0.693000
226764 0.694000
226826 0.695000
226944 0.696000
226999 0.697000
227043 0.698000
227047 0.699000
227060 0.700000
227335 0.701000
227351 0.702000
227409 0.703000
227497 0.704000
227510 0.705000
227542 0.706000
227571 0.707000
227587 0.708000
227598 0.709000
227650 0.710000
227681 0.711000
227683 0.712000
227758 0.713000
227805 0.714000
227824 0.715000
227914 0.716000
227936 0.717000
228005 0.718000
228009 0.719000
228029 0.720000
228051 0.721000
228249 0.722000
228251 0.723000
228284 0.724000
228293 0.725000
228324 0.726000
228414 0.727000
228430 0.728000
228444 0.729000
228462 0.730000
228503 0.731000
228610 0.732000
228969 0.733000
229071 0.734000
229132 0.735000
229223 0.736000
229242 0.737000
229272 0.738000
229306 0.739000
229331 0.740000
229341 0.741000
229395 0.742000
229460 0.743000
229537 0.744000
229572 0.745000
229580 0.746000
229651 0.747000
229665 0.748000
229702 0.749000
229707 0.750000
229871 0.751000
229912 0.752000
230087 0.753000
230260 0.754000
230271 0.755000
230357 0.756000
230420 0.757000
230464 0.758000
230560 0.759000
230628 0.760000
230654 0.761000
230664 0.762000
230764 0.763000
230792 0.764000
230842 0.765000
230862 0.766000
230866 0.767000
230972 0.768000
231007 0.769000
231018 0.770000
231054 0.771000
231428 0.772000
231536 0.773000
231666 0.774000
231669 0.775000
231759 0.776000
231782 0.777000
231792 0.778000
231951 0.779000
232123 0.780000
232186 0.781000
232302 0.782000
232314 0.783000
232393 0.784000
232413 0.785000
232442 0.786000
232461 0.787000
232481 0.788000
232576 0.789000
232672 0.790000
232818 0.791000
232994 0.792000
233043 0.793000
233191 0.794000
233263 0.795000
233269 0.796000
233338 0.797000
233418 0.798000
233486 0.799000
233594 0.800000
233671 0.801000
233778 0.802000
233784 0.803000
234036 0.804000
234086 0.805000
234112 0.806000
234245 0.807000
234254 0.808000
234307 0.809000
234394 0.810000
234460 0.811000
234463 0.812000
234560 0.813000
234602 0.814000
234610 0.815000
234762 0.816000
234861 0.817000
234865 0.818000
234868 0.819000
234872 0.820000
234977 0.821000
235020 0.822000
235030 0.823000
235101 0.824000
235141 0.825000
235188 0.826000
235242 0.827000
235307 0.828000
235416 0.829000
235425 0.830000
235488 0.831000
235499 0.832000
235503 0.833000
235512 0.834000
235583 0.835000
235640 0.836000
235777 0.837000
235894 0.838000
235996 0.839000
236057 0.840000
236144 0.841000
236317 0.842000
236382 0.843000
236428 0.844000
236449 0.845000
236461 0.846000
236528 0.847000
236611 0.848000
236689 0.849000
236708 0.850000
236791 0.851000
236807 0.852000
236852 0.853000
236876 0.854000
237180 0.855000
237360 0.856000
237416 0.857000
237456 0.858000
237549 0.859000
237581 0.860000
237621 0.861000
237664 0.862000
237764 0.863000
237833 0.864000
238063 0.865000
238148 0.866000
238178 0.867000
238210 0.868000
238213 0.869000
238422 0.870000
238433 0.871000
238617 0.872000
238686 0.873000
238818 0.874000
238910 0.875000
239041 0.876000
239138 0.877000
239160 0.878000
239213 0.879000
239220 0.880000
239277 0.881000
239420 0.882000
239526 0.883000
239728 0.884000
239842 0.885000
239913 0.886000
240077 0.887000
240252 0.888000
240260 0.889000
240331 0.890000
240357 0.891000
240427 0.892000
240454 0.893000
240486 0.894000
240490 0.895000
240656 0.896000
240739 0.897000
240912 0.898000
240935 0.899000
241153 0.900000
241161 0.901000
241280 0.902000
241953 0.903000
242085 0.904000
242163 0.905000
242260 0.906000
242351 0.907000
242599 0.908000
242659 0.909000
242669 0.910000
242718 0.911000
243030 0.912000
243482 0.913000
243620 0.914000
243621 0.915000
243889 0.916000
243951 0.917000
244074 0.918000
244122 0.919000
244212 0.920000
244660 0.921000
244837 0.922000
244838 0.923000
244981 0.924000
245104 0.925000
245430 0.926000
245899 0.927000
246018 0.928000
246041 0.929000
246398 0.930000
246403 0.931000
246427 0.932000
246462 0.933000
246515 0.934000
246716 0.935000
246728 0.936000
247049 0.937000
247113 0.938000
247231 0.939000
247266 0.940000
247294 0.941000
247329 0.942000
247547 0.943000
247913 0.944000
248050 0.945000
248124 0.946000
248605 0.947000
248775 0.948000
249199 0.949000
249201 0.950000
249291 0.951000
249535 0.952000
250304 0.953000
250371 0.954000
250911 0.955000
250918 0.956000
251419 0.957000
251446 0.958000
251471 0.959000
251775 0.960000
251897 0.961000
251922 0.962000
252040 0.963000
252168 0.964000
252194 0.965000
252242 0.966000
252374 0.967000
253029 0.968000
253253 0.969000
253407 0.970000
253621 0.971000
253952 0.972000
254009 0.973000
254345 0.974000
254733 0.975000
255146 0.976000
255906 0.977000
256081 0.978000
256538 0.979000
256539 0.980000
256772 0.981000
257449 0.982000
257885 0.983000
258218 0.984000
258857 0.985000
259944 0.986000
259994 0.987000
260180 0.988000
260928 0.989000
262157 0.990000
262182 0.991000
263186 0.992000
265603 0.993000
266034 0.994000
268243 0.995000
269437 0.996000
273068 0.997000
276314 0.998000
279098 0.999000
280674 1.000000


101 0.000000
101 0.001000
102 0.002000
104 0.008000
105 0.018000
106 0.025000
107 0.041000
108 0.069000
109 0.099000
110 0.127000
111 0.156000
112 0.186000
113 0.223000
114 0.260000
115 0.301000
116 0.345000
117 0.391000
118 0.436000
119 0.474000
120 0.516000
121 0.568000
122 0.606000
123 0.643000
124 0.684000
125 0.719000
126 0.747000
127 0.761000
128 0.780000
129 0.800000
130 0.820000
131 0.831000
132 0.847000
133 0.865000
134 0.873000
135 0.884000
136 0.897000
137 0.906000
138 0.916000
139 0.923000
140 0.933000
141 0.941000
142 0.946000
143 0.951000
144 0.957000
145 0.965000
146 0.970000
147 0.974000
148 0.975000
149 0.980000
150 0.982000
151 0.983000
152 0.988000
153 0.992000
154 0.993000
155 0.995000
158 0.997000
159 0.998000
163 0.999000
169 1.000000


