120820 0.000000
120820 0.005000
120841 0.010000
121751 0.015000
121764 0.020000
121804 0.025000
122590 0.030000
122723 0.035000
122940 0.040000
123622 0.045000
123946 0.050000
127816 0.055000
127876 0.060000
128052 0.065000
128078 0.070000
128085 0.075000
128097 0.080000
128186 0.085000
128306 0.090000
128324 0.095000
128493 0.100000
128515 0.105000
128773 0.110000
128777 0.115000
128848 0.120000
128873 0.125000
129106 0.130000
129139 0.135000
129174 0.140000
129184 0.145000
129280 0.150000
129281 0.155000
129415 0.160000
129466 0.165000
129585 0.170000
129661 0.175000
129860 0.180000
129894 0.185000
129900 0.190000
129906 0.200000
129969 0.205000
129991 0.210000
130114 0.215000
130194 0.220000
130195 0.225000
130239 0.230000
130243 0.235000
130253 0.240000
130259 0.245000
130347 0.250000
130484 0.255000
130533 0.260000
130674 0.265000
130710 0.270000
130722 0.275000
130752 0.280000
130776 0.285000
130795 0.290000
130885 0.295000
130903 0.300000
130911 0.305000
130956 0.310000
130987 0.315000
131015 0.320000
131029 0.325000
131051 0.330000
131129 0.335000
131194 0.340000
131213 0.345000
131261 0.350000
131300 0.355000
131316 0.360000
131324 0.365000
131328 0.370000
131329 0.375000
131348 0.380000
131384 0.385000
131451 0.390000
131455 0.395000
131469 0.400000
131546 0.405000
131586 0.410000
131611 0.415000
131612 0.420000
131619 0.425000
131636 0.430000
131649 0.435000
131679 0.440000
131690 0.445000
131711 0.450000
131723 0.455000
131738 0.460000
131770 0.465000
131807 0.470000
131829 0.475000
131845 0.480000
131907 0.485000
131949 0.490000
131963 0.495000
131968 0.500000
131972 0.505000
132085 0.510000
132105 0.515000
132116 0.520000
132124 0.525000
132173 0.530000
132185 0.535000
132206 0.540000
132231 0.545000
132252 0.550000
132287 0.555000
132309 0.560000
132335 0.565000
132370 0.570000
132433 0.575000
132454 0.580000
132525 0.585000
132548 0.590000
132570 0.595000
132615 0.600000
132630 0.605000
132643 0.610000
132655 0.615000
132677 0.620000
132689 0.625000
132712 0.630000
132741 0.635000
132771 0.640000
132777 0.645000
132785 0.650000
132838 0.655000
132874 0.660000
132877 0.665000
132889 0.670000
132924 0.675000
132928 0.680000
132941 0.685000
132957 0.690000
132962 0.695000
132972 0.700000
132975 0.705000
132976 0.710000
132989 0.715000
132996 0.720000
132999 0.725000
133002 0.730000
133103 0.735000
133139 0.740000
133166 0.745000
133243 0.750000
133248 0.755000
133284 0.760000
133288 0.765000
133330 0.770000
133398 0.775000
133409 0.780000
133487 0.785000
133554 0.790000
133564 0.795000
133565 0.800000
133574 0.805000
133605 0.810000
133633 0.815000
133711 0.820000
133735 0.825000
133783 0.830000
133790 0.835000
134033 0.840000
134104 0.845000
134258 0.850000
134282 0.855000
134293 0.860000
134399 0.865000
134462 0.870000
134737 0.875000
134752 0.880000
134884 0.885000
134945 0.890000
134994 0.895000
135007 0.900000
135112 0.905000
135113 0.910000
135135 0.915000
135160 0.920000
135163 0.925000
135300 0.930000
135427 0.935000
135472 0.940000
135476 0.945000
135505 0.950000
135549 0.955000
135586 0.960000
135612 0.965000
135619 0.970000
135765 0.975000
135905 0.980000
135942 0.985000
136470 0.990000
136599 0.995000
137812 1.000000


