181246 0.000000
181246 0.001002
184923 0.002004
185436 0.003006
185714 0.004008
185717 0.005010
186158 0.006012
186205 0.007014
186578 0.008016
186871 0.009018
187073 0.010020
187265 0.011022
187416 0.012024
187718 0.013026
188155 0.014028
189615 0.015030
190257 0.016032
190320 0.017034
190423 0.018036
191048 0.019038
191411 0.020040
191603 0.021042
192449 0.022044
192498 0.023046
192610 0.024048
192770 0.025050
193134 0.026052
193271 0.027054
193798 0.028056
193884 0.029058
194104 0.030060
194344 0.031062
194803 0.032064
194903 0.033066
195032 0.034068
195771 0.035070
195791 0.036072
195846 0.037074
196146 0.038076
196198 0.039078
196227 0.040080
196439 0.041082
196714 0.042084
196821 0.043086
196847 0.044088
197254 0.045090
197414 0.046092
197691 0.047094
197862 0.048096
198089 0.049098
198349 0.050100
198442 0.051102
198585 0.052104
198590 0.053106
199070 0.054108
199077 0.055110
199102 0.056112
199192 0.057114
199305 0.058116
199308 0.059118
199416 0.060120
199962 0.061122
199963 0.062124
200152 0.063126
200214 0.064128
200534 0.065130
200722 0.066132
200793 0.067134
200805 0.068136
201147 0.069138
201348 0.070140
201519 0.071142
201639 0.072144
201648 0.073146
201861 0.074148
201965 0.075150
202033 0.076152
202253 0.077154
202390 0.078156
202553 0.079158
202653 0.080160
202788 0.081162
202857 0.082164
203172 0.083166
203306 0.084168
203316 0.085170
203346 0.086172
203448 0.087174
203462 0.088176
203708 0.089178
203726 0.090180
203752 0.091182
203759 0.092184
203839 0.093186
203907 0.094188
203983 0.095190
203990 0.096192
203997 0.097194
204055 0.098196
204154 0.099198
204253 0.100200
204287 0.101202
204355 0.102204
204373 0.103206
204376 0.104208
204455 0.105210
204767 0.106212
204796 0.107214
204900 0.108216
205000 0.109218
205242 0.110220
205551 0.111222
205714 0.112224
205935 0.113226
205937 0.114228
205967 0.115230
206150 0.116232
206274 0.117234
206586 0.118236
206700 0.119238
206773 0.120240
206960 0.121242
207263 0.122244
207440 0.123246
207455 0.124248
207471 0.125251
207624 0.126253
207821 0.127255
207915 0.128257
207975 0.129259
208233 0.130261
208428 0.131263
208463 0.132265
208531 0.133267
208553 0.134269
208665 0.135271
208857 0.136273
208879 0.137275
209304 0.138277
209381 0.139279
209490 0.140281
209544 0.141283
209781 0.142285
209843 0.143287
210108 0.144289
210153 0.145291
210160 0.146293
210250 0.147295
210269 0.148297
210479 0.149299
210539 0.150301
210578 0.151303
210579 0.152305
210604 0.153307
210679 0.154309
210772 0.155311
210773 0.156313
210877 0.157315
210879 0.158317
211022 0.159319
211054 0.160321
211120 0.161323
211273 0.162325
211328 0.163327
211375 0.164329
211551 0.165331
211610 0.166333
211893 0.167335
211908 0.168337
211955 0.169339
212055 0.170341
212133 0.171343
212194 0.172345
212219 0.173347
212249 0.174349
212296 0.175351
212383 0.176353
212428 0.177355
212745 0.178357
212811 0.179359
212842 0.180361
212846 0.181363
212886 0.182365
212911 0.183367
213275 0.184369
213291 0.185371
213369 0.186373
213465 0.187375
213526 0.188377
213798 0.189379
213913 0.190381
214006 0.191383
214173 0.192385
214182 0.193387
214193 0.194389
214253 0.195391
214362 0.196393
214397 0.197395
214594 0.198397
214838 0.199399
214913 0.200401
214968 0.201403
215095 0.202405
215105 0.203407
215149 0.204409
215197 0.205411
215301 0.206413
215306 0.207415
215310 0.208417
215724 0.209419
215998 0.210421
216118 0.211423
216140 0.212425
216187 0.213427
216430 0.214429
216458 0.215431
216480 0.216433
216656 0.217435
216686 0.218437
216889 0.219439
217018 0.220441
217025 0.221443
217028 0.222445
217074 0.223447
217085 0.224449
217109 0.225451
217185 0.226453
217229 0.227455
217247 0.228457
217275 0.229459
217326 0.230461
217442 0.231463
217552 0.232465
217564 0.233467
217620 0.234469
217624 0.235471
217789 0.236473
217808 0.237475
217815 0.238477
217857 0.239479
217971 0.240481
218035 0.241483
218394 0.242485
218413 0.243487
218473 0.244489
218530 0.245491
218578 0.246493
218583 0.247495
218629 0.248497
218671 0.249499
218714 0.250501
218724 0.251503
218802 0.252505
218808 0.253507
218988 0.254509
219182 0.255511
219223 0.256513
219305 0.257515
219352 0.258517
219367 0.259519
219407 0.260521
219511 0.261523
219564 0.262525
219593 0.263527
219693 0.264529
219823 0.265531
219835 0.266533
219858 0.267535
219890 0.268537
220014 0.269539
220105 0.270541
220120 0.271543
220182 0.272545
220200 0.273547
220513 0.274549
220536 0.275551
220629 0.276553
220631 0.277555
220671 0.279559
220797 0.280561
221004 0.281563
221044 0.282565
221074 0.283567
221133 0.284569
221308 0.285571
221371 0.286573
221438 0.287575
221464 0.288577
221592 0.289579
221603 0.290581
221670 0.291583
221723 0.292585
221791 0.293587
221866 0.294589
221877 0.295591
221995 0.296593
222021 0.297595
222212 0.298597
222330 0.299599
222355 0.300601
222593 0.301603
222606 0.302605
222643 0.303607
222750 0.304609
222775 0.305611
222891 0.306613
222899 0.307615
222922 0.308617
222927 0.309619
222961 0.310621
222966 0.311623
223055 0.312625
223146 0.313627
223347 0.314629
223560 0.315631
223574 0.316633
223613 0.317635
223796 0.318637
223839 0.319639
223862 0.320641
224158 0.321643
224185 0.322645
224264 0.323647
224404 0.324649
224450 0.325651
224470 0.326653
224632 0.327655
224743 0.328657
224769 0.329659
224776 0.330661
224804 0.331663
224889 0.332665
224913 0.333667
224928 0.334669
224930 0.335671
224947 0.336673
225009 0.337675
225052 0.338677
225083 0.339679
225185 0.340681
225235 0.341683
225249 0.342685
225310 0.343687
225344 0.344689
225409 0.345691
225446 0.346693
225619 0.347695
225958 0.348697
226019 0.349699
226025 0.350701
226158 0.351703
226230 0.352705
226313 0.353707
226431 0.354709
226580 0.355711
226621 0.356713
226625 0.358717
226643 0.359719
226674 0.360721
226976 0.361723
226980 0.362725
226996 0.363727
227212 0.364729
227244 0.365731
227311 0.366733
227316 0.367735
227370 0.368737
227385 0.369739
227473 0.370741
227571 0.371743
227729 0.372745
227807 0.373747
228001 0.374749
228078 0.375752
228090 0.376754
228295 0.377756
228315 0.378758
228625 0.379760
228652 0.380762
228684 0.381764
228782 0.382766
228786 0.383768
228789 0.384770
228842 0.385772
228930 0.386774
228947 0.387776
229005 0.388778
229108 0.389780
229239 0.390782
229263 0.391784
229296 0.392786
229313 0.393788
229332 0.394790
229410 0.395792
229469 0.396794
229475 0.397796
229519 0.398798
229535 0.399800
229538 0.400802
229698 0.401804
229703 0.402806
229860 0.403808
229872 0.404810
229895 0.405812
229925 0.406814
229955 0.407816
229959 0.408818
230041 0.409820
230102 0.410822
230131 0.411824
230145 0.412826
230162 0.413828
230198 0.414830
230200 0.415832
230312 0.416834
230352 0.417836
230383 0.418838
230390 0.419840
230561 0.420842
230563 0.421844
230572 0.422846
230610 0.423848
230642 0.424850
230689 0.425852
230782 0.426854
230930 0.427856
231248 0.428858
231394 0.429860
231495 0.430862
231647 0.431864
231652 0.432866
231662 0.433868
231767 0.434870
231797 0.435872
231924 0.436874
232006 0.437876
232029 0.438878
232034 0.439880
232057 0.440882
232058 0.441884
232142 0.442886
232174 0.443888
232180 0.444890
232342 0.445892
232520 0.446894
232717 0.447896
232766 0.448898
232853 0.449900
232858 0.450902
233039 0.451904
233093 0.452906
233230 0.453908
233286 0.454910
233351 0.455912
233418 0.456914
233505 0.457916
233538 0.458918
233564 0.459920
233626 0.460922
233661 0.461924
233735 0.462926
233827 0.463928
233829 0.464930
233924 0.465932
233987 0.466934
234081 0.467936
234148 0.468938
234280 0.469940
234344 0.470942
234373 0.471944
234398 0.472946
234494 0.473948
234586 0.474950
234606 0.475952
234665 0.476954
234666 0.477956
234677 0.478958
234690 0.479960
234799 0.480962
234806 0.481964
234844 0.482966
234846 0.483968
234869 0.484970
234918 0.485972
234953 0.487976
235002 0.488978
235117 0.489980
235144 0.490982
235167 0.491984
235235 0.492986
235346 0.493988
235429 0.494990
235626 0.495992
235641 0.496994
235662 0.497996
235673 0.498998
235721 0.500000
235746 0.501002
235767 0.502004
235779 0.503006
235834 0.504008
235851 0.505010
235931 0.506012
235960 0.507014
236035 0.508016
236109 0.509018
236125 0.510020
236142 0.511022
236156 0.512024
236158 0.513026
236165 0.514028
236203 0.515030
236238 0.516032
236452 0.517034
236508 0.518036
236538 0.519038
236543 0.520040
236551 0.521042
236624 0.522044
236738 0.523046
236826 0.524048
236842 0.525050
236850 0.526052
236855 0.527054
236864 0.528056
236873 0.529058
236893 0.530060
236934 0.531062
236981 0.532064
236985 0.533066
237033 0.534068
237041 0.535070
237063 0.536072
237270 0.537074
237391 0.538076
237485 0.539078
237607 0.540080
237631 0.541082
237736 0.542084
237762 0.543086
237771 0.544088
237849 0.545090
237855 0.546092
237970 0.547094
237988 0.548096
237990 0.549098
238006 0.550100
238058 0.551102
238089 0.552104
238136 0.553106
238169 0.554108
238186 0.555110
238286 0.556112
238494 0.557114
238513 0.558116
238534 0.559118
238558 0.560120
238562 0.561122
238595 0.562124
238598 0.563126
238615 0.564128
238623 0.565130
238642 0.566132
238646 0.567134
238655 0.568136
238681 0.569138
238716 0.570140
238908 0.571142
238985 0.572144
239039 0.573146
239183 0.574148
239293 0.575150
239333 0.576152
239391 0.577154
239406 0.578156
239410 0.579158
239411 0.580160
239439 0.581162
239503 0.582164
239526 0.583166
239531 0.584168
239536 0.585170
239552 0.586172
239555 0.587174
239692 0.588176
239795 0.589178
239821 0.590180
239909 0.591182
239920 0.592184
240047 0.593186
240255 0.594188
240261 0.595190
240280 0.596192
240311 0.598196
240388 0.599198
240422 0.600200
240437 0.601202
240503 0.602204
240554 0.603206
240587 0.604208
240598 0.605210
240611 0.606212
240635 0.607214
240700 0.608216
240702 0.609218
240708 0.610220
240744 0.611222
240768 0.612224
240771 0.613226
240823 0.614228
240895 0.615230
240954 0.616232
240964 0.617234
240990 0.618236
241008 0.619238
241048 0.620240
241077 0.621242
241124 0.622244
241150 0.623246
241157 0.624248
241198 0.625251
241328 0.626253
241363 0.627255
241404 0.628257
241434 0.629259
241481 0.630261
241502 0.631263
241550 0.632265
241587 0.634269
241700 0.635271
241733 0.636273
241812 0.637275
241876 0.638277
241882 0.639279
241936 0.640281
241946 0.641283
242047 0.642285
242054 0.643287
242060 0.644289
242078 0.645291
242081 0.646293
242114 0.647295
242259 0.648297
242308 0.649299
242684 0.650301
242689 0.651303
242692 0.652305
242714 0.653307
242775 0.654309
242818 0.655311
242984 0.656313
243126 0.657315
243173 0.658317
243204 0.659319
243213 0.660321
243325 0.661323
243374 0.662325
243601 0.663327
243609 0.664329
243653 0.665331
243661 0.666333
243728 0.667335
243782 0.668337
243799 0.669339
243935 0.670341
243970 0.671343
244129 0.672345
244138 0.673347
244141 0.674349
244194 0.675351
244273 0.676353
244381 0.677355
244440 0.678357
244476 0.679359
244771 0.680361
244784 0.681363
244861 0.682365
244900 0.683367
244923 0.684369
245091 0.685371
245198 0.686373
245244 0.687375
245277 0.688377
245361 0.689379
245421 0.690381
245538 0.691383
245560 0.692385
245633 0.693387
245750 0.694389
245756 0.695391
245849 0.696393
245875 0.697395
245905 0.698397
245939 0.699399
246036 0.700401
246109 0.701403
246118 0.702405
246238 0.703407
246268 0.704409
246302 0.705411
246341 0.706413
246354 0.707415
246384 0.708417
246388 0.709419
246403 0.710421
246423 0.711423
246427 0.712425
246468 0.713427
246577 0.714429
246604 0.715431
246648 0.716433
246669 0.717435
246803 0.718437
247011 0.719439
247079 0.720441
247087 0.721443
247106 0.722445
247121 0.723447
247132 0.724449
247147 0.725451
247637 0.726453
247653 0.727455
247815 0.728457
247823 0.729459
247930 0.730461
248006 0.731463
248027 0.732465
248174 0.733467
248220 0.734469
248238 0.735471
248365 0.736473
248391 0.737475
248414 0.738477
248466 0.739479
248521 0.740481
248568 0.741483
248647 0.742485
248870 0.743487
248910 0.744489
248913 0.745491
249059 0.746493
249074 0.748497
249080 0.749499
249163 0.750501
249245 0.751503
249381 0.752505
249441 0.753507
249485 0.754509
249530 0.755511
249570 0.756513
249596 0.757515
249726 0.758517
249748 0.759519
249764 0.760521
249837 0.761523
249925 0.762525
249927 0.763527
250023 0.764529
250029 0.765531
250081 0.766533
250085 0.767535
250093 0.768537
250129 0.769539
250229 0.770541
250286 0.771543
250399 0.772545
250487 0.773547
250551 0.774549
250659 0.775551
250737 0.776553
250749 0.778557
250772 0.779559
250774 0.780561
250784 0.781563
250802 0.782565
250850 0.783567
250897 0.784569
250969 0.785571
250996 0.786573
251187 0.787575
251324 0.788577
251406 0.789579
251440 0.790581
251479 0.791583
251709 0.792585
251756 0.793587
251832 0.794589
251876 0.795591
251904 0.796593
251922 0.797595
251937 0.798597
251958 0.799599
252000 0.800601
252023 0.801603
252185 0.802605
252200 0.803607
252210 0.804609
252274 0.805611
252374 0.806613
252442 0.807615
252501 0.808617
252539 0.809619
252574 0.810621
252630 0.811623
252692 0.812625
252719 0.813627
252739 0.814629
252750 0.816633
252779 0.817635
252857 0.818637
253032 0.819639
253165 0.820641
253180 0.821643
253216 0.822645
253270 0.823647
253348 0.824649
253361 0.825651
253438 0.826653
253488 0.827655
253502 0.828657
253571 0.829659
253598 0.830661
253667 0.831663
253756 0.832665
253879 0.833667
254083 0.834669
254084 0.835671
254163 0.836673
254221 0.837675
254225 0.838677
254277 0.839679
254359 0.840681
254400 0.841683
254442 0.842685
254519 0.843687
254528 0.844689
254963 0.845691
255032 0.846693
255260 0.847695
255320 0.848697
255325 0.849699
255432 0.850701
255628 0.851703
255699 0.852705
255956 0.853707
256051 0.854709
256056 0.855711
256196 0.856713
256198 0.857715
256301 0.858717
256317 0.859719
256407 0.860721
256492 0.861723
256531 0.862725
256560 0.863727
256713 0.864729
256721 0.865731
256764 0.866733
256784 0.867735
256982 0.868737
257052 0.869739
257057 0.870741
257264 0.871743
257350 0.872745
257368 0.873747
257426 0.874749
257638 0.875752
257719 0.876754
257772 0.877756
257778 0.878758
257840 0.879760
257877 0.880762
257952 0.881764
258041 0.882766
258095 0.883768
258155 0.884770
258225 0.885772
258253 0.886774
258256 0.887776
258435 0.888778
258462 0.889780
258569 0.890782
258641 0.891784
258769 0.892786
258895 0.893788
258977 0.894790
259197 0.895792
259220 0.896794
259309 0.897796
259311 0.898798
259761 0.899800
259795 0.900802
259895 0.901804
259905 0.902806
260024 0.903808
260095 0.904810
260162 0.905812
260265 0.906814
260310 0.907816
260354 0.908818
260362 0.909820
260477 0.910822
261005 0.911824
261141 0.912826
261598 0.913828
261701 0.914830
261718 0.915832
261852 0.916834
262038 0.917836
262048 0.918838
262051 0.919840
262191 0.920842
262486 0.921844
262639 0.922846
262709 0.923848
263187 0.924850
263363 0.925852
263484 0.926854
263508 0.927856
263580 0.928858
263945 0.929860
264079 0.930862
264092 0.931864
264224 0.932866
264649 0.933868
264777 0.934870
264785 0.935872
265296 0.936874
265804 0.937876
265876 0.938878
265998 0.939880
266254 0.940882
266410 0.941884
266517 0.942886
266541 0.943888
266580 0.944890
267255 0.945892
267689 0.946894
267948 0.947896
268202 0.948898
268484 0.949900
270078 0.950902
271715 0.951904
272295 0.952906
272545 0.953908
272780 0.954910
272925 0.955912
273845 0.956914
273909 0.957916
274003 0.958918
274163 0.959920
274396 0.960922
275307 0.961924
275385 0.962926
275995 0.963928
276184 0.964930
276640 0.965932
276972 0.966934
278144 0.967936
278781 0.968938
278940 0.969940
281966 0.970942
282232 0.971944
282320 0.972946
282734 0.973948
283665 0.974950
283797 0.975952
284763 0.976954
285064 0.977956
289526 0.978958
290308 0.979960
290563 0.980962
290912 0.981964
291216 0.982966
291843 0.983968
292212 0.984970
293684 0.985972
293973 0.986974
294281 0.987976
294707 0.988978
294926 0.989980
294960 0.990982
295417 0.991984
304766 0.992986
305288 0.993988
305833 0.994990
307582 0.995992
308826 0.996994
309196 0.997996
310988 0.998998
320827 1.000000


100 0.000000
100 0.002004
101 0.004008
102 0.006012
103 0.008016
104 0.013026
105 0.026052
106 0.046092
107 0.070140
108 0.113226
109 0.167335
110 0.231463
111 0.297595
112 0.371743
113 0.417836
114 0.457916
115 0.515030
116 0.565130
117 0.606212
118 0.655311
119 0.696393
120 0.735471
121 0.779559
122 0.803607
123 0.830661
124 0.847695
125 0.867735
126 0.879760
127 0.894790
128 0.900802
129 0.905812
130 0.919840
131 0.924850
132 0.926854
133 0.929860
134 0.937876
135 0.945892
136 0.946894
137 0.955912
138 0.961924
139 0.963928
140 0.967936
141 0.968938
142 0.972946
143 0.974950
144 0.978958
145 0.980962
146 0.983968
147 0.984970
148 0.985972
149 0.988978
150 0.990982
151 0.994990
153 0.995992
154 0.997996
155 0.998998
158 1.000000


