182383 0.000000
182383 0.001000
191152 0.002000
192669 0.003000
193169 0.004000
194848 0.005000
195017 0.006000
195748 0.007000
195788 0.008000
196257 0.009000
196674 0.010000
196717 0.011000
196771 0.012000
196876 0.013000
197009 0.014000
197274 0.015000
197288 0.016000
197321 0.017000
197462 0.018000
197589 0.019000
197642 0.020000
197668 0.021000
197792 0.022000
198466 0.023000
198658 0.024000
198732 0.025000
198875 0.026000
198972 0.027000
198978 0.028000
199079 0.029000
199109 0.030000
199143 0.031000
199240 0.032000
199848 0.033000
200114 0.034000
200513 0.035000
200528 0.036000
200583 0.037000
200902 0.038000
200975 0.039000
201031 0.040000
201287 0.041000
201331 0.042000
201541 0.043000
201779 0.044000
201825 0.045000
201994 0.046000
202092 0.047000
202103 0.048000
202225 0.049000
202368 0.050000
202516 0.051000
202897 0.052000
202973 0.053000
203178 0.054000
203181 0.055000
203333 0.056000
203495 0.057000
203518 0.058000
203723 0.059000
203820 0.060000
203969 0.061000
204203 0.062000
204207 0.063000
204311 0.064000
204350 0.065000
204386 0.066000
204508 0.067000
204551 0.068000
204579 0.069000
204611 0.070000
204672 0.071000
204785 0.072000
204966 0.073000
205309 0.074000
205358 0.075000
205454 0.076000
205526 0.077000
205680 0.078000
205877 0.079000
205934 0.080000
205974 0.081000
205987 0.082000
206190 0.083000
206228 0.084000
206232 0.085000
206284 0.086000
206348 0.087000
206372 0.088000
206373 0.089000
206537 0.090000
206678 0.091000
206735 0.092000
206747 0.093000
206787 0.094000
206963 0.095000
206992 0.096000
206998 0.097000
207039 0.098000
207112 0.099000
207132 0.100000
207221 0.101000
207293 0.102000
207332 0.103000
207436 0.104000
207528 0.105000
207683 0.106000
207699 0.107000
207779 0.108000
207853 0.109000
207884 0.110000
207895 0.111000
208079 0.112000
208143 0.113000
208154 0.114000
208178 0.115000
208212 0.116000
208472 0.117000
208512 0.118000
208539 0.119000
208639 0.120000
208711 0.121000
208859 0.122000
209001 0.123000
209064 0.124000
209247 0.125000
209297 0.126000
209463 0.127000
209546 0.128000
209563 0.129000
209727 0.130000
209834 0.131000
209877 0.132000
209898 0.133000
209956 0.134000
210024 0.135000
210095 0.136000
210380 0.137000
210420 0.138000
210531 0.139000
210654 0.140000
210806 0.141000
210852 0.142000
210861 0.143000
210896 0.144000
211015 0.145000
211022 0.146000
211025 0.147000
211032 0.148000
211038 0.149000
211059 0.150000
211289 0.151000
211394 0.152000
211575 0.153000
211578 0.154000
211718 0.155000
211764 0.156000
211786 0.157000
211814 0.158000
211832 0.159000
211848 0.160000
211989 0.161000
212057 0.162000
212061 0.163000
212088 0.164000
212187 0.165000
212201 0.166000
212213 0.167000
212236 0.168000
212336 0.169000
212437 0.170000
212449 0.171000
212454 0.172000
212532 0.173000
212614 0.174000
212679 0.175000
213121 0.176000
213213 0.177000
213313 0.178000
213345 0.179000
213464 0.180000
213516 0.181000
213763 0.182000
213770 0.183000
213847 0.184000
213877 0.185000
213918 0.186000
213959 0.187000
213960 0.188000
214008 0.189000
214045 0.190000
214122 0.191000
214150 0.192000
214209 0.193000
214248 0.194000
214336 0.195000
214386 0.196000
214387 0.197000
214389 0.198000
214467 0.199000
214524 0.200000
214591 0.201000
214653 0.202000
214722 0.203000
214768 0.204000
214871 0.205000
214886 0.206000
214916 0.207000
214929 0.208000
214943 0.209000
215022 0.210000
215148 0.211000
215162 0.212000
215184 0.213000
215213 0.214000
215218 0.215000
215232 0.217000
215319 0.218000
215377 0.219000
215380 0.220000
215408 0.221000
215435 0.222000
215447 0.223000
215448 0.224000
215463 0.225000
215479 0.226000
215550 0.227000
215605 0.228000
215606 0.229000
215981 0.230000
216079 0.231000
216080 0.232000
216109 0.233000
216186 0.234000
216203 0.235000
216227 0.236000
216247 0.237000
216351 0.238000
216435 0.239000
216463 0.240000
216467 0.241000
216652 0.242000
216709 0.243000
216742 0.244000
216763 0.245000
216785 0.246000
216810 0.247000
216813 0.248000
216858 0.249000
216884 0.250000
216893 0.251000
216912 0.252000
216939 0.253000
216976 0.254000
217014 0.255000
217045 0.256000
217173 0.257000
217239 0.258000
217271 0.259000
217283 0.260000
217284 0.261000
217344 0.262000
217375 0.263000
217404 0.264000
217439 0.265000
217482 0.267000
217548 0.268000
217551 0.269000
217558 0.270000
217644 0.271000
217668 0.272000
217693 0.273000
217703 0.274000
217738 0.275000
217788 0.276000
217798 0.277000
217832 0.278000
217935 0.279000
218001 0.280000
218002 0.281000
218071 0.282000
218091 0.283000
218100 0.284000
218151 0.285000
218237 0.286000
218300 0.287000
218313 0.288000
218316 0.289000
218342 0.290000
218348 0.291000
218362 0.292000
218370 0.293000
218466 0.295000
218538 0.296000
218557 0.297000
218572 0.298000
218587 0.299000
218633 0.300000
218666 0.301000
218696 0.302000
218713 0.303000
218767 0.304000
218798 0.305000
218949 0.306000
218965 0.307000
219022 0.308000
219023 0.309000
219071 0.310000
219104 0.311000
219188 0.312000
219237 0.313000
219247 0.314000
219293 0.315000
219570 0.316000
219673 0.317000
219757 0.318000
219763 0.319000
219823 0.320000
219853 0.321000
219869 0.322000
219969 0.323000
219989 0.324000
220019 0.325000
220071 0.326000
220089 0.327000
220093 0.328000
220094 0.329000
220112 0.330000
220116 0.331000
220152 0.332000
220167 0.333000
220216 0.334000
220225 0.335000
220236 0.336000
220261 0.337000
220364 0.338000
220406 0.339000
220541 0.340000
220651 0.341000
220663 0.342000
220673 0.343000
220686 0.344000
220735 0.345000
220792 0.346000
220805 0.347000
220972 0.348000
220986 0.349000
221043 0.350000
221096 0.351000
221103 0.352000
221124 0.353000
221214 0.354000
221227 0.355000
221273 0.356000
221288 0.357000
221307 0.358000
221320 0.359000
221440 0.360000
221452 0.361000
221460 0.362000
221464 0.363000
221466 0.364000
221481 0.365000
221518 0.366000
221558 0.368000
221566 0.369000
221617 0.370000
221620 0.371000
221653 0.372000
221687 0.373000
221720 0.374000
221731 0.375000
221746 0.376000
221763 0.377000
221946 0.378000
222017 0.379000
222026 0.380000
222042 0.381000
222051 0.382000
222147 0.383000
222161 0.384000
222194 0.385000
222208 0.386000
222258 0.387000
222270 0.388000
222303 0.389000
222331 0.390000
222368 0.391000
222369 0.392000
222380 0.393000
222466 0.394000
222476 0.395000
222491 0.396000
222495 0.397000
222542 0.398000
222573 0.399000
222595 0.400000
222630 0.401000
222656 0.402000
222670 0.403000
222934 0.404000
222971 0.405000
223030 0.406000
223073 0.407000
223191 0.408000
223214 0.409000
223226 0.410000
223252 0.411000
223253 0.412000
223279 0.413000
223288 0.414000
223392 0.415000
223490 0.416000
223500 0.417000
223514 0.418000
223551 0.419000
223668 0.420000
223721 0.421000
223739 0.422000
223769 0.423000
223770 0.424000
223790 0.425000
223801 0.426000
223806 0.427000
223827 0.428000
223828 0.429000
223857 0.430000
223901 0.431000
223976 0.432000
224043 0.433000
224096 0.434000
224107 0.435000
224124 0.437000
224136 0.438000
224146 0.439000
224214 0.440000
224369 0.441000
224372 0.442000
224419 0.443000
224425 0.444000
224437 0.445000
224441 0.446000
224450 0.447000
224463 0.448000
224499 0.450000
224536 0.451000
224541 0.452000
224584 0.453000
224615 0.454000
224670 0.455000
224701 0.456000
224740 0.457000
224751 0.458000
224762 0.459000
224943 0.460000
224997 0.461000
225012 0.462000
225035 0.463000
225067 0.464000
225084 0.465000
225098 0.466000
225104 0.467000
225198 0.468000
225199 0.469000
225204 0.470000
225221 0.471000
225222 0.472000
225227 0.473000
225266 0.474000
225292 0.475000
225294 0.476000
225297 0.477000
225309 0.478000
225319 0.479000
225330 0.480000
225372 0.481000
225373 0.482000
225457 0.483000
225489 0.484000
225521 0.485000
225522 0.486000
225546 0.487000
225564 0.488000
225677 0.489000
225748 0.490000
225799 0.491000
225932 0.492000
225945 0.493000
225950 0.494000
225971 0.495000
226011 0.496000
226103 0.497000
226134 0.498000
226147 0.499000
226158 0.500000
226170 0.501000
226172 0.502000
226236 0.503000
226318 0.504000
226394 0.505000
226399 0.506000
226442 0.507000
226462 0.508000
226465 0.509000
226468 0.510000
226494 0.511000
226534 0.512000
226544 0.513000
226557 0.514000
226568 0.515000
226586 0.516000
226674 0.517000
226690 0.518000
226719 0.519000
226736 0.520000
226789 0.521000
226916 0.522000
226952 0.523000
227088 0.524000
227105 0.525000
227149 0.526000
227158 0.527000
227180 0.528000
227250 0.529000
227361 0.530000
227375 0.531000
227390 0.532000
227686 0.533000
227732 0.534000
227969 0.535000
227980 0.536000
228022 0.537000
228108 0.538000
228139 0.539000
228152 0.540000
228234 0.541000
228277 0.542000
228399 0.543000
228409 0.544000
228441 0.545000
228458 0.546000
228545 0.547000
228554 0.548000
228585 0.549000
228639 0.550000
228640 0.551000
228683 0.552000
228820 0.553000
228882 0.554000
228918 0.555000
228957 0.556000
228973 0.557000
229007 0.558000
229052 0.559000
229061 0.560000
229094 0.561000
229096 0.562000
229126 0.563000
229147 0.564000
229207 0.565000
229271 0.566000
229328 0.567000
229367 0.568000
229394 0.569000
229432 0.570000
229523 0.571000
229541 0.572000
229564 0.573000
229574 0.574000
229579 0.575000
229580 0.576000
229629 0.577000
229705 0.578000
229738 0.579000
229744 0.580000
229753 0.581000
229765 0.582000
229785 0.583000
229793 0.584000
229833 0.585000
229837 0.586000
229841 0.587000
229864 0.588000
229936 0.589000
229983 0.590000
230069 0.591000
230094 0.592000
230109 0.593000
230141 0.594000
230182 0.595000
230244 0.596000
230302 0.597000
230320 0.598000
230344 0.599000
230400 0.600000
230414 0.601000
230521 0.602000
230535 0.603000
230671 0.604000
230677 0.605000
230709 0.606000
230761 0.607000
230774 0.608000
230806 0.609000
230843 0.610000
230846 0.611000
230938 0.612000
231110 0.613000
231160 0.614000
231334 0.615000
231525 0.616000
231553 0.617000
231593 0.618000
231608 0.619000
231659 0.620000
231664 0.621000
231681 0.622000
231764 0.623000
231796 0.624000
231928 0.625000
232023 0.626000
232082 0.627000
232104 0.628000
232105 0.629000
232183 0.630000
232277 0.631000
232293 0.632000
232307 0.633000
232336 0.634000
232346 0.635000
232394 0.637000
232486 0.638000
232524 0.639000
232562 0.640000
232653 0.641000
232753 0.642000
232772 0.643000
232798 0.644000
232891 0.645000
232895 0.646000
232921 0.647000
232939 0.648000
233050 0.649000
233061 0.650000
233068 0.651000
233076 0.652000
233105 0.653000
233117 0.654000
233130 0.655000
233305 0.656000
233385 0.657000
233432 0.658000
233450 0.659000
233483 0.660000
233534 0.661000
233535 0.662000
233583 0.663000
233610 0.664000
233645 0.665000
233710 0.666000
233720 0.667000
233744 0.668000
233770 0.669000
233774 0.670000
233782 0.671000
233783 0.672000
233822 0.673000
233967 0.674000
234205 0.675000
234327 0.676000
234350 0.677000
234415 0.678000
234553 0.679000
234594 0.680000
234697 0.681000
234700 0.682000
234784 0.683000
234793 0.684000
234948 0.685000
235030 0.686000
235300 0.687000
235330 0.688000
235342 0.689000
235449 0.690000
235578 0.691000
235591 0.692000
235596 0.693000
235615 0.694000
235629 0.695000
235700 0.696000
235726 0.697000
235764 0.698000
235843 0.699000
235867 0.700000
235877 0.701000
235966 0.702000
235971 0.703000
235993 0.704000
236065 0.705000
236160 0.706000
236195 0.707000
236263 0.708000
236275 0.709000
236290 0.710000
236591 0.711000
236593 0.712000
236665 0.713000
236692 0.714000
236833 0.715000
236845 0.716000
236893 0.717000
237138 0.718000
237317 0.719000
237363 0.720000
237383 0.721000
237386 0.722000
237424 0.723000
237431 0.724000
237459 0.725000
237652 0.726000
237695 0.727000
237776 0.728000
237816 0.729000
237870 0.730000
238009 0.731000
238218 0.732000
238411 0.733000
238507 0.734000
238551 0.735000
238562 0.736000
238582 0.737000
238616 0.738000
238652 0.739000
238654 0.740000
238723 0.741000
238727 0.742000
238744 0.743000
238759 0.744000
238793 0.745000
238931 0.746000
239053 0.747000
239083 0.748000
239101 0.749000
239280 0.750000
239401 0.751000
239424 0.752000
239463 0.753000
239582 0.754000
239583 0.755000
239595 0.756000
239711 0.757000
239751 0.758000
239769 0.759000
239781 0.760000
239848 0.761000
239889 0.762000
239895 0.763000
239931 0.764000
239961 0.765000
239971 0.766000
240018 0.767000
240070 0.768000
240141 0.769000
240246 0.770000
240365 0.771000
240390 0.772000
240406 0.773000
240816 0.774000
240848 0.775000
240866 0.776000
240867 0.777000
240910 0.778000
240986 0.779000
241047 0.780000
241235 0.781000
241236 0.782000
241390 0.783000
241464 0.784000
241589 0.785000
241704 0.786000
241732 0.787000
241738 0.788000
241797 0.789000
241823 0.790000
241886 0.791000
241891 0.792000
241956 0.793000
242015 0.794000
242060 0.795000
242129 0.796000
242230 0.797000
242256 0.798000
242297 0.799000
242351 0.800000
242410 0.801000
242426 0.802000
242457 0.803000
242461 0.804000
242516 0.805000
242608 0.806000
242683 0.807000
242768 0.808000
242837 0.809000
242885 0.810000
242973 0.811000
243011 0.812000
243024 0.813000
243256 0.814000
243280 0.815000
243432 0.816000
243451 0.817000
243460 0.818000
243655 0.819000
243812 0.820000
243829 0.821000
243845 0.822000
243883 0.823000
243942 0.824000
243951 0.825000
243974 0.826000
244033 0.827000
244282 0.828000
244400 0.829000
244455 0.830000
244715 0.831000
244916 0.832000
245021 0.833000
245024 0.834000
245072 0.835000
245073 0.836000
245133 0.837000
245165 0.838000
245361 0.839000
245407 0.840000
245427 0.841000
245435 0.842000
245446 0.843000
245478 0.844000
245529 0.845000
245535 0.846000
245595 0.847000
245775 0.848000
245860 0.849000
246067 0.850000
246213 0.851000
246331 0.852000
246372 0.853000
246460 0.854000
246523 0.855000
246626 0.856000
246631 0.857000
246662 0.858000
246778 0.859000
246855 0.860000
246931 0.861000
247012 0.862000
247049 0.863000
247164 0.864000
247273 0.865000
247278 0.866000
247362 0.867000
247436 0.868000
247442 0.869000
247456 0.870000
247523 0.871000
247536 0.872000
247602 0.873000
247621 0.874000
247641 0.875000
247654 0.876000
247768 0.877000
248144 0.878000
248425 0.879000
248457 0.880000
248468 0.881000
248469 0.882000
248531 0.883000
248739 0.884000
248756 0.885000
248802 0.886000
249025 0.887000
249114 0.888000
249340 0.889000
249411 0.890000
249814 0.891000
249962 0.892000
250075 0.893000
250289 0.894000
250302 0.895000
250431 0.896000
250565 0.897000
250573 0.898000
250670 0.899000
250692 0.900000
250809 0.901000
250925 0.902000
251016 0.903000
251051 0.904000
251081 0.905000
251091 0.906000
251120 0.907000
251220 0.908000
251330 0.909000
251501 0.910000
251816 0.911000
252271 0.912000
252542 0.913000
252582 0.914000
252871 0.915000
252936 0.916000
253087 0.917000
253164 0.918000
253315 0.919000
253387 0.920000
253479 0.921000
253639 0.922000
253652 0.923000
253754 0.924000
253799 0.925000
253804 0.926000
253839 0.927000
253870 0.928000
253994 0.929000
254226 0.930000
254306 0.931000
254345 0.932000
254572 0.933000
254579 0.934000
255051 0.935000
255355 0.936000
255444 0.937000
255463 0.938000
255542 0.939000
255859 0.940000
255918 0.941000
256056 0.942000
256305 0.943000
256427 0.944000
256672 0.945000
256709 0.946000
256902 0.947000
256940 0.948000
256967 0.949000
257563 0.950000
257708 0.951000
257716 0.952000
257916 0.953000
257954 0.954000
258123 0.955000
259383 0.956000
259535 0.957000
259587 0.958000
259880 0.959000
260161 0.960000
260484 0.961000
260523 0.962000
260658 0.963000
260807 0.964000
261083 0.965000
261833 0.966000
261902 0.967000
262415 0.968000
263126 0.969000
263154 0.970000
263191 0.971000
263382 0.972000
264400 0.973000
264493 0.974000
265390 0.975000
265489 0.976000
265611 0.977000
265903 0.978000
266248 0.979000
266589 0.980000
266839 0.981000
267010 0.982000
267914 0.983000
268402 0.984000
269200 0.985000
271555 0.986000
271564 0.987000
271689 0.988000
271698 0.989000
273109 0.990000
273210 0.991000
273334 0.992000
273360 0.993000
273414 0.994000
273673 0.995000
275094 0.996000
278442 0.997000
285872 0.998000
291918 0.999000
293644 1.000000


