226257 0.000000
226257 0.001000
227896 0.002000
228877 0.003000
229074 0.004000
229104 0.005000
229205 0.006000
229358 0.007000
230234 0.008000
230987 0.009000
231017 0.010000
232907 0.011000
233106 0.012000
233173 0.013000
233363 0.014000
233393 0.015000
233886 0.016000
235074 0.017000
235380 0.018000
235581 0.019000
235586 0.020000
235646 0.021000
235693 0.022000
235843 0.023000
235896 0.024000
235905 0.025000
236071 0.026000
236283 0.027000
236339 0.028000
236449 0.029000
236456 0.030000
236465 0.031000
236500 0.032000
236530 0.033000
236643 0.034000
236707 0.035000
236754 0.036000
236854 0.037000
236878 0.038000
236914 0.039000
236944 0.040000
236956 0.041000
236983 0.042000
237014 0.043000
237032 0.044000
237060 0.045000
237169 0.046000
237255 0.047000
237340 0.048000
237345 0.049000
237413 0.050000
237425 0.051000
237450 0.052000
237611 0.053000
237640 0.054000
237710 0.055000
237736 0.056000
237802 0.057000
237814 0.058000
237827 0.059000
237867 0.060000
237878 0.061000
237951 0.062000
237972 0.063000
238091 0.064000
238098 0.065000
238188 0.066000
238200 0.068000
238214 0.069000
238232 0.070000
238233 0.071000
238248 0.072000
238289 0.073000
238301 0.074000
238310 0.075000
238318 0.076000
238332 0.077000
238337 0.078000
238342 0.079000
238357 0.080000
238404 0.081000
238432 0.082000
238458 0.083000
238490 0.084000
238498 0.085000
238505 0.086000
238510 0.087000
238540 0.088000
238551 0.089000
238607 0.090000
238626 0.091000
238706 0.092000
238715 0.093000
238758 0.094000
238776 0.095000
238932 0.096000
239002 0.097000
239021 0.098000
239030 0.099000
239053 0.100000
239058 0.101000
239135 0.102000
239281 0.103000
239509 0.104000
239577 0.105000
239625 0.106000
239641 0.107000
239675 0.108000
239697 0.109000
239718 0.110000
239773 0.111000
239784 0.112000
239792 0.113000
239797 0.114000
239812 0.115000
239826 0.116000
239850 0.117000
239873 0.118000
239890 0.119000
239906 0.120000
239925 0.121000
239930 0.122000
240056 0.123000
240061 0.124000
240078 0.125000
240126 0.126000
240140 0.127000
240156 0.128000
240184 0.129000
240186 0.130000
240204 0.131000
240205 0.132000
240247 0.134000
240281 0.135000
240305 0.136000
240382 0.137000
240445 0.138000
240554 0.139000
240601 0.140000
240651 0.141000
240671 0.142000
240700 0.143000
240734 0.144000
240777 0.145000
240794 0.146000
240865 0.147000
240878 0.148000
240936 0.149000
240973 0.150000
240978 0.151000
240996 0.152000
241001 0.153000
241159 0.154000
241162 0.155000
241222 0.156000
241261 0.157000
241302 0.158000
241310 0.159000
241322 0.160000
241331 0.161000
241333 0.162000
241358 0.163000
241396 0.164000
241418 0.165000
241423 0.166000
241436 0.167000
241452 0.168000
241468 0.169000
241471 0.170000
241477 0.171000
241488 0.172000
241490 0.173000
241492 0.174000
241496 0.175000
241501 0.176000
241539 0.177000
241547 0.179000
241567 0.180000
241583 0.181000
241587 0.182000
241604 0.183000
241643 0.185000
241672 0.186000
241673 0.187000
241685 0.188000
241694 0.189000
241696 0.190000
241722 0.191000
241726 0.192000
241731 0.193000
241742 0.194000
241748 0.195000
241752 0.196000
241757 0.198000
241759 0.199000
241761 0.200000
241765 0.201000
241771 0.202000
241773 0.203000
241780 0.204000
241781 0.205000
241787 0.206000
241795 0.207000
241800 0.208000
241809 0.209000
241811 0.210000
241813 0.211000
241815 0.212000
241821 0.213000
241824 0.214000
241825 0.215000
241827 0.216000
241830 0.217000
241832 0.218000
241839 0.219000
241842 0.220000
241845 0.221000
241849 0.224000
241850 0.226000
241853 0.227000
241855 0.228000
241857 0.229000
241860 0.230000
241861 0.231000
241863 0.232000
241864 0.233000
241867 0.235000
241870 0.236000
241874 0.237000
241878 0.238000
241879 0.239000
241885 0.240000
241886 0.241000
241895 0.242000
241897 0.243000
241898 0.244000
241903 0.246000
241905 0.247000
241906 0.248000
241907 0.249000
241908 0.250000
241909 0.252000
241913 0.254000
241916 0.255000
241922 0.256000
241923 0.257000
241925 0.258000
241927 0.259000
241929 0.260000
241930 0.261000
241931 0.262000
241939 0.263000
241947 0.264000
241948 0.265000
241950 0.267000
241954 0.268000
241956 0.270000
241960 0.272000
241962 0.273000
241963 0.274000
241969 0.275000
241970 0.276000
241975 0.277000
241976 0.278000
241978 0.279000
241979 0.281000
241980 0.282000
241987 0.283000
241990 0.284000
241992 0.285000
241993 0.286000
241996 0.287000
241997 0.288000
242005 0.289000
242007 0.290000
242010 0.292000
242013 0.293000
242015 0.294000
242021 0.295000
242022 0.296000
242028 0.297000
242029 0.298000
242030 0.299000
242032 0.300000
242038 0.301000
242042 0.302000
242046 0.303000
242047 0.304000
242052 0.305000
242053 0.307000
242055 0.308000
242056 0.309000
242058 0.311000
242060 0.312000
242061 0.313000
242063 0.315000
242064 0.316000
242065 0.317000
242067 0.318000
242074 0.319000
242075 0.320000
242078 0.321000
242081 0.322000
242084 0.324000
242085 0.325000
242095 0.326000
242096 0.327000
242101 0.329000
242102 0.330000
242104 0.331000
242107 0.332000
242108 0.333000
242109 0.334000
242110 0.335000
242112 0.336000
242114 0.337000
242116 0.338000
242118 0.339000
242119 0.340000
242123 0.341000
242126 0.342000
242129 0.343000
242132 0.344000
242135 0.345000
242141 0.346000
242148 0.347000
242158 0.348000
242161 0.349000
242162 0.351000
242164 0.352000
242168 0.353000
242169 0.355000
242171 0.357000
242174 0.358000
242175 0.359000
242177 0.360000
242179 0.361000
242186 0.362000
242188 0.363000
242192 0.364000
242193 0.365000
242194 0.366000
242195 0.367000
242196 0.368000
242201 0.369000
242202 0.370000
242205 0.371000
242208 0.372000
242209 0.373000
242213 0.374000
242218 0.377000
242222 0.380000
242225 0.381000
242227 0.382000
242229 0.383000
242233 0.385000
242237 0.386000
242239 0.387000
242245 0.388000
242248 0.389000
242251 0.391000
242252 0.392000
242260 0.393000
242263 0.394000
242265 0.395000
242267 0.396000
242278 0.398000
242279 0.399000
242283 0.400000
242284 0.401000
242285 0.402000
242288 0.403000
242289 0.405000
242290 0.406000
242300 0.407000
242303 0.409000
242306 0.410000
242308 0.412000
242313 0.413000
242315 0.414000
242316 0.416000
242317 0.417000
242328 0.418000
242331 0.419000
242338 0.420000
242342 0.421000
242348 0.422000
242349 0.424000
242353 0.427000
242356 0.429000
242358 0.430000
242360 0.431000
242361 0.432000
242363 0.433000
242369 0.434000
242370 0.436000
242371 0.437000
242372 0.439000
242375 0.440000
242382 0.442000
242386 0.444000
242389 0.445000
242390 0.446000
242393 0.447000
242402 0.448000
242408 0.449000
242411 0.450000
242413 0.451000
242414 0.453000
242415 0.454000
242416 0.455000
242420 0.456000
242427 0.458000
242433 0.459000
242441 0.460000
242442 0.461000
242446 0.462000
242451 0.463000
242456 0.464000
242457 0.465000
242460 0.466000
242467 0.467000
242469 0.468000
242478 0.469000
242481 0.470000
242485 0.471000
242490 0.472000
242491 0.473000
242494 0.474000
242496 0.475000
242500 0.476000
242504 0.477000
242515 0.478000
242516 0.479000
242531 0.480000
242534 0.482000
242543 0.483000
242544 0.484000
242549 0.485000
242559 0.486000
242565 0.487000
242570 0.488000
242580 0.489000
242583 0.490000
242589 0.491000
242590 0.492000
242595 0.493000
242596 0.494000
242601 0.495000
242603 0.497000
242606 0.498000
242619 0.499000
242624 0.500000
242630 0.501000
242634 0.502000
242636 0.503000
242641 0.504000
242642 0.505000
242653 0.506000
242656 0.507000
242661 0.508000
242665 0.509000
242675 0.510000
242676 0.511000
242684 0.512000
242686 0.513000
242697 0.514000
242706 0.516000
242709 0.517000
242710 0.518000
242722 0.519000
242729 0.520000
242735 0.521000
242751 0.522000
242753 0.523000
242755 0.524000
242766 0.525000
242772 0.526000
242786 0.527000
242794 0.528000
242799 0.529000
242803 0.530000
242804 0.531000
242816 0.532000
242830 0.533000
242852 0.534000
242894 0.535000
242898 0.536000
242914 0.537000
242925 0.538000
242961 0.539000
242968 0.540000
242973 0.541000
242982 0.542000
242992 0.543000
242996 0.544000
243012 0.545000
243016 0.546000
243030 0.547000
243033 0.548000
243036 0.549000
243039 0.550000
243051 0.551000
243070 0.552000
243073 0.553000
243079 0.554000
243080 0.555000
243088 0.556000
243100 0.557000
243102 0.558000
243107 0.559000
243109 0.560000
243113 0.561000
243115 0.562000
243136 0.563000
243150 0.564000
243153 0.565000
243158 0.566000
243160 0.567000
243205 0.568000
243216 0.569000
243228 0.570000
243237 0.571000
243240 0.572000
243252 0.573000
243257 0.574000
243261 0.575000
243269 0.576000
243282 0.577000
243286 0.578000
243295 0.579000
243312 0.580000
243314 0.582000
243330 0.583000
243347 0.584000
243351 0.585000
243352 0.586000
243359 0.588000
243377 0.589000
243391 0.590000
243394 0.591000
243400 0.593000
243403 0.594000
243409 0.595000
243418 0.596000
243433 0.597000
243440 0.598000
243449 0.599000
243450 0.600000
243454 0.601000
243455 0.602000
243479 0.603000
243481 0.604000
243499 0.605000
243514 0.606000
243537 0.607000
243542 0.608000
243545 0.609000
243567 0.610000
243573 0.611000
243588 0.612000
243618 0.613000
243628 0.614000
243633 0.615000
243634 0.616000
243649 0.617000
243653 0.618000
243660 0.619000
243661 0.620000
243664 0.621000
243683 0.622000
243697 0.623000
243706 0.624000
243708 0.625000
243726 0.626000
243735 0.627000
243748 0.628000
243765 0.629000
243770 0.630000
243778 0.631000
243812 0.632000
243815 0.634000
243838 0.635000
243843 0.636000
243845 0.637000
243869 0.638000
243870 0.639000
243883 0.640000
243885 0.641000
243900 0.642000
243902 0.643000
243907 0.644000
243912 0.645000
243924 0.646000
243934 0.647000
243937 0.648000
243965 0.649000
243966 0.650000
243974 0.651000
243989 0.652000
244019 0.653000
244023 0.654000
244026 0.655000
244058 0.656000
244064 0.657000
244081 0.658000
244087 0.659000
244109 0.660000
244110 0.661000
244119 0.663000
244135 0.664000
244159 0.665000
244162 0.666000
244167 0.667000
244179 0.668000
244203 0.669000
244265 0.670000
244281 0.671000
244283 0.672000
244302 0.673000
244308 0.674000
244348 0.675000
244359 0.676000
244400 0.677000
244425 0.678000
244444 0.679000
244479 0.680000
244514 0.681000
244714 0.682000
244726 0.683000
244734 0.684000
244780 0.685000
244977 0.686000
244999 0.687000
245069 0.688000
245072 0.689000
245141 0.690000
245157 0.691000
245286 0.692000
245327 0.693000
245363 0.694000
245399 0.695000
245446 0.696000
245461 0.697000
245492 0.698000
245493 0.699000
245511 0.700000
245516 0.701000
245533 0.702000
245552 0.703000
245573 0.704000
245588 0.705000
245607 0.706000
245625 0.707000
245635 0.708000
245646 0.709000
245652 0.710000
245659 0.711000
245666 0.712000
245669 0.713000
245691 0.714000
245694 0.715000
245696 0.716000
245702 0.717000
245722 0.718000
245729 0.719000
245739 0.720000
245740 0.721000
245773 0.722000
245775 0.723000
245776 0.724000
245785 0.725000
245788 0.726000
245792 0.727000
245812 0.728000
245813 0.729000
245814 0.730000
245816 0.731000
245818 0.732000
245833 0.733000
245840 0.734000
245841 0.735000
245853 0.736000
245856 0.737000
245859 0.738000
245860 0.739000
245861 0.740000
245864 0.741000
245868 0.742000
245873 0.743000
245885 0.744000
245895 0.745000
245896 0.746000
245904 0.747000
245916 0.748000
245919 0.749000
245921 0.750000
245922 0.752000
245937 0.753000
245940 0.754000
245942 0.755000
245943 0.756000
245947 0.757000
245948 0.758000
245958 0.760000
245967 0.761000
245972 0.762000
245994 0.763000
245996 0.764000
245998 0.765000
246002 0.766000
246008 0.767000
246016 0.768000
246017 0.769000
246031 0.770000
246034 0.771000
246036 0.773000
246049 0.774000
246056 0.775000
246059 0.776000
246060 0.777000
246061 0.778000
246066 0.779000
246089 0.780000
246093 0.781000
246094 0.782000
246100 0.783000
246106 0.785000
246107 0.786000
246109 0.787000
246111 0.789000
246113 0.790000
246127 0.791000
246137 0.792000
246138 0.793000
246140 0.794000
246143 0.795000
246144 0.797000
246150 0.798000
246151 0.799000
246152 0.800000
246155 0.801000
246157 0.802000
246167 0.803000
246184 0.804000
246192 0.805000
246213 0.806000
246218 0.807000
246228 0.808000
246229 0.809000
246233 0.810000
246237 0.812000
246238 0.813000
246243 0.814000
246247 0.815000
246249 0.816000
246265 0.817000
246274 0.818000
246285 0.819000
246297 0.820000
246298 0.821000
246299 0.822000
246304 0.823000
246307 0.824000
246309 0.825000
246312 0.826000
246320 0.827000
246326 0.828000
246328 0.829000
246330 0.831000
246331 0.832000
246339 0.833000
246345 0.834000
246353 0.835000
246366 0.836000
246375 0.837000
246377 0.838000
246382 0.839000
246388 0.840000
246404 0.841000
246416 0.842000
246420 0.843000
246434 0.844000
246437 0.845000
246444 0.846000
246449 0.847000
246457 0.848000
246461 0.849000
246463 0.850000
246477 0.851000
246493 0.852000
246494 0.853000
246506 0.854000
246528 0.855000
246539 0.856000
246556 0.857000
246562 0.858000
246581 0.859000
246645 0.860000
246660 0.861000
246674 0.862000
246687 0.863000
246713 0.864000
246727 0.865000
246777 0.866000
246812 0.867000
246827 0.868000
246829 0.869000
246833 0.870000
246854 0.871000
246858 0.872000
246907 0.873000
246914 0.874000
246930 0.875000
246937 0.876000
246974 0.877000
246998 0.878000
247006 0.879000
247022 0.880000
247033 0.881000
247096 0.882000
247100 0.883000
247101 0.885000
247151 0.886000
247165 0.887000
247183 0.888000
247200 0.889000
247207 0.890000
247261 0.891000
247285 0.892000
247387 0.893000
247390 0.894000
247409 0.895000
247410 0.896000
247437 0.897000
247440 0.898000
247449 0.899000
247467 0.900000
247625 0.901000
247659 0.902000
247719 0.903000
247722 0.904000
247773 0.905000
247829 0.906000
247850 0.907000
247970 0.908000
248018 0.909000
248034 0.910000
248040 0.911000
248053 0.912000
248067 0.913000
248086 0.914000
248147 0.915000
248167 0.917000
248180 0.918000
248181 0.919000
248203 0.920000
248228 0.921000
248233 0.922000
248284 0.923000
248285 0.924000
248311 0.925000
248342 0.926000
248394 0.927000
248412 0.928000
248426 0.929000
248492 0.930000
248628 0.931000
248729 0.932000
248900 0.933000
249207 0.934000
249434 0.935000
249531 0.936000
249550 0.937000
249690 0.938000
249691 0.939000
249692 0.940000
249727 0.941000
249732 0.942000
249757 0.943000
249804 0.944000
249826 0.945000
249851 0.946000
249852 0.947000
249860 0.948000
249883 0.949000
249885 0.950000
249901 0.951000
249915 0.952000
249920 0.953000
249922 0.954000
249974 0.955000
249978 0.956000
249996 0.957000
250043 0.958000
250168 0.959000
250195 0.960000
250235 0.961000
250244 0.962000
250269 0.963000
250289 0.964000
250319 0.965000
250339 0.966000
250470 0.967000
250494 0.968000
250505 0.969000
250591 0.970000
250677 0.971000
250679 0.972000
250688 0.973000
250766 0.974000
250821 0.975000
250941 0.976000
250951 0.977000
251155 0.978000
251209 0.979000
251390 0.980000
251415 0.981000
251456 0.982000
251468 0.983000
251626 0.984000
251693 0.985000
251782 0.986000
251787 0.987000
251894 0.988000
252069 0.989000
253291 0.990000
253620 0.991000
253830 0.992000
254050 0.993000
254068 0.994000
254218 0.995000
254467 0.996000
254531 0.997000
254655 0.998000
255096 0.999000
256450 1.000000


