186025 0.000000
186025 0.001000
192387 0.002000
193192 0.003000
193683 0.004000
195190 0.005000
195339 0.006000
195839 0.007000
196016 0.008000
196878 0.009000
197039 0.010000
197261 0.011000
197345 0.012000
197984 0.013000
198872 0.014000
199140 0.015000
199164 0.016000
199630 0.017000
199714 0.018000
199895 0.019000
199995 0.020000
200017 0.021000
200228 0.022000
200706 0.023000
201827 0.024000
201836 0.025000
201979 0.026000
202902 0.027000
202944 0.028000
203592 0.029000
203725 0.030000
203745 0.031000
203801 0.032000
204041 0.033000
204289 0.034000
204624 0.035000
204905 0.036000
204932 0.037000
205361 0.038000
205476 0.039000
205548 0.040000
205578 0.041000
205733 0.042000
205806 0.043000
205897 0.044000
205953 0.045000
206320 0.046000
206410 0.047000
206650 0.048000
206734 0.049000
206795 0.050000
206919 0.051000
207127 0.052000
207152 0.053000
207162 0.054000
207174 0.055000
207588 0.056000
207804 0.057000
207844 0.058000
207947 0.059000
208355 0.060000
208396 0.061000
208435 0.062000
208581 0.063000
208727 0.064000
209048 0.065000
209327 0.066000
209601 0.067000
209745 0.068000
209769 0.069000
209882 0.070000
209933 0.071000
209968 0.072000
210092 0.073000
210189 0.074000
210287 0.075000
210409 0.076000
210654 0.077000
210948 0.078000
210976 0.079000
211059 0.080000
211197 0.081000
211215 0.082000
211448 0.083000
211620 0.084000
211709 0.085000
212166 0.086000
212181 0.087000
212190 0.088000
212209 0.089000
212235 0.090000
212238 0.091000
212313 0.092000
212337 0.093000
212434 0.094000
212596 0.095000
212670 0.096000
212686 0.097000
212987 0.098000
213049 0.099000
213051 0.100000
213056 0.101000
213145 0.102000
213188 0.103000
213235 0.104000
213284 0.105000
213398 0.106000
213406 0.107000
213521 0.108000
213562 0.109000
213635 0.110000
213918 0.111000
214050 0.112000
214099 0.113000
214161 0.114000
214174 0.115000
214203 0.116000
214224 0.117000
214301 0.118000
214328 0.119000
214553 0.120000
214685 0.121000
214814 0.122000
215074 0.123000
215143 0.124000
215315 0.125000
215487 0.126000
215533 0.127000
215593 0.128000
215625 0.129000
215642 0.130000
215693 0.131000
215772 0.132000
215832 0.133000
215858 0.134000
216007 0.135000
216062 0.136000
216145 0.137000
216395 0.138000
216430 0.139000
216505 0.140000
216536 0.141000
216566 0.142000
216593 0.143000
216595 0.144000
216644 0.145000
216670 0.146000
216691 0.148000
216693 0.149000
216723 0.150000
216849 0.151000
216946 0.152000
216967 0.153000
216998 0.154000
217069 0.155000
217108 0.156000
217117 0.157000
217131 0.158000
217144 0.159000
217246 0.160000
217277 0.161000
217406 0.162000
217471 0.163000
217524 0.164000
217698 0.165000
217734 0.166000
217736 0.167000
217753 0.168000
217838 0.169000
217844 0.170000
217882 0.171000
218048 0.172000
218055 0.173000
218063 0.174000
218176 0.175000
218199 0.176000
218202 0.177000
218435 0.178000
218480 0.179000
218568 0.180000
218806 0.181000
218815 0.182000
218825 0.183000
218877 0.184000
218964 0.185000
219031 0.186000
219052 0.187000
219134 0.188000
219192 0.189000
219201 0.190000
219212 0.191000
219525 0.192000
219613 0.193000
219625 0.194000
219643 0.195000
219683 0.196000
219742 0.197000
219829 0.198000
219873 0.199000
219889 0.200000
219925 0.201000
219972 0.202000
219977 0.203000
219992 0.204000
219993 0.205000
220001 0.206000
220013 0.207000
220104 0.208000
220145 0.209000
220189 0.210000
220234 0.211000
220296 0.212000
220300 0.213000
220314 0.214000
220352 0.215000
220490 0.216000
220574 0.217000
220623 0.218000
220625 0.219000
220638 0.220000
220674 0.221000
220695 0.222000
220797 0.223000
220882 0.224000
220954 0.225000
221012 0.226000
221062 0.227000
221099 0.228000
221205 0.229000
221214 0.230000
221264 0.231000
221291 0.232000
221361 0.233000
221395 0.234000
221452 0.235000
221494 0.236000
221497 0.237000
221574 0.238000
221579 0.239000
221625 0.240000
221655 0.241000
221675 0.242000
221692 0.243000
221735 0.244000
221744 0.245000
221865 0.246000
221907 0.247000
221922 0.248000
222047 0.249000
222069 0.250000
222078 0.251000
222122 0.252000
222146 0.253000
222236 0.254000
222292 0.255000
222363 0.256000
222444 0.257000
222632 0.258000
222778 0.259000
222819 0.260000
222848 0.261000
222863 0.262000
222900 0.263000
222911 0.264000
222957 0.265000
222978 0.266000
223004 0.267000
223066 0.268000
223252 0.269000
223259 0.270000
223270 0.271000
223281 0.272000
223285 0.273000
223297 0.274000
223298 0.275000
223310 0.276000
223329 0.277000
223360 0.278000
223423 0.279000
223437 0.280000
223508 0.281000
223532 0.282000
223567 0.283000
223607 0.284000
223662 0.285000
223678 0.286000
223687 0.287000
223718 0.288000
223775 0.289000
223842 0.290000
223854 0.291000
223861 0.292000
223915 0.293000
223926 0.294000
224063 0.295000
224108 0.296000
224133 0.297000
224136 0.298000
224148 0.299000
224156 0.300000
224185 0.301000
224197 0.302000
224259 0.303000
224278 0.304000
224293 0.305000
224299 0.306000
224335 0.308000
224367 0.309000
224368 0.310000
224536 0.311000
224594 0.312000
224659 0.313000
224719 0.314000
224739 0.315000
224757 0.316000
224811 0.317000
224845 0.318000
224875 0.319000
224891 0.320000
225139 0.321000
225157 0.322000
225191 0.323000
225196 0.324000
225294 0.325000
225308 0.326000
225364 0.327000
225388 0.328000
225805 0.329000
225868 0.330000
225908 0.331000
226068 0.332000
226081 0.333000
226082 0.334000
226089 0.335000
226171 0.336000
226337 0.337000
226353 0.338000
226399 0.339000
226411 0.340000
226436 0.341000
226482 0.342000
226525 0.343000
226557 0.344000
226606 0.345000
226615 0.346000
226713 0.347000
226730 0.348000
226784 0.349000
226795 0.350000
226802 0.351000
226890 0.352000
226925 0.353000
226952 0.354000
227117 0.355000
227180 0.356000
227196 0.357000
227247 0.358000
227318 0.359000
227347 0.360000
227357 0.361000
227373 0.362000
227555 0.363000
227699 0.364000
227753 0.365000
227760 0.366000
227785 0.367000
227805 0.368000
227850 0.369000
227862 0.370000
228001 0.371000
228107 0.372000
228171 0.373000
228226 0.375000
228319 0.376000
228357 0.377000
228379 0.378000
228405 0.379000
228415 0.380000
228430 0.381000
228456 0.382000
228461 0.383000
228481 0.384000
228492 0.385000
228553 0.386000
228563 0.387000
228689 0.388000
228717 0.389000
228723 0.390000
228745 0.391000
228857 0.392000
228872 0.393000
229083 0.394000
229213 0.395000
229214 0.396000
229245 0.397000
229246 0.399000
229314 0.400000
229347 0.401000
229553 0.402000
229676 0.403000
229691 0.404000
229697 0.405000
229706 0.406000
229786 0.407000
229812 0.408000
229829 0.409000
229830 0.410000
229862 0.411000
229865 0.412000
229963 0.413000
230011 0.414000
230018 0.415000
230030 0.416000
230091 0.417000
230163 0.418000
230189 0.419000
230216 0.420000
230218 0.421000
230225 0.422000
230327 0.423000
230374 0.424000
230506 0.425000
230583 0.426000
230615 0.427000
230641 0.428000
230644 0.429000
230719 0.430000
230764 0.431000
230785 0.432000
230789 0.433000
230803 0.434000
230869 0.435000
230871 0.436000
230951 0.437000
231015 0.438000
231022 0.439000
231081 0.440000
231101 0.441000
231172 0.442000
231185 0.443000
231230 0.444000
231234 0.445000
231247 0.446000
231356 0.447000
231363 0.448000
231385 0.449000
231394 0.450000
231423 0.451000
231550 0.452000
231601 0.453000
231728 0.454000
231735 0.455000
231774 0.456000
231791 0.457000
231912 0.458000
231913 0.459000
231957 0.460000
231993 0.461000
232000 0.462000
232022 0.463000
232106 0.464000
232152 0.465000
232200 0.467000
232251 0.468000
232280 0.469000
232306 0.470000
232310 0.471000
232480 0.472000
232484 0.473000
232497 0.474000
232531 0.475000
232542 0.476000
232624 0.477000
232640 0.478000
232656 0.479000
232697 0.480000
232712 0.481000
232789 0.482000
232792 0.483000
232866 0.484000
232911 0.485000
232941 0.486000
232972 0.487000
233017 0.488000
233161 0.489000
233188 0.490000
233233 0.491000
233239 0.492000
233322 0.493000
233419 0.494000
233510 0.495000
233561 0.496000
233595 0.497000
233609 0.498000
233667 0.499000
233683 0.500000
233780 0.501000
233952 0.502000
234006 0.503000
234030 0.504000
234044 0.505000
234053 0.506000
234054 0.507000
234224 0.508000
234256 0.509000
234265 0.510000
234341 0.511000
234399 0.512000
234405 0.513000
234434 0.514000
234495 0.515000
234502 0.516000
234516 0.517000
234813 0.518000
234846 0.519000
234862 0.520000
234993 0.521000
235010 0.522000
235201 0.523000
235362 0.524000
235431 0.525000
235549 0.526000
235629 0.527000
235630 0.528000
235665 0.529000
235727 0.530000
235764 0.531000
235865 0.532000
235874 0.533000
235884 0.534000
235909 0.535000
235934 0.536000
236008 0.537000
236022 0.538000
236043 0.539000
236066 0.540000
236072 0.541000
236078 0.542000
236103 0.543000
236170 0.544000
236200 0.545000
236224 0.546000
236326 0.547000
236330 0.548000
236332 0.549000
236380 0.550000
236392 0.551000
236399 0.552000
236442 0.553000
236449 0.554000
236458 0.555000
236490 0.556000
236492 0.557000
236521 0.558000
236599 0.559000
236611 0.560000
236620 0.561000
236667 0.562000
236681 0.563000
236690 0.564000
236692 0.565000
236724 0.566000
236748 0.567000
236759 0.568000
236799 0.569000
236976 0.570000
237007 0.571000
237018 0.572000
237031 0.573000
237040 0.574000
237045 0.575000
237099 0.576000
237112 0.577000
237136 0.578000
237148 0.579000
237166 0.580000
237190 0.581000
237220 0.582000
237255 0.583000
237285 0.584000
237331 0.585000
237381 0.586000
237389 0.587000
237477 0.588000
237514 0.589000
237516 0.590000
237567 0.591000
237573 0.592000
237602 0.593000
237776 0.594000
237816 0.595000
237861 0.596000
237872 0.597000
237961 0.598000
238012 0.599000
238037 0.600000
238091 0.601000
238119 0.602000
238143 0.603000
238217 0.604000
238239 0.605000
238327 0.606000
238331 0.607000
238440 0.608000
238455 0.609000
238466 0.610000
238519 0.611000
238520 0.612000
238629 0.613000
238687 0.614000
238713 0.615000
238750 0.616000
238804 0.617000
238870 0.618000
238899 0.619000
238934 0.620000
238935 0.621000
238972 0.622000
238973 0.624000
239076 0.626000
239123 0.627000
239229 0.628000
239275 0.629000
239507 0.630000
239545 0.631000
239549 0.632000
239582 0.633000
239592 0.634000
239605 0.635000
239663 0.636000
239688 0.637000
239757 0.638000
239820 0.639000
239833 0.640000
239848 0.641000
239893 0.642000
239909 0.643000
239914 0.644000
239922 0.645000
240274 0.646000
240295 0.647000
240321 0.648000
240412 0.649000
240421 0.651000
240481 0.652000
240538 0.653000
240718 0.654000
240719 0.655000
240789 0.656000
240901 0.657000
241020 0.658000
241150 0.659000
241262 0.660000
241282 0.661000
241367 0.662000
241391 0.663000
241404 0.664000
241444 0.665000
241576 0.666000
241582 0.667000
241638 0.668000
241649 0.669000
241664 0.670000
241668 0.671000
241789 0.672000
241817 0.673000
241934 0.674000
242043 0.675000
242100 0.677000
242134 0.678000
242219 0.679000
242278 0.680000
242421 0.681000
242426 0.682000
242427 0.683000
242446 0.684000
242513 0.685000
242538 0.686000
242590 0.687000
242762 0.688000
242916 0.689000
242928 0.690000
243063 0.691000
243086 0.692000
243114 0.693000
243209 0.694000
243222 0.695000
243299 0.696000
243352 0.697000
243394 0.698000
243479 0.699000
243584 0.700000
243615 0.701000
243718 0.702000
243781 0.703000
243787 0.704000
243796 0.705000
243829 0.706000
243925 0.707000
244036 0.708000
244057 0.709000
244074 0.710000
244091 0.711000
244097 0.712000
244179 0.713000
244182 0.714000
244241 0.715000
244253 0.716000
244329 0.717000
244543 0.718000
244553 0.719000
244564 0.720000
244579 0.721000
244616 0.722000
244623 0.723000
244647 0.724000
244702 0.725000
244750 0.726000
244847 0.727000
244994 0.728000
245156 0.729000
245176 0.730000
245202 0.731000
245258 0.732000
245421 0.733000
245423 0.734000
245464 0.735000
245468 0.736000
245494 0.737000
245582 0.738000
245631 0.739000
245772 0.740000
245778 0.741000
245904 0.742000
246092 0.743000
246144 0.744000
246145 0.745000
246182 0.746000
246215 0.747000
246277 0.748000
246490 0.749000
246577 0.750000
246579 0.751000
246609 0.752000
246617 0.753000
246859 0.754000
247024 0.755000
247055 0.756000
247126 0.757000
247141 0.758000
247148 0.759000
247196 0.760000
247264 0.761000
247325 0.762000
247438 0.763000
247517 0.764000
247549 0.765000
247560 0.766000
247586 0.767000
247899 0.768000
247925 0.769000
248170 0.770000
248283 0.771000
248319 0.772000
248406 0.773000
248463 0.774000
248641 0.775000
248675 0.776000
248726 0.777000
248786 0.778000
248873 0.779000
248904 0.781000
248928 0.782000
249081 0.783000
249127 0.784000
249208 0.785000
249285 0.786000
249295 0.787000
249313 0.788000
249649 0.789000
249688 0.790000
249751 0.791000
249756 0.792000
249906 0.793000
249970 0.794000
250006 0.795000
250075 0.796000
250195 0.797000
250199 0.798000
250236 0.799000
250328 0.800000
250362 0.801000
250378 0.802000
250423 0.803000
250617 0.804000
250622 0.805000
250719 0.806000
250724 0.807000
250771 0.808000
250831 0.809000
250965 0.810000
251003 0.811000
251016 0.812000
251180 0.813000
251199 0.814000
251293 0.815000
251415 0.816000
251429 0.817000
251541 0.818000
251572 0.819000
251707 0.820000
251791 0.821000
251890 0.822000
251921 0.823000
252107 0.824000
252426 0.825000
252614 0.826000
252688 0.827000
253097 0.828000
253365 0.829000
253378 0.830000
253426 0.831000
253432 0.832000
253509 0.833000
253514 0.834000
253575 0.835000
253664 0.836000
253798 0.837000
253825 0.838000
253927 0.839000
253967 0.840000
254043 0.841000
254073 0.842000
254212 0.843000
254282 0.844000
254477 0.845000
254908 0.846000
254935 0.847000
255056 0.848000
255072 0.849000
255132 0.850000
255281 0.851000
255350 0.852000
255421 0.853000
255445 0.854000
255609 0.855000
255662 0.856000
255668 0.857000
255728 0.858000
255910 0.859000
256004 0.860000
256020 0.861000
256061 0.862000
256085 0.863000
256120 0.864000
256614 0.865000
256673 0.866000
256693 0.867000
256770 0.868000
256777 0.869000
256930 0.870000
256974 0.871000
257111 0.872000
257159 0.873000
257185 0.874000
257221 0.875000
257250 0.876000
257326 0.877000
257412 0.878000
257458 0.879000
257465 0.880000
257470 0.881000
257649 0.882000
257729 0.883000
258051 0.884000
258200 0.885000
258282 0.886000
258541 0.887000
258568 0.888000
258613 0.889000
258625 0.890000
258654 0.891000
258677 0.892000
258895 0.893000
258904 0.894000
259147 0.895000
259183 0.896000
259373 0.897000
259455 0.898000
259820 0.899000
259848 0.900000
259951 0.901000
260001 0.902000
260142 0.903000
260163 0.904000
260180 0.905000
260318 0.906000
260340 0.907000
260550 0.908000
260554 0.909000
260572 0.910000
260577 0.911000
260589 0.912000
260622 0.913000
260657 0.914000
260882 0.915000
260995 0.916000
261319 0.917000
261541 0.918000
261647 0.919000
261733 0.920000
261783 0.921000
261833 0.922000
261931 0.923000
262002 0.924000
262037 0.925000
262171 0.926000
262266 0.927000
262280 0.928000
262382 0.929000
262439 0.930000
262672 0.931000
262825 0.932000
262844 0.933000
262997 0.934000
263024 0.935000
263342 0.936000
263467 0.937000
263628 0.938000
263985 0.939000
264277 0.940000
264307 0.941000
264341 0.942000
264566 0.943000
264720 0.944000
264904 0.945000
264981 0.946000
265016 0.947000
265297 0.948000
265555 0.949000
265651 0.950000
266333 0.951000
266421 0.952000
266642 0.953000
267080 0.954000
267436 0.955000
267839 0.956000
268022 0.957000
268038 0.958000
268100 0.959000
268782 0.960000
268964 0.961000
269260 0.962000
269671 0.963000
269701 0.964000
270248 0.965000
270653 0.966000
271479 0.967000
271618 0.968000
271709 0.969000
271745 0.970000
271904 0.971000
272638 0.972000
272647 0.973000
272753 0.974000
272807 0.975000
272892 0.976000
273573 0.977000
273662 0.978000
274279 0.979000
275178 0.980000
276217 0.981000
277314 0.982000
277395 0.983000
277821 0.984000
278914 0.985000
279239 0.986000
281382 0.987000
282923 0.988000
283130 0.989000
284173 0.990000
288549 0.991000
288638 0.992000
288971 0.993000
289475 0.994000
290831 0.995000
292042 0.996000
293942 0.997000
295948 0.998000
296667 0.999000
302058 1.000000


