181920 0.000000
181920 0.001000
190012 0.002000
190311 0.003000
191738 0.004000
191956 0.005000
191988 0.006000
192104 0.007000
192554 0.008000
192862 0.009000
193378 0.010000
193506 0.011000
193546 0.012000
194039 0.013000
194154 0.014000
194296 0.015000
194422 0.016000
194700 0.017000
194771 0.018000
195573 0.019000
195961 0.020000
196163 0.021000
196297 0.022000
196690 0.023000
196703 0.024000
196706 0.025000
196779 0.026000
196861 0.027000
197277 0.028000
197423 0.029000
197641 0.030000
198182 0.031000
198285 0.032000
198824 0.033000
199084 0.034000
199112 0.035000
199195 0.036000
199243 0.037000
199297 0.038000
199343 0.039000
199373 0.040000
199493 0.041000
199500 0.042000
199562 0.043000
199944 0.044000
199964 0.045000
200276 0.046000
200323 0.047000
200349 0.048000
200365 0.049000
200751 0.050000
200821 0.051000
200835 0.052000
201120 0.053000
201307 0.054000
201393 0.055000
201593 0.056000
201700 0.057000
201921 0.058000
201959 0.059000
202004 0.060000
202022 0.061000
202053 0.062000
202173 0.063000
202267 0.064000
202277 0.065000
202340 0.066000
202352 0.067000
202399 0.068000
202572 0.069000
202628 0.070000
202757 0.071000
202760 0.072000
202922 0.073000
202927 0.074000
202974 0.075000
203008 0.076000
203047 0.077000
203048 0.078000
203071 0.079000
203215 0.080000
203279 0.081000
203309 0.082000
203337 0.083000
203650 0.084000
203692 0.085000
203849 0.086000
203886 0.087000
203893 0.088000
204194 0.089000
204203 0.090000
204336 0.091000
204346 0.092000
204410 0.093000
204763 0.094000
204808 0.095000
204831 0.096000
204838 0.097000
204967 0.098000
205014 0.100000
205020 0.101000
205136 0.102000
205211 0.103000
205456 0.104000
205465 0.105000
205519 0.106000
205570 0.107000
205602 0.108000
205620 0.109000
205627 0.110000
205682 0.111000
205735 0.112000
205830 0.113000
205918 0.114000
205996 0.115000
206039 0.116000
206068 0.117000
206074 0.118000
206224 0.119000
206354 0.120000
206357 0.121000
206417 0.122000
206531 0.123000
206567 0.124000
206587 0.125000
206617 0.126000
206727 0.127000
206780 0.128000
206786 0.129000
206908 0.130000
207064 0.131000
207106 0.132000
207122 0.133000
207186 0.134000
207252 0.135000
207309 0.136000
207421 0.137000
207487 0.138000
207499 0.139000
207539 0.140000
207549 0.141000
207608 0.142000
207716 0.143000
207767 0.144000
207794 0.145000
207806 0.146000
207815 0.147000
207911 0.148000
207923 0.149000
207966 0.150000
207994 0.151000
208163 0.152000
208232 0.153000
208269 0.154000
208276 0.155000
208318 0.156000
208330 0.157000
208404 0.158000
208438 0.159000
208623 0.160000
208640 0.161000
208663 0.162000
208705 0.163000
208730 0.164000
208787 0.165000
208807 0.166000
208895 0.167000
208901 0.168000
208971 0.169000
208999 0.170000
209021 0.171000
209105 0.172000
209107 0.173000
209161 0.174000
209182 0.175000
209190 0.176000
209267 0.177000
209336 0.178000
209436 0.179000
209480 0.180000
209576 0.181000
209625 0.182000
209732 0.183000
209897 0.184000
209925 0.185000
209961 0.186000
210086 0.187000
210140 0.188000
210180 0.189000
210209 0.190000
210255 0.191000
210359 0.192000
210557 0.193000
210566 0.194000
210567 0.195000
210619 0.196000
210667 0.197000
210747 0.198000
210818 0.199000
210823 0.200000
210824 0.201000
210866 0.202000
210889 0.203000
210987 0.204000
211023 0.205000
211047 0.206000
211070 0.207000
211130 0.208000
211149 0.209000
211150 0.210000
211302 0.211000
211410 0.212000
211456 0.213000
211472 0.214000
211513 0.215000
211800 0.216000
211843 0.217000
211871 0.218000
211954 0.219000
211978 0.220000
212096 0.221000
212172 0.222000
212210 0.223000
212231 0.224000
212237 0.225000
212267 0.226000
212297 0.227000
212338 0.228000
212396 0.229000
212413 0.230000
212454 0.231000
212562 0.232000
212575 0.233000
212648 0.234000
212765 0.235000
212803 0.236000
212812 0.237000
212830 0.238000
212984 0.239000
213053 0.240000
213066 0.241000
213168 0.242000
213205 0.243000
213220 0.244000
213398 0.245000
213420 0.246000
213577 0.247000
213646 0.248000
213705 0.249000
213751 0.250000
213769 0.251000
213790 0.252000
213853 0.253000
213869 0.254000
213874 0.255000
213904 0.256000
213951 0.257000
214020 0.258000
214063 0.259000
214093 0.260000
214134 0.261000
214172 0.262000
214204 0.263000
214246 0.264000
214253 0.265000
214269 0.266000
214322 0.267000
214402 0.268000
214435 0.269000
214446 0.270000
214481 0.271000
214522 0.272000
214531 0.273000
214550 0.274000
214598 0.275000
214601 0.277000
214657 0.278000
214668 0.279000
214694 0.280000
214701 0.281000
214704 0.282000
214789 0.283000
214795 0.284000
214822 0.286000
214859 0.287000
214891 0.288000
214967 0.289000
214974 0.290000
215007 0.291000
215012 0.292000
215048 0.293000
215050 0.294000
215060 0.295000
215063 0.296000
215074 0.297000
215100 0.298000
215179 0.299000
215229 0.300000
215247 0.301000
215249 0.302000
215297 0.303000
215304 0.304000
215318 0.305000
215344 0.306000
215351 0.307000
215352 0.308000
215362 0.309000
215365 0.310000
215426 0.312000
215434 0.313000
215524 0.314000
215563 0.315000
215616 0.316000
215624 0.317000
215643 0.318000
215656 0.319000
215714 0.320000
215726 0.321000
215857 0.322000
215866 0.323000
215867 0.324000
215870 0.325000
215884 0.326000
215896 0.327000
216002 0.328000
216026 0.329000
216127 0.330000
216148 0.331000
216149 0.332000
216152 0.333000
216176 0.334000
216211 0.335000
216217 0.336000
216231 0.337000
216239 0.338000
216365 0.340000
216398 0.341000
216403 0.342000
216424 0.343000
216430 0.344000
216465 0.345000
216599 0.346000
216645 0.347000
216652 0.348000
216656 0.349000
216710 0.350000
216716 0.351000
216830 0.352000
216987 0.353000
216989 0.354000
216992 0.355000
217038 0.356000
217063 0.357000
217087 0.358000
217157 0.359000
217186 0.360000
217191 0.361000
217233 0.362000
217271 0.363000
217282 0.364000
217287 0.365000
217364 0.366000
217441 0.367000
217563 0.368000
217583 0.369000
217586 0.370000
217608 0.371000
217663 0.372000
217711 0.373000
217721 0.374000
217979 0.375000
217980 0.376000
218103 0.377000
218121 0.378000
218145 0.379000
218207 0.380000
218218 0.381000
218220 0.382000
218223 0.383000
218281 0.384000
218321 0.385000
218327 0.386000
218328 0.387000
218348 0.388000
218385 0.389000
218474 0.390000
218504 0.391000
218582 0.392000
218593 0.393000
218691 0.394000
218801 0.395000
218865 0.396000
218943 0.397000
218971 0.398000
219024 0.399000
219048 0.400000
219055 0.401000
219081 0.402000
219117 0.403000
219128 0.404000
219174 0.405000
219213 0.406000
219225 0.407000
219321 0.408000
219325 0.409000
219460 0.410000
219492 0.411000
219532 0.412000
219582 0.413000
219608 0.414000
219744 0.415000
219807 0.416000
219861 0.417000
219873 0.418000
219878 0.419000
219897 0.420000
219916 0.421000
219947 0.422000
220014 0.423000
220095 0.424000
220172 0.425000
220184 0.426000
220210 0.427000
220214 0.428000
220245 0.429000
220270 0.430000
220280 0.431000
220333 0.432000
220337 0.433000
220395 0.434000
220423 0.435000
220516 0.436000
220519 0.437000
220521 0.438000
220533 0.439000
220546 0.440000
220575 0.441000
220608 0.442000
220616 0.443000
220765 0.444000
220772 0.445000
220816 0.446000
220833 0.447000
220890 0.448000
220976 0.449000
220980 0.450000
221003 0.451000
221005 0.452000
221023 0.454000
221028 0.455000
221041 0.456000
221066 0.457000
221109 0.458000
221233 0.459000
221245 0.460000
221323 0.461000
221345 0.462000
221501 0.463000
221512 0.464000
221555 0.465000
221564 0.466000
221573 0.467000
221582 0.468000
221664 0.469000
221683 0.470000
221692 0.471000
221713 0.472000
221724 0.473000
221831 0.474000
221848 0.475000
221881 0.476000
221947 0.477000
222118 0.478000
222124 0.479000
222247 0.480000
222274 0.481000
222369 0.482000
222420 0.483000
222440 0.484000
222446 0.485000
222456 0.486000
222492 0.487000
222524 0.488000
222567 0.489000
222660 0.490000
222671 0.491000
222680 0.492000
222718 0.493000
222719 0.494000
222741 0.495000
222779 0.496000
222816 0.497000
222830 0.498000
222858 0.499000
222910 0.500000
222938 0.501000
222945 0.502000
223019 0.503000
223026 0.504000
223057 0.505000
223096 0.506000
223109 0.507000
223119 0.508000
223150 0.509000
223165 0.510000
223239 0.511000
223294 0.512000
223353 0.513000
223421 0.514000
223444 0.515000
223509 0.516000
223558 0.517000
223603 0.518000
223610 0.519000
223806 0.520000
223961 0.521000
223997 0.522000
224021 0.523000
224055 0.524000
224071 0.525000
224081 0.526000
224099 0.527000
224156 0.528000
224309 0.529000
224327 0.530000
224352 0.531000
224409 0.532000
224436 0.533000
224443 0.534000
224452 0.535000
224507 0.536000
224510 0.537000
224530 0.538000
224537 0.539000
224579 0.540000
224621 0.541000
224633 0.542000
224651 0.543000
224661 0.544000
224751 0.545000
224897 0.546000
224911 0.547000
225050 0.548000
225065 0.549000
225079 0.550000
225090 0.551000
225105 0.552000
225156 0.553000
225209 0.554000
225251 0.555000
225284 0.556000
225303 0.557000
225309 0.558000
225369 0.559000
225424 0.560000
225475 0.561000
225494 0.562000
225522 0.563000
225649 0.564000
225662 0.565000
225677 0.566000
225708 0.567000
225728 0.568000
225777 0.569000
226075 0.570000
226195 0.571000
226213 0.572000
226252 0.573000
226265 0.574000
226311 0.575000
226324 0.576000
226333 0.577000
226352 0.578000
226481 0.579000
226541 0.580000
226663 0.581000
226720 0.582000
226741 0.583000
226742 0.584000
226757 0.585000
226884 0.586000
226887 0.587000
226910 0.588000
226924 0.589000
226937 0.590000
226964 0.591000
226985 0.592000
226986 0.593000
227029 0.595000
227229 0.596000
227242 0.597000
227252 0.598000
227298 0.599000
227386 0.600000
227412 0.601000
227456 0.602000
227487 0.603000
227556 0.604000
227561 0.605000
227813 0.606000
227866 0.607000
227984 0.608000
228013 0.609000
228025 0.610000
228036 0.611000
228112 0.612000
228148 0.613000
228224 0.614000
228249 0.615000
228260 0.616000
228323 0.617000
228394 0.618000
228416 0.619000
228507 0.620000
228542 0.621000
228611 0.622000
228714 0.623000
228808 0.624000
228873 0.625000
228886 0.626000
228911 0.627000
228968 0.628000
228987 0.629000
229023 0.630000
229041 0.631000
229046 0.632000
229148 0.633000
229177 0.634000
229196 0.635000
229248 0.636000
229444 0.637000
229518 0.638000
229528 0.639000
229576 0.640000
229647 0.641000
229677 0.642000
229755 0.643000
229759 0.644000
229812 0.645000
229818 0.646000
229975 0.647000
230072 0.648000
230126 0.649000
230202 0.650000
230314 0.651000
230327 0.652000
230422 0.653000
230453 0.654000
230526 0.655000
230558 0.656000
230604 0.657000
230617 0.658000
230634 0.659000
230705 0.660000
230709 0.661000
230867 0.662000
230877 0.663000
230900 0.664000
231035 0.665000
231048 0.666000
231064 0.667000
231083 0.668000
231086 0.669000
231220 0.670000
231260 0.671000
231364 0.672000
231386 0.673000
231441 0.674000
231478 0.675000
231549 0.676000
231603 0.677000
231657 0.678000
231699 0.679000
231729 0.680000
231743 0.681000
231774 0.682000
231784 0.683000
231809 0.684000
231902 0.685000
231903 0.686000
232140 0.687000
232283 0.688000
232504 0.689000
232554 0.690000
232581 0.691000
232641 0.692000
232662 0.693000
232692 0.694000
232730 0.695000
232808 0.696000
232822 0.697000
232898 0.698000
232905 0.699000
232919 0.700000
232946 0.701000
232999 0.702000
233042 0.703000
233089 0.704000
233128 0.705000
233225 0.706000
233271 0.707000
233279 0.708000
233309 0.709000
233331 0.710000
233441 0.711000
233444 0.712000
233464 0.713000
233528 0.714000
233570 0.715000
233612 0.716000
233619 0.717000
233658 0.718000
233676 0.719000
233708 0.720000
233715 0.721000
233751 0.722000
233759 0.723000
233806 0.724000
233831 0.725000
233987 0.726000
234003 0.727000
234028 0.728000
234040 0.729000
234112 0.730000
234150 0.731000
234154 0.732000
234240 0.733000
234258 0.734000
234382 0.735000
234399 0.736000
234433 0.737000
234504 0.738000
234590 0.739000
234675 0.740000
234716 0.741000
234780 0.742000
234877 0.743000
234878 0.744000
234976 0.745000
235029 0.746000
235104 0.747000
235141 0.748000
235162 0.749000
235183 0.750000
235220 0.751000
235258 0.752000
235465 0.753000
235486 0.754000
235489 0.755000
235492 0.756000
235510 0.757000
235563 0.758000
235745 0.759000
235755 0.760000
235836 0.761000
235847 0.762000
235850 0.763000
235925 0.764000
235996 0.765000
236021 0.766000
236078 0.767000
236104 0.768000
236409 0.769000
236453 0.770000
236606 0.771000
236677 0.772000
236725 0.773000
236797 0.774000
237063 0.775000
237070 0.776000
237078 0.777000
237109 0.778000
237160 0.779000
237212 0.780000
237305 0.781000
237353 0.782000
237519 0.783000
237521 0.784000
237543 0.785000
237675 0.786000
237691 0.787000
237755 0.788000
237772 0.789000
237939 0.790000
237963 0.791000
238036 0.792000
238074 0.793000
238186 0.794000
238217 0.795000
238270 0.796000
238330 0.797000
238337 0.798000
238355 0.799000
238398 0.800000
238411 0.801000
238578 0.802000
238743 0.803000
238848 0.804000
238896 0.805000
239154 0.806000
239189 0.807000
239212 0.808000
239219 0.809000
239258 0.810000
239390 0.811000
239418 0.812000
239482 0.813000
239499 0.814000
239587 0.815000
239661 0.816000
239707 0.817000
239767 0.818000
239794 0.819000
239958 0.820000
240051 0.821000
240096 0.822000
240119 0.823000
240279 0.824000
240348 0.825000
240459 0.826000
240572 0.827000
240697 0.828000
240950 0.829000
240956 0.830000
241273 0.831000
241345 0.832000
241448 0.833000
241460 0.834000
241544 0.835000
241794 0.836000
241803 0.837000
241815 0.838000
241867 0.839000
241892 0.840000
241953 0.841000
242038 0.842000
242114 0.843000
242139 0.844000
242181 0.845000
242324 0.846000
242385 0.847000
242537 0.848000
242625 0.849000
242650 0.850000
242793 0.851000
242879 0.852000
242940 0.853000
242951 0.854000
242971 0.855000
242974 0.856000
242990 0.857000
242994 0.858000
243132 0.859000
243233 0.860000
243245 0.861000
243273 0.862000
243280 0.863000
243344 0.864000
243419 0.865000
243451 0.866000
243470 0.867000
243483 0.868000
243828 0.869000
244056 0.870000
244129 0.871000
244131 0.872000
244220 0.873000
244229 0.874000
244451 0.875000
244512 0.876000
244586 0.877000
244725 0.878000
244884 0.879000
245154 0.880000
245347 0.881000
245615 0.882000
245728 0.883000
246610 0.884000
246641 0.885000
246710 0.886000
246879 0.887000
246933 0.888000
247034 0.889000
247165 0.890000
247342 0.891000
247531 0.892000
247681 0.893000
247687 0.894000
247737 0.895000
247773 0.896000
247795 0.897000
247925 0.898000
248236 0.899000
248254 0.900000
248270 0.901000
248503 0.902000
248795 0.903000
249127 0.904000
249214 0.905000
249404 0.906000
249737 0.907000
249745 0.908000
249789 0.909000
249886 0.910000
249962 0.911000
249989 0.912000
250352 0.913000
250443 0.914000
250535 0.915000
250626 0.916000
250963 0.917000
250992 0.918000
251003 0.919000
251157 0.920000
251272 0.921000
251486 0.922000
251699 0.923000
251719 0.924000
251754 0.925000
252315 0.926000
252373 0.927000
252397 0.928000
252416 0.929000
252591 0.930000
252825 0.931000
252977 0.932000
253088 0.933000
253623 0.934000
253755 0.935000
253770 0.936000
253781 0.937000
253937 0.938000
254234 0.939000
254833 0.940000
254952 0.941000
255154 0.942000
255609 0.943000
255687 0.944000
255837 0.945000
255898 0.946000
255912 0.947000
256051 0.948000
256067 0.949000
256096 0.950000
256159 0.951000
256315 0.952000
256327 0.953000
256585 0.954000
256755 0.955000
256764 0.956000
256815 0.957000
256870 0.958000
257595 0.959000
257630 0.960000
257640 0.961000
258163 0.962000
258190 0.963000
258396 0.964000
258616 0.965000
259075 0.966000
259079 0.967000
259546 0.968000
259915 0.969000
260358 0.970000
260463 0.971000
261101 0.972000
261132 0.973000
261807 0.974000
261856 0.975000
262330 0.976000
264132 0.977000
264472 0.978000
265006 0.979000
265133 0.980000
265493 0.981000
266050 0.982000
267002 0.983000
268095 0.984000
268600 0.985000
269502 0.986000
270018 0.987000
270085 0.988000
270527 0.989000
271157 0.990000
273960 0.991000
274653 0.992000
274937 0.993000
275907 0.994000
277470 0.995000
287708 0.996000
288608 0.997000
289771 0.998000
292979 0.999000
295747 1.000000


