152184 0.000000
152184 0.001000
152247 0.002000
153855 0.003000
154900 0.004000
156358 0.005000
156719 0.006000
157507 0.007000
158516 0.008000
159417 0.009000
159876 0.010000
160765 0.011000
160850 0.012000
162119 0.013000
163294 0.014000
163609 0.015000
164464 0.016000
164649 0.017000
165881 0.018000
166100 0.019000
166191 0.020000
166227 0.021000
166677 0.022000
166849 0.023000
166924 0.024000
167005 0.025000
167159 0.026000
167250 0.027000
167255 0.028000
167263 0.029000
167516 0.030000
167835 0.031000
167843 0.032000
167941 0.033000
168056 0.034000
168261 0.035000
168409 0.036000
168506 0.037000
168613 0.038000
168639 0.039000
169170 0.040000
169520 0.041000
169652 0.042000
169809 0.043000
169990 0.044000
170156 0.045000
170247 0.046000
170485 0.047000
170866 0.048000
170931 0.049000
171661 0.050000
171822 0.051000
171883 0.052000
172087 0.053000
172377 0.054000
172681 0.055000
172687 0.056000
172783 0.057000
172867 0.058000
172951 0.059000
173056 0.060000
173100 0.061000
173137 0.062000
173247 0.063000
173251 0.064000
173277 0.065000
173428 0.066000
173491 0.067000
173555 0.068000
173617 0.069000
173775 0.070000
173897 0.071000
173997 0.072000
174007 0.073000
174340 0.074000
174448 0.075000
174488 0.076000
174904 0.077000
174924 0.078000
175035 0.079000
175257 0.080000
175293 0.081000
175429 0.082000
175593 0.083000
175772 0.084000
175983 0.085000
175984 0.086000
175990 0.087000
176140 0.088000
176228 0.089000
176312 0.090000
176441 0.091000
176490 0.092000
176564 0.093000
176911 0.094000
176964 0.095000
177131 0.096000
177152 0.097000
177261 0.098000
177470 0.099000
177492 0.100000
177534 0.101000
177569 0.102000
177716 0.103000
177778 0.104000
177798 0.105000
178170 0.106000
178225 0.107000
178249 0.108000
178420 0.109000
178426 0.110000
178651 0.111000
178724 0.112000
178779 0.113000
178863 0.114000
178964 0.115000
179121 0.116000
179319 0.117000
179448 0.118000
179633 0.119000
179687 0.120000
180032 0.121000
180255 0.122000
180647 0.123000
180831 0.124000
180944 0.125000
180947 0.126000
180952 0.127000
181011 0.128000
181076 0.129000
181238 0.130000
181292 0.131000
181370 0.132000
181403 0.133000
181674 0.134000
181809 0.135000
181820 0.136000
181844 0.137000
181859 0.138000
181925 0.139000
181972 0.140000
182175 0.141000
182239 0.142000
182452 0.143000
182577 0.144000
182586 0.145000
182587 0.146000
182606 0.147000
182679 0.148000
182761 0.149000
182789 0.150000
182815 0.151000
182899 0.152000
183219 0.153000
183258 0.154000
183322 0.155000
183347 0.156000
183392 0.157000
183424 0.158000
183540 0.159000
183547 0.160000
183821 0.161000
184013 0.162000
184040 0.163000
184047 0.164000
184050 0.165000
184216 0.166000
184257 0.167000
184455 0.168000
184471 0.169000
184476 0.170000
184591 0.171000
184609 0.172000
184663 0.173000
184673 0.174000
184680 0.175000
185169 0.176000
185217 0.177000
185282 0.178000
185300 0.179000
185367 0.180000
185384 0.181000
185393 0.182000
185607 0.183000
185701 0.184000
185775 0.185000
185918 0.186000
186022 0.187000
186023 0.188000
186063 0.189000
186090 0.190000
186113 0.191000
186192 0.192000
186228 0.193000
186246 0.194000
186339 0.195000
186456 0.196000
186519 0.197000
186535 0.198000
186541 0.199000
186585 0.200000
186725 0.201000
186729 0.202000
186810 0.203000
186813 0.204000
186837 0.205000
186861 0.206000
186905 0.207000
187154 0.208000
187252 0.209000
187286 0.210000
187331 0.211000
187424 0.212000
187515 0.213000
187529 0.214000
187664 0.215000
187724 0.216000
187749 0.217000
187825 0.218000
187865 0.219000
188125 0.220000
188540 0.221000
188648 0.222000
188652 0.223000
188693 0.224000
188798 0.225000
188808 0.226000
188824 0.227000
188845 0.228000
189004 0.229000
189039 0.230000
189281 0.231000
189514 0.232000
189518 0.233000
189589 0.234000
189650 0.235000
189813 0.236000
189889 0.237000
189975 0.238000
190008 0.239000
190024 0.240000
190055 0.241000
190120 0.242000
190142 0.243000
190178 0.244000
190229 0.245000
190275 0.246000
190441 0.247000
190517 0.248000
190722 0.249000
190781 0.250000
190905 0.251000
190965 0.252000
190987 0.253000
190997 0.254000
191247 0.255000
191264 0.256000
191471 0.257000
191473 0.258000
191518 0.259000
191522 0.260000
191632 0.261000
191651 0.262000
191658 0.263000
191697 0.264000
191710 0.265000
191860 0.266000
191962 0.267000
192063 0.268000
192204 0.269000
192280 0.270000
192423 0.271000
192456 0.272000
192555 0.273000
192588 0.274000
192640 0.275000
192796 0.276000
192847 0.277000
192862 0.278000
192913 0.279000
192916 0.280000
192946 0.281000
192952 0.282000
192998 0.283000
193029 0.284000
193074 0.285000
193132 0.286000
193205 0.287000
193304 0.288000
193345 0.289000
193426 0.290000
193678 0.292000
193689 0.293000
193700 0.294000
193777 0.295000
193858 0.296000
193961 0.297000
193975 0.298000
194089 0.299000
194090 0.300000
194123 0.301000
194132 0.302000
194138 0.303000
194213 0.304000
194238 0.305000
194293 0.306000
194323 0.307000
194348 0.308000
194404 0.309000
194410 0.310000
194426 0.311000
194517 0.312000
194522 0.313000
194584 0.314000
194606 0.315000
194673 0.316000
194846 0.317000
194892 0.318000
194926 0.319000
195036 0.320000
195046 0.321000
195058 0.322000
195215 0.323000
195227 0.324000
195248 0.325000
195517 0.326000
195621 0.327000
195664 0.328000
195746 0.329000
195753 0.330000
195787 0.331000
195851 0.332000
195878 0.333000
195930 0.334000
195998 0.335000
196006 0.336000
196070 0.337000
196100 0.338000
196133 0.339000
196147 0.340000
196153 0.341000
196209 0.342000
196217 0.343000
196221 0.344000
196289 0.345000
196309 0.347000
196429 0.348000
196446 0.349000
196526 0.350000
196550 0.351000
196658 0.352000
196662 0.353000
196742 0.354000
196845 0.355000
197057 0.356000
197163 0.357000
197176 0.358000
197180 0.359000
197248 0.360000
197365 0.361000
197384 0.362000
197419 0.363000
197433 0.364000
197565 0.365000
197569 0.366000
197687 0.367000
197807 0.368000
197919 0.369000
197966 0.370000
198033 0.371000
198157 0.372000
198275 0.373000
198381 0.374000
198466 0.375000
198683 0.376000
198701 0.377000
198725 0.378000
198772 0.379000
198791 0.380000
198836 0.381000
198851 0.382000
198871 0.383000
198895 0.384000
198905 0.385000
198907 0.386000
198921 0.387000
198937 0.388000
199084 0.389000
199100 0.390000
199173 0.391000
199313 0.392000
199351 0.393000
199365 0.394000
199380 0.395000
199480 0.396000
199652 0.397000
199740 0.398000
199768 0.399000
199849 0.400000
199856 0.401000
199861 0.402000
199878 0.403000
200167 0.404000
200174 0.405000
200269 0.406000
200426 0.407000
200529 0.408000
200533 0.409000
200616 0.410000
200641 0.411000
200653 0.412000
200732 0.413000
200740 0.414000
200862 0.415000
200892 0.416000
200919 0.417000
200931 0.418000
201293 0.419000
201305 0.420000
201321 0.421000
201357 0.422000
201408 0.423000
201410 0.424000
201431 0.425000
201452 0.426000
201465 0.427000
201587 0.428000
201672 0.429000
201688 0.430000
201744 0.431000
201797 0.432000
201912 0.433000
201988 0.434000
202015 0.435000
202097 0.436000
202165 0.437000
202190 0.438000
202233 0.439000
202372 0.440000
202428 0.441000
202476 0.442000
202477 0.443000
202483 0.444000
202531 0.445000
202545 0.446000
202555 0.447000
202585 0.448000
202590 0.450000
202616 0.451000
202723 0.452000
202729 0.453000
202864 0.454000
203080 0.455000
203088 0.456000
203182 0.457000
203207 0.458000
203522 0.459000
203540 0.460000
203779 0.461000
203816 0.462000
203844 0.463000
203928 0.464000
204030 0.465000
204044 0.466000
204066 0.467000
204113 0.468000
204116 0.469000
204144 0.470000
204228 0.471000
204267 0.472000
204315 0.473000
204379 0.474000
204403 0.475000
204428 0.476000
204476 0.477000
204503 0.478000
204530 0.479000
204555 0.480000
204638 0.481000
204686 0.482000
204711 0.483000
204752 0.484000
204824 0.485000
204871 0.486000
205016 0.487000
205019 0.488000
205047 0.489000
205220 0.490000
205341 0.491000
205423 0.492000
205439 0.493000
205560 0.494000
205576 0.495000
205634 0.496000
205679 0.497000
205696 0.498000
205779 0.499000
205880 0.500000
205926 0.501000
205958 0.502000
205975 0.503000
205980 0.504000
205984 0.505000
206032 0.506000
206153 0.507000
206173 0.508000
206236 0.509000
206255 0.510000
206259 0.511000
206272 0.512000
206675 0.513000
206713 0.514000
206890 0.515000
206928 0.516000
206954 0.517000
206970 0.518000
206982 0.519000
207025 0.520000
207045 0.521000
207074 0.522000
207079 0.523000
207089 0.524000
207111 0.525000
207123 0.526000
207168 0.527000
207218 0.528000
207284 0.529000
207288 0.530000
207304 0.531000
207333 0.532000
207334 0.533000
207459 0.534000
207540 0.535000
207622 0.536000
207693 0.537000
207696 0.538000
207775 0.539000
207791 0.540000
207792 0.541000
207832 0.542000
207838 0.543000
207941 0.544000
207960 0.545000
207980 0.546000
207989 0.547000
207996 0.548000
208021 0.549000
208047 0.550000
208059 0.551000
208315 0.552000
208407 0.553000
208487 0.554000
208525 0.555000
208620 0.556000
208649 0.557000
208822 0.558000
208924 0.559000
208926 0.560000
208991 0.561000
209116 0.562000
209171 0.563000
209327 0.564000
209339 0.565000
209340 0.566000
209361 0.567000
209382 0.568000
209428 0.569000
209486 0.570000
209523 0.571000
209542 0.572000
209548 0.573000
209564 0.574000
209573 0.575000
209582 0.576000
209598 0.577000
209612 0.578000
209950 0.579000
209959 0.580000
209989 0.581000
210006 0.582000
210032 0.583000
210041 0.584000
210081 0.585000
210092 0.586000
210104 0.587000
210116 0.588000
210189 0.589000
210234 0.590000
210259 0.591000
210284 0.592000
210430 0.593000
210479 0.594000
210495 0.595000
210517 0.596000
210554 0.597000
210619 0.598000
210708 0.599000
210727 0.600000
210748 0.601000
210864 0.602000
210891 0.603000
210912 0.604000
211006 0.605000
211017 0.606000
211030 0.607000
211091 0.608000
211123 0.609000
211134 0.610000
211185 0.611000
211337 0.612000
211521 0.614000
211535 0.615000
211638 0.616000
211646 0.617000
211704 0.618000
211766 0.619000
211790 0.620000
211805 0.621000
211814 0.622000
211845 0.623000
211858 0.624000
211866 0.625000
211871 0.626000
211887 0.627000
211917 0.628000
211949 0.629000
211952 0.630000
211984 0.631000
212048 0.632000
212063 0.633000
212125 0.634000
212130 0.635000
212139 0.636000
212176 0.637000
212191 0.638000
212235 0.639000
212272 0.641000
212309 0.642000
212369 0.643000
212401 0.644000
212669 0.645000
212771 0.646000
212805 0.647000
212817 0.648000
212861 0.649000
212876 0.650000
212895 0.651000
212930 0.652000
212952 0.653000
213023 0.654000
213042 0.655000
213207 0.656000
213268 0.657000
213373 0.658000
213428 0.659000
213480 0.660000
213488 0.661000
213521 0.662000
213598 0.663000
213793 0.664000
213905 0.665000
213942 0.666000
213986 0.667000
214012 0.668000
214034 0.669000
214055 0.670000
214058 0.671000
214089 0.672000
214120 0.673000
214139 0.674000
214265 0.675000
214268 0.676000
214537 0.677000
214693 0.678000
214771 0.679000
214781 0.680000
214808 0.681000
214872 0.682000
214905 0.683000
214913 0.684000
214935 0.685000
214967 0.686000
214975 0.687000
215000 0.688000
215017 0.689000
215280 0.690000
215328 0.691000
215373 0.692000
215379 0.693000
215527 0.694000
215544 0.695000
215593 0.696000
215614 0.697000
215620 0.698000
215666 0.699000
215741 0.700000
215848 0.701000
215852 0.702000
216061 0.703000
216208 0.704000
216233 0.705000
216235 0.706000
216237 0.707000
216243 0.708000
216348 0.709000
216370 0.710000
216377 0.711000
216413 0.712000
216430 0.713000
216457 0.714000
216507 0.715000
216561 0.716000
216810 0.717000
216835 0.718000
216909 0.719000
216940 0.720000
217023 0.721000
217042 0.722000
217278 0.723000
217365 0.724000
217369 0.725000
217455 0.726000
217615 0.727000
217642 0.728000
217649 0.729000
217652 0.730000
217673 0.731000
217699 0.732000
217749 0.733000
217877 0.734000
217896 0.735000
217908 0.736000
217973 0.737000
218005 0.738000
218053 0.739000
218058 0.740000
218071 0.741000
218206 0.742000
218429 0.743000
218476 0.744000
218619 0.745000
218698 0.746000
218760 0.747000
218782 0.748000
218893 0.749000
218901 0.750000
218933 0.751000
218947 0.752000
219021 0.753000
219176 0.754000
219306 0.755000
219425 0.756000
219511 0.757000
219597 0.758000
219694 0.759000
219714 0.760000
219747 0.761000
219977 0.762000
220000 0.763000
220017 0.764000
220050 0.765000
220100 0.766000
220139 0.767000
220242 0.768000
220268 0.769000
220277 0.770000
220332 0.771000
220431 0.772000
220440 0.773000
220659 0.774000
220666 0.775000
220683 0.776000
220698 0.777000
220751 0.778000
220821 0.779000
220824 0.780000
221061 0.781000
221153 0.782000
221303 0.783000
221330 0.784000
221456 0.785000
221537 0.786000
221555 0.787000
221586 0.788000
221644 0.789000
221651 0.790000
221706 0.791000
221794 0.792000
221970 0.793000
221987 0.794000
222054 0.795000
222061 0.796000
222065 0.797000
222082 0.798000
222314 0.799000
222333 0.800000
222430 0.801000
222477 0.802000
222483 0.803000
222520 0.804000
222536 0.805000
222552 0.806000
222558 0.807000
222584 0.808000
222600 0.809000
222799 0.810000
222848 0.811000
222931 0.812000
222969 0.813000
222994 0.814000
223001 0.815000
223043 0.816000
223063 0.817000
223200 0.818000
223397 0.819000
223517 0.820000
223589 0.821000
223603 0.822000
223677 0.823000
223742 0.824000
223806 0.825000
223854 0.826000
223915 0.827000
224007 0.828000
224014 0.829000
224018 0.830000
224462 0.831000
224480 0.832000
224585 0.833000
224596 0.834000
224615 0.835000
224681 0.836000
224734 0.837000
224810 0.838000
224977 0.839000
225033 0.840000
225034 0.841000
225058 0.842000
225079 0.843000
225203 0.844000
225238 0.845000
225246 0.846000
225250 0.847000
225264 0.848000
225385 0.849000
225450 0.850000
225520 0.851000
225608 0.852000
225624 0.853000
225670 0.854000
226162 0.855000
226169 0.856000
226270 0.857000
226350 0.858000
226722 0.859000
226758 0.860000
226802 0.861000
226896 0.862000
226991 0.863000
227092 0.864000
227138 0.865000
227464 0.866000
227469 0.867000
227525 0.868000
227571 0.869000
227659 0.870000
227762 0.871000
227793 0.872000
227831 0.873000
227917 0.874000
228075 0.875000
228076 0.876000
228232 0.877000
228316 0.878000
228659 0.879000
228711 0.880000
228725 0.881000
228738 0.882000
228823 0.883000
228928 0.884000
228953 0.885000
229152 0.886000
229348 0.887000
229370 0.888000
229417 0.889000
229430 0.890000
229440 0.891000
229463 0.892000
229592 0.893000
229723 0.894000
229862 0.895000
229904 0.896000
230094 0.897000
230140 0.898000
230147 0.899000
230277 0.900000
230278 0.901000
230353 0.902000
230357 0.903000
230568 0.904000
230765 0.905000
230885 0.906000
230914 0.907000
231096 0.908000
231179 0.909000
231185 0.910000
231358 0.911000
231433 0.912000
231547 0.913000
231606 0.914000
231854 0.915000
231861 0.916000
231884 0.917000
232056 0.918000
232129 0.919000
232379 0.920000
232729 0.921000
232895 0.922000
232955 0.923000
232960 0.924000
233029 0.925000
233525 0.926000
233811 0.927000
233816 0.928000
233831 0.929000
233834 0.930000
233886 0.931000
233889 0.932000
234124 0.933000
234150 0.934000
234225 0.935000
234301 0.936000
234396 0.937000
234431 0.938000
234558 0.939000
234585 0.940000
234868 0.941000
234953 0.942000
234973 0.943000
235082 0.944000
235362 0.945000
235418 0.946000
235658 0.947000
235767 0.948000
235804 0.949000
235870 0.950000
236012 0.951000
236053 0.952000
236265 0.953000
236312 0.954000
236339 0.955000
236508 0.956000
236544 0.957000
236645 0.958000
236723 0.959000
236898 0.960000
237193 0.961000
237469 0.962000
237883 0.963000
237934 0.964000
238048 0.965000
238476 0.966000
238739 0.967000
238984 0.968000
239337 0.969000
239953 0.970000
240224 0.971000
240298 0.972000
240321 0.973000
240975 0.974000
241149 0.975000
241376 0.976000
241831 0.977000
242110 0.978000
242919 0.979000
242974 0.980000
244577 0.981000
244634 0.982000
244661 0.983000
244751 0.984000
245250 0.985000
245922 0.986000
246061 0.987000
246150 0.988000
246197 0.989000
246432 0.990000
247346 0.991000
248469 0.992000
248853 0.993000
249320 0.994000
249857 0.995000
249925 0.996000
250281 0.997000
250462 0.998000
251530 0.999000
253116 1.000000


99 0.000000
99 0.001000
100 0.002000
101 0.012000
102 0.029000
103 0.040000
104 0.061000
105 0.077000
106 0.105000
107 0.144000
108 0.187000
109 0.248000
110 0.315000
111 0.383000
112 0.449000
113 0.509000
114 0.556000
115 0.610000
116 0.663000
117 0.692000
118 0.735000
119 0.777000
120 0.804000
121 0.828000
122 0.847000
123 0.874000
124 0.888000
125 0.906000
126 0.920000
127 0.931000
128 0.937000
129 0.941000
130 0.946000
131 0.948000
132 0.954000
133 0.955000
134 0.959000
135 0.962000
137 0.967000
138 0.969000
139 0.971000
140 0.975000
141 0.980000
142 0.981000
143 0.985000
144 0.989000
146 0.990000
148 0.992000
149 0.995000
150 0.996000
151 0.998000
153 0.999000
154 1.000000


