171282 0.000000
171282 0.002000
171300 0.004000
171798 0.006000
172018 0.008000
172399 0.010000
172478 0.012000
172524 0.014000
172865 0.016000
173315 0.018000
173777 0.020000
174024 0.022000
174244 0.024000
174684 0.026000
175228 0.028000
175721 0.030000
176001 0.032000
176161 0.034000
176235 0.036000
176563 0.038000
176573 0.040000
176870 0.042000
177230 0.044000
177330 0.048000
177333 0.050000
177453 0.052000
177469 0.054000
177532 0.056000
177726 0.058000
177819 0.060000
178047 0.062000
178138 0.064000
178212 0.066000
178245 0.068000
178266 0.070000
178272 0.072000
178283 0.074000
178335 0.076000
178385 0.078000
178554 0.080000
178584 0.082000
178588 0.084000
178622 0.086000
178675 0.088000
178858 0.090000
178987 0.092000
179040 0.094000
179049 0.096000
179073 0.098000
179142 0.100000
179162 0.102000
179169 0.104000
179232 0.106000
179263 0.108000
179383 0.110000
179469 0.112000
179508 0.114000
179531 0.116000
179547 0.118000
179598 0.120000
179606 0.122000
179610 0.124000
179633 0.126000
179762 0.128000
179838 0.130000
179961 0.132000
180003 0.134000
180010 0.136000
180017 0.138000
180018 0.140000
180029 0.142000
180046 0.144000
180074 0.146000
180136 0.148000
180162 0.150000
180164 0.152000
180168 0.154000
180181 0.156000
180191 0.158000
180274 0.160000
180304 0.162000
180368 0.164000
180394 0.166000
180403 0.168000
180435 0.170000
180448 0.172000
180504 0.174000
180511 0.176000
180654 0.178000
180693 0.180000
180727 0.182000
180728 0.184000
180742 0.186000
180752 0.188000
180775 0.190000
180778 0.194000
180825 0.196000
180859 0.198000
180887 0.200000
180889 0.202000
180929 0.204000
180949 0.206000
180954 0.208000
181012 0.210000
181023 0.212000
181024 0.214000
181027 0.216000
181070 0.218000
181079 0.220000
181092 0.222000
181112 0.224000
181136 0.226000
181141 0.228000
181167 0.230000
181176 0.232000
181183 0.234000
181191 0.236000
181205 0.238000
181214 0.240000
181260 0.242000
181315 0.244000
181332 0.246000
181345 0.248000
181419 0.250000
181421 0.252000
181468 0.254000
181473 0.256000
181495 0.258000
181514 0.260000
181544 0.262000
181579 0.264000
181593 0.266000
181595 0.268000
181621 0.270000
181622 0.272000
181681 0.274000
181740 0.276000
181745 0.278000
181747 0.280000
181770 0.282000
181783 0.286000
181793 0.288000
181835 0.290000
181837 0.292000
181854 0.294000
181867 0.296000
181890 0.298000
181909 0.300000
181914 0.302000
181916 0.304000
181956 0.306000
181965 0.308000
181977 0.310000
181983 0.312000
181995 0.314000
182047 0.316000
182060 0.318000
182063 0.320000
182119 0.322000
182140 0.324000
182146 0.326000
182151 0.328000
182154 0.330000
182155 0.332000
182182 0.334000
182185 0.336000
182187 0.338000
182197 0.340000
182209 0.342000
182238 0.344000
182251 0.346000
182272 0.348000
182285 0.350000
182309 0.352000
182318 0.354000
182368 0.356000
182369 0.358000
182386 0.360000
182393 0.362000
182398 0.364000
182435 0.366000
182493 0.368000
182526 0.370000
182527 0.372000
182532 0.374000
182574 0.376000
182592 0.378000
182595 0.380000
182631 0.382000
182633 0.384000
182635 0.386000
182653 0.388000
182675 0.390000
182692 0.392000
182700 0.394000
182717 0.396000
182722 0.398000
182729 0.400000
182755 0.402000
182794 0.404000
182804 0.406000
182845 0.408000
182847 0.410000
182854 0.412000
182904 0.414000
182952 0.416000
182975 0.418000
182998 0.420000
183009 0.422000
183036 0.424000
183052 0.426000
183066 0.428000
183088 0.430000
183105 0.432000
183123 0.434000
183134 0.436000
183137 0.438000
183172 0.440000
183177 0.442000
183187 0.444000
183211 0.446000
183253 0.448000
183262 0.450000
183323 0.452000
183350 0.454000
183362 0.456000
183396 0.458000
183399 0.460000
183422 0.462000
183433 0.464000
183443 0.466000
183452 0.468000
183459 0.470000
183475 0.472000
183480 0.474000
183511 0.476000
183512 0.478000
183513 0.480000
183525 0.482000
183537 0.484000
183566 0.486000
183633 0.488000
183651 0.490000
183662 0.492000
183669 0.494000
183685 0.496000
183693 0.498000
183706 0.500000
183718 0.502000
183727 0.504000
183747 0.506000
183756 0.508000
183762 0.510000
183772 0.512000
183790 0.514000
183873 0.516000
183920 0.518000
183939 0.520000
183941 0.522000
183965 0.524000
183966 0.526000
184016 0.528000
184051 0.530000
184076 0.532000
184105 0.534000
184133 0.536000
184144 0.538000
184166 0.540000
184178 0.542000
184189 0.544000
184252 0.546000
184255 0.548000
184262 0.550000
184273 0.552000
184323 0.554000
184350 0.556000
184393 0.558000
184425 0.560000
184436 0.562000
184483 0.566000
184496 0.568000
184513 0.570000
184550 0.572000
184553 0.574000
184556 0.576000
184560 0.578000
184564 0.580000
184575 0.582000
184578 0.584000
184606 0.586000
184663 0.588000
184688 0.590000
184695 0.592000
184738 0.596000
184756 0.598000
184759 0.600000
184764 0.602000
184816 0.604000
184828 0.606000
184886 0.608000
184888 0.610000
184932 0.612000
184943 0.614000
184960 0.616000
184975 0.618000
184999 0.620000
185014 0.622000
185048 0.624000
185050 0.626000
185067 0.628000
185072 0.630000
185086 0.632000
185122 0.634000
185127 0.636000
185146 0.638000
185148 0.640000
185184 0.642000
185205 0.644000
185207 0.646000
185210 0.648000
185281 0.650000
185346 0.652000
185397 0.654000
185416 0.656000
185423 0.658000
185436 0.660000
185438 0.662000
185449 0.664000
185459 0.666000
185540 0.668000
185548 0.670000
185569 0.672000
185597 0.674000
185609 0.676000
185620 0.678000
185642 0.680000
185664 0.682000
185746 0.684000
185752 0.688000
185753 0.690000
185758 0.692000
185792 0.694000
185856 0.696000
185864 0.698000
185903 0.700000
185917 0.702000
185930 0.704000
185943 0.706000
185944 0.708000
185945 0.710000
185957 0.712000
185966 0.714000
185972 0.716000
185975 0.718000
186016 0.720000
186065 0.722000
186071 0.724000
186078 0.726000
186121 0.728000
186123 0.730000
186202 0.732000
186221 0.734000
186239 0.738000
186312 0.740000
186348 0.742000
186356 0.744000
186361 0.746000
186366 0.748000
186500 0.750000
186542 0.752000
186567 0.754000
186573 0.756000
186594 0.758000
186609 0.760000
186635 0.762000
186647 0.764000
186661 0.766000
186665 0.768000
186670 0.770000
186679 0.772000
186695 0.774000
186701 0.776000
186740 0.778000
186743 0.780000
186746 0.782000
186750 0.784000
186756 0.786000
186769 0.788000
186777 0.790000
186864 0.792000
186908 0.794000
186917 0.796000
186966 0.798000
186972 0.800000
187029 0.802000
187034 0.804000
187065 0.806000
187082 0.808000
187089 0.810000
187138 0.812000
187146 0.814000
187184 0.816000
187186 0.818000
187187 0.820000
187219 0.822000
187305 0.824000
187366 0.826000
187372 0.828000
187377 0.830000
187588 0.832000
187590 0.834000
187763 0.836000
187818 0.838000
187868 0.840000
187916 0.842000
188043 0.844000
188066 0.846000
188067 0.848000
188184 0.850000
188240 0.852000
188290 0.854000
188293 0.856000
188321 0.858000
188323 0.860000
188338 0.862000
188453 0.864000
188495 0.866000
188504 0.868000
188527 0.870000
188543 0.872000
188561 0.874000
188591 0.876000
188608 0.878000
188632 0.880000
188724 0.882000
188735 0.884000
188823 0.886000
188830 0.888000
188907 0.890000
188925 0.892000
188953 0.894000
189230 0.896000
189277 0.898000
189507 0.900000
189527 0.902000
189546 0.904000
189623 0.906000
189718 0.908000
189722 0.910000
189730 0.912000
189768 0.914000
189944 0.916000
189947 0.918000
189988 0.920000
190037 0.922000
190090 0.924000
190293 0.926000
190554 0.928000
190809 0.930000
190813 0.932000
190903 0.934000
190904 0.936000
190909 0.938000
191097 0.940000
191130 0.942000
191150 0.944000
191297 0.946000
191331 0.948000
191362 0.950000
191440 0.952000
191490 0.954000
191599 0.956000
191848 0.958000
191917 0.960000
192098 0.962000
192132 0.964000
192984 0.966000
193108 0.968000
193413 0.970000
193903 0.972000
193944 0.974000
194095 0.976000
194209 0.978000
194340 0.980000
194525 0.982000
194544 0.984000
194638 0.986000
194968 0.988000
195208 0.990000
195242 0.992000
195286 0.994000
195427 0.996000
196210 0.998000
196249 1.000000


97 0.000000
97 0.002000
101 0.004000
102 0.022000
103 0.028000
104 0.042000
105 0.060000
106 0.178000
107 0.440000
108 0.668000
109 0.874000
110 0.984000
111 0.992000
112 0.996000
113 1.000000


