168822 0.000000
168822 0.001000
173389 0.002000
174368 0.003000
174756 0.004000
177339 0.005000
177513 0.006000
177856 0.007000
178731 0.008000
178878 0.009000
179267 0.010000
179538 0.011000
179622 0.012000
180359 0.013000
181277 0.014000
181462 0.015000
182003 0.016000
182447 0.017000
182600 0.018000
183734 0.019000
185186 0.020000
185193 0.021000
185836 0.022000
185901 0.023000
186005 0.024000
186315 0.025000
186454 0.026000
186703 0.027000
186756 0.028000
187445 0.029000
187480 0.030000
187648 0.031000
187804 0.032000
187926 0.033000
188201 0.034000
188265 0.035000
188549 0.036000
188590 0.037000
188776 0.038000
188783 0.039000
188935 0.040000
189024 0.041000
189798 0.042000
189939 0.043000
190031 0.044000
190193 0.045000
190309 0.046000
190414 0.047000
190456 0.048000
190910 0.049000
190999 0.050000
191044 0.051000
191093 0.052000
191098 0.053000
191258 0.054000
191833 0.055000
191922 0.056000
192091 0.057000
192217 0.058000
192264 0.059000
192351 0.060000
192481 0.061000
192716 0.062000
192819 0.063000
192863 0.064000
192890 0.065000
193221 0.066000
193477 0.067000
193538 0.068000
193759 0.069000
193809 0.070000
193903 0.071000
193992 0.072000
194100 0.073000
194102 0.074000
194177 0.075000
194310 0.076000
194317 0.077000
194354 0.078000
194599 0.079000
194704 0.080000
194735 0.081000
194920 0.082000
194951 0.083000
195239 0.084000
195297 0.085000
195431 0.086000
195451 0.087000
195606 0.088000
195622 0.089000
195873 0.090000
196170 0.091000
196200 0.092000
196404 0.093000
196842 0.094000
196866 0.095000
196952 0.096000
196956 0.097000
197032 0.098000
197748 0.099000
198282 0.100000
198378 0.101000
198629 0.102000
198663 0.103000
198673 0.104000
198781 0.105000
198882 0.106000
198973 0.107000
199369 0.108000
199389 0.109000
199462 0.110000
199586 0.111000
199683 0.112000
199688 0.113000
200079 0.114000
200148 0.116000
200222 0.117000
200223 0.118000
200258 0.119000
200291 0.120000
200403 0.121000
200513 0.123000
200563 0.124000
200654 0.125000
200713 0.126000
200726 0.127000
200939 0.128000
201021 0.129000
201117 0.130000
201433 0.131000
201505 0.132000
201629 0.133000
201630 0.134000
201805 0.135000
202406 0.136000
202594 0.137000
202770 0.138000
202811 0.139000
202885 0.140000
203074 0.141000
203165 0.142000
203186 0.143000
203273 0.144000
203303 0.145000
203566 0.146000
203574 0.147000
203720 0.148000
203855 0.149000
203910 0.150000
203931 0.151000
203978 0.152000
204016 0.153000
204092 0.154000
204193 0.155000
204344 0.156000
204365 0.157000
204386 0.158000
204450 0.159000
204764 0.160000
204771 0.161000
204786 0.162000
205135 0.163000
205147 0.164000
205179 0.165000
205186 0.166000
205263 0.167000
205282 0.168000
205299 0.169000
205506 0.170000
205539 0.171000
205611 0.172000
205749 0.173000
205778 0.174000
205834 0.175000
205870 0.176000
205895 0.177000
205898 0.178000
205904 0.179000
205906 0.180000
205976 0.181000
205995 0.182000
206059 0.183000
206068 0.184000
206384 0.185000
206520 0.186000
206704 0.187000
206726 0.188000
206787 0.189000
206841 0.190000
206912 0.191000
206932 0.192000
206944 0.193000
206946 0.194000
207251 0.195000
207473 0.196000
207870 0.197000
208093 0.198000
208154 0.199000
208181 0.200000
208214 0.201000
208645 0.202000
208691 0.203000
208714 0.204000
208786 0.205000
208795 0.206000
208806 0.207000
208870 0.208000
208881 0.209000
208909 0.210000
208926 0.211000
209073 0.212000
209144 0.213000
209389 0.214000
209464 0.215000
209520 0.216000
209612 0.217000
209718 0.218000
209792 0.219000
209814 0.220000
209824 0.221000
209888 0.222000
209916 0.223000
209996 0.224000
210045 0.225000
210169 0.226000
210178 0.227000
210180 0.228000
210229 0.229000
210335 0.230000
210439 0.231000
210496 0.232000
210528 0.233000
210694 0.234000
210725 0.235000
210740 0.236000
210802 0.237000
211027 0.238000
211119 0.239000
211211 0.240000
211320 0.241000
211347 0.242000
211460 0.243000
211520 0.244000
211591 0.245000
211608 0.246000
211672 0.247000
211700 0.248000
212238 0.249000
212271 0.250000
212272 0.251000
212278 0.252000
212343 0.253000
212396 0.254000
212544 0.255000
212582 0.256000
212636 0.257000
212652 0.258000
212661 0.259000
212721 0.260000
212751 0.261000
212792 0.262000
212834 0.263000
212920 0.264000
212966 0.265000
213232 0.266000
213260 0.267000
213395 0.268000
213544 0.269000
213550 0.270000
213565 0.271000
213730 0.272000
213764 0.273000
213870 0.274000
214053 0.275000
214079 0.276000
214180 0.277000
214187 0.278000
214214 0.279000
214241 0.280000
214281 0.281000
214295 0.282000
214339 0.283000
214406 0.284000
214410 0.285000
214508 0.286000
214519 0.287000
214782 0.288000
214790 0.289000
214798 0.290000
214868 0.291000
214945 0.292000
214962 0.293000
215104 0.294000
215107 0.295000
215116 0.296000
215117 0.297000
215149 0.298000
215159 0.299000
215205 0.300000
215219 0.301000
215237 0.302000
215332 0.303000
215364 0.304000
215368 0.305000
215426 0.306000
215463 0.307000
215472 0.308000
215629 0.309000
215638 0.310000
215639 0.311000
215640 0.312000
215670 0.313000
215689 0.314000
215727 0.315000
215733 0.316000
215750 0.317000
215771 0.318000
215860 0.319000
215916 0.320000
215963 0.321000
215967 0.322000
215982 0.323000
216013 0.324000
216022 0.325000
216104 0.326000
216136 0.327000
216140 0.328000
216207 0.329000
216287 0.330000
216341 0.331000
216417 0.332000
216436 0.333000
216441 0.334000
216504 0.335000
216816 0.336000
216857 0.337000
216892 0.338000
216991 0.339000
217027 0.340000
217028 0.341000
217029 0.342000
217131 0.343000
217149 0.344000
217167 0.345000
217250 0.346000
217425 0.347000
217479 0.348000
217524 0.349000
217526 0.350000
217564 0.351000
217585 0.352000
217596 0.353000
217611 0.354000
217634 0.355000
217761 0.356000
217780 0.357000
217869 0.358000
217877 0.359000
217919 0.360000
217928 0.361000
217999 0.362000
218018 0.363000
218129 0.364000
218230 0.365000
218235 0.366000
218351 0.367000
218357 0.368000
218453 0.369000
218618 0.370000
218645 0.371000
218697 0.372000
218734 0.373000
218843 0.374000
218999 0.375000
219006 0.376000
219147 0.377000
219304 0.378000
219386 0.379000
219411 0.380000
219453 0.381000
219461 0.382000
219499 0.383000
219511 0.384000
219517 0.385000
219529 0.386000
219549 0.387000
219567 0.388000
219647 0.389000
219705 0.390000
219824 0.391000
219854 0.392000
219857 0.393000
219938 0.394000
219949 0.395000
219970 0.396000
220001 0.397000
220105 0.398000
220148 0.399000
220188 0.400000
220210 0.401000
220330 0.402000
220372 0.403000
220472 0.404000
220552 0.405000
220785 0.406000
220790 0.407000
220882 0.408000
220905 0.409000
220906 0.410000
221032 0.411000
221060 0.412000
221088 0.413000
221110 0.414000
221115 0.415000
221131 0.416000
221193 0.417000
221217 0.418000
221283 0.419000
221285 0.420000
221290 0.421000
221346 0.422000
221361 0.423000
221384 0.424000
221420 0.425000
221507 0.426000
221512 0.427000
221587 0.428000
221595 0.429000
221633 0.430000
221647 0.431000
221842 0.432000
221851 0.433000
221964 0.434000
221999 0.435000
222023 0.436000
222072 0.437000
222183 0.438000
222246 0.439000
222349 0.440000
222355 0.441000
222382 0.442000
222402 0.443000
222465 0.444000
222468 0.445000
222523 0.446000
222531 0.447000
222547 0.448000
222707 0.449000
222944 0.450000
222949 0.451000
223013 0.452000
223077 0.453000
223227 0.454000
223278 0.455000
223293 0.456000
223322 0.457000
223357 0.458000
223387 0.459000
223425 0.460000
223440 0.461000
223445 0.462000
223478 0.463000
223529 0.464000
223572 0.465000
223644 0.466000
223720 0.467000
223730 0.468000
223731 0.469000
223760 0.470000
223794 0.471000
223856 0.472000
223888 0.473000
223935 0.474000
224103 0.475000
224116 0.476000
224139 0.477000
224170 0.478000
224178 0.479000
224222 0.480000
224262 0.481000
224266 0.482000
224310 0.483000
224378 0.484000
224400 0.485000
224434 0.486000
224445 0.487000
224455 0.488000
224522 0.489000
224648 0.490000
224673 0.491000
224721 0.492000
224749 0.493000
224775 0.494000
224846 0.495000
224907 0.496000
224938 0.497000
224943 0.498000
224971 0.499000
224978 0.501000
224997 0.502000
225046 0.503000
225198 0.504000
225256 0.505000
225306 0.506000
225335 0.507000
225386 0.508000
225407 0.509000
225426 0.510000
225438 0.511000
225461 0.512000
225509 0.513000
225571 0.514000
225599 0.515000
225608 0.516000
225675 0.517000
225740 0.518000
225805 0.519000
225828 0.520000
226031 0.521000
226189 0.522000
226214 0.523000
226311 0.524000
226337 0.525000
226366 0.526000
226411 0.527000
226517 0.528000
226570 0.529000
226593 0.530000
226662 0.531000
226667 0.533000
226677 0.534000
226690 0.535000
226804 0.536000
226819 0.537000
226848 0.538000
226872 0.539000
226875 0.540000
226911 0.541000
226961 0.542000
226983 0.543000
227067 0.544000
227201 0.545000
227228 0.546000
227265 0.547000
227323 0.548000
227370 0.549000
227441 0.550000
227478 0.551000
227496 0.552000
227695 0.553000
227729 0.554000
227963 0.555000
228039 0.556000
228050 0.557000
228095 0.558000
228111 0.559000
228144 0.560000
228156 0.561000
228160 0.562000
228178 0.563000
228189 0.564000
228202 0.565000
228215 0.566000
228219 0.567000
228291 0.568000
228317 0.569000
228344 0.570000
228395 0.571000
228493 0.572000
228501 0.573000
228584 0.574000
228639 0.575000
228667 0.576000
228700 0.577000
228747 0.578000
228758 0.579000
228862 0.580000
228875 0.581000
228877 0.582000
228903 0.583000
228911 0.584000
228962 0.585000
229063 0.586000
229065 0.587000
229108 0.588000
229109 0.589000
229143 0.590000
229193 0.591000
229252 0.592000
229294 0.593000
229329 0.594000
229342 0.595000
229345 0.596000
229405 0.597000
229558 0.598000
229574 0.599000
229605 0.600000
229624 0.601000
229645 0.602000
229697 0.603000
229778 0.604000
229836 0.605000
229842 0.606000
229853 0.607000
229974 0.608000
230113 0.609000
230126 0.610000
230159 0.611000
230215 0.612000
230313 0.613000
230323 0.614000
230343 0.615000
230384 0.616000
230390 0.618000
230418 0.619000
230432 0.620000
230485 0.621000
230501 0.622000
230525 0.623000
230579 0.624000
230580 0.625000
230612 0.626000
230627 0.627000
230688 0.628000
230739 0.629000
230831 0.630000
230866 0.631000
230881 0.632000
230885 0.633000
230901 0.634000
231016 0.635000
231073 0.636000
231129 0.637000
231152 0.638000
231153 0.639000
231194 0.640000
231196 0.641000
231212 0.642000
231308 0.643000
231419 0.644000
231460 0.645000
231471 0.646000
231494 0.647000
231663 0.648000
231695 0.649000
231737 0.650000
231817 0.651000
231860 0.652000
231901 0.653000
231951 0.654000
232007 0.655000
232131 0.656000
232185 0.657000
232195 0.658000
232235 0.659000
232335 0.660000
232412 0.661000
232468 0.662000
232473 0.663000
232545 0.664000
232560 0.665000
232591 0.666000
232612 0.667000
232651 0.668000
232667 0.669000
232676 0.670000
232738 0.671000
232740 0.672000
232773 0.673000
232781 0.674000
232803 0.675000
232830 0.676000
232854 0.677000
232969 0.678000
233072 0.679000
233096 0.680000
233138 0.681000
233146 0.683000
233164 0.684000
233213 0.685000
233287 0.686000
233328 0.687000
233339 0.688000
233455 0.689000
233467 0.690000
233551 0.691000
233608 0.692000
233663 0.693000
233855 0.694000
233879 0.695000
233968 0.696000
234057 0.697000
234112 0.698000
234154 0.699000
234178 0.700000
234194 0.701000
234301 0.702000
234312 0.703000
234322 0.704000
234386 0.705000
234401 0.706000
234552 0.707000
234582 0.708000
234624 0.709000
234694 0.710000
234730 0.711000
234744 0.712000
234770 0.713000
234821 0.714000
234833 0.715000
234836 0.716000
234837 0.717000
234889 0.718000
234915 0.719000
234920 0.720000
235106 0.721000
235173 0.722000
235178 0.723000
235231 0.724000
235264 0.725000
235290 0.726000
235291 0.727000
235324 0.728000
235344 0.729000
235648 0.730000
235660 0.731000
235737 0.732000
235748 0.733000
235841 0.734000
235848 0.735000
236118 0.736000
236119 0.737000
236123 0.738000
236138 0.739000
236403 0.740000
236407 0.741000
236441 0.742000
236470 0.743000
236626 0.744000
236728 0.745000
236779 0.746000
236782 0.747000
236906 0.748000
236923 0.749000
237031 0.750000
237069 0.751000
237097 0.752000
237206 0.753000
237261 0.754000
237267 0.755000
237346 0.756000
237369 0.757000
237472 0.758000
237554 0.759000
237656 0.760000
237718 0.761000
237721 0.762000
237762 0.763000
237809 0.764000
237864 0.765000
237904 0.766000
237910 0.767000
237954 0.768000
238021 0.769000
238150 0.770000
238216 0.771000
238285 0.772000
238313 0.773000
238335 0.774000
238359 0.775000
238415 0.776000
238431 0.777000
238443 0.778000
238487 0.779000
238605 0.780000
238656 0.781000
238783 0.782000
238788 0.783000
238883 0.784000
238976 0.786000
239018 0.787000
239045 0.788000
239049 0.789000
239072 0.790000
239093 0.791000
239104 0.792000
239162 0.793000
239235 0.794000
239276 0.795000
239327 0.796000
239358 0.797000
239365 0.798000
239483 0.799000
239500 0.800000
239522 0.801000
239527 0.802000
239696 0.803000
239833 0.804000
239869 0.805000
239921 0.806000
239946 0.807000
240024 0.808000
240037 0.809000
240101 0.810000
240116 0.811000
240177 0.812000
240195 0.813000
240211 0.814000
240291 0.815000
240294 0.816000
240337 0.817000
240344 0.818000
240369 0.819000
240561 0.820000
240604 0.821000
240789 0.822000
241002 0.823000
241037 0.824000
241060 0.825000
241108 0.826000
241205 0.827000
241414 0.828000
241476 0.829000
241590 0.830000
241615 0.831000
241638 0.832000
241687 0.833000
241727 0.834000
241794 0.835000
241814 0.836000
241820 0.837000
241849 0.838000
241876 0.839000
241953 0.840000
241986 0.841000
242033 0.842000
242060 0.843000
242155 0.844000
242218 0.845000
242244 0.846000
242264 0.847000
242282 0.848000
242448 0.849000
242468 0.850000
242544 0.851000
242559 0.852000
242606 0.853000
242634 0.854000
242914 0.855000
242927 0.856000
242951 0.857000
242966 0.858000
242968 0.859000
243011 0.860000
243044 0.861000
243079 0.862000
243164 0.863000
243198 0.864000
243267 0.865000
243309 0.866000
243831 0.867000
243844 0.868000
243845 0.869000
243961 0.870000
244190 0.871000
244199 0.872000
244239 0.873000
244255 0.874000
244315 0.875000
244375 0.876000
244423 0.877000
244452 0.878000
244495 0.879000
244541 0.880000
244568 0.881000
244608 0.882000
244755 0.883000
244775 0.884000
244779 0.885000
244868 0.886000
245084 0.887000
245230 0.888000
245249 0.889000
245267 0.890000
245315 0.891000
245355 0.892000
245503 0.893000
245608 0.894000
245671 0.895000
245738 0.896000
245963 0.897000
245985 0.898000
246016 0.899000
246018 0.900000
246167 0.901000
246402 0.902000
246488 0.903000
246494 0.904000
246548 0.905000
246589 0.906000
247117 0.907000
247143 0.908000
247176 0.909000
247280 0.910000
247569 0.911000
247629 0.912000
247642 0.913000
247809 0.914000
247883 0.915000
247927 0.916000
247961 0.917000
248010 0.918000
248159 0.919000
248160 0.920000
248367 0.921000
248428 0.922000
248429 0.923000
248474 0.924000
248524 0.925000
248573 0.926000
248660 0.927000
248679 0.928000
248836 0.929000
248967 0.930000
249023 0.931000
249186 0.932000
249225 0.933000
249606 0.934000
249657 0.935000
250385 0.936000
250426 0.937000
250497 0.938000
250561 0.939000
250648 0.940000
250828 0.941000
250997 0.942000
251117 0.943000
251525 0.944000
251579 0.945000
251615 0.946000
251929 0.947000
251942 0.948000
252330 0.949000
252377 0.950000
252745 0.951000
253008 0.952000
253377 0.953000
253413 0.954000
253485 0.955000
254648 0.956000
254755 0.957000
255029 0.958000
255153 0.959000
255227 0.960000
255430 0.961000
255483 0.962000
255506 0.963000
255676 0.964000
255718 0.965000
255978 0.966000
256460 0.967000
256981 0.968000
257048 0.969000
257201 0.970000
257386 0.971000
257769 0.972000
258291 0.973000
258891 0.974000
259505 0.975000
260030 0.976000
260338 0.977000
260540 0.978000
260903 0.979000
261048 0.980000
261371 0.981000
261628 0.982000
261708 0.983000
262005 0.984000
262247 0.985000
262649 0.986000
263252 0.987000
263276 0.988000
263408 0.989000
263777 0.990000
264539 0.991000
265317 0.992000
265857 0.993000
269191 0.994000
271126 0.995000
272368 0.996000
272743 0.997000
272932 0.998000
275126 0.999000
277777 1.000000


97 0.000000
97 0.001000
98 0.004000
99 0.015000
100 0.032000
101 0.045000
102 0.068000
103 0.107000
104 0.145000
105 0.205000
106 0.264000
107 0.345000
108 0.409000
109 0.468000
110 0.525000
111 0.593000
112 0.651000
113 0.706000
114 0.756000
115 0.789000
116 0.819000
117 0.843000
118 0.860000
119 0.872000
120 0.889000
121 0.902000
122 0.914000
123 0.918000
124 0.927000
125 0.934000
126 0.939000
127 0.943000
128 0.951000
129 0.955000
130 0.964000
131 0.968000
132 0.969000
133 0.970000
134 0.974000
135 0.977000
136 0.978000
137 0.982000
138 0.984000
139 0.990000
140 0.991000
141 0.992000
142 0.993000
143 0.994000
144 0.997000
146 0.999000
149 1.000000


