222667 0.000000
222667 0.002000
224579 0.004000
233113 0.006000
233167 0.008000
233676 0.010000
233763 0.012000
233812 0.014000
233827 0.016000
233882 0.018000
234010 0.020000
234262 0.022000
234396 0.024000
234448 0.026000
234535 0.028000
234653 0.030000
236203 0.032000
236364 0.034000
236379 0.036000
236434 0.038000
236697 0.040000
236717 0.042000
236956 0.044000
237022 0.046000
237050 0.048000
237086 0.050000
237092 0.052000
237250 0.054000
237278 0.058000
237396 0.060000
237426 0.062000
237531 0.064000
237664 0.066000
237790 0.068000
237799 0.070000
237816 0.072000
237885 0.074000
238002 0.076000
238107 0.078000
238461 0.080000
238477 0.082000
238576 0.084000
238714 0.086000
238842 0.088000
238956 0.090000
238957 0.092000
238980 0.094000
239005 0.096000
239025 0.100000
239084 0.102000
239196 0.104000
239208 0.106000
239248 0.108000
239299 0.110000
239323 0.112000
239347 0.114000
239352 0.116000
239373 0.118000
239387 0.120000
239450 0.122000
239486 0.124000
239511 0.126000
239517 0.128000
239533 0.130000
239559 0.132000
239595 0.134000
239606 0.136000
239620 0.138000
239649 0.140000
239734 0.142000
239793 0.144000
239828 0.146000
239840 0.148000
239843 0.150000
239850 0.152000
239852 0.154000
239856 0.156000
239961 0.158000
239965 0.160000
239976 0.162000
239978 0.164000
240000 0.166000
240007 0.168000
240016 0.170000
240023 0.172000
240048 0.174000
240049 0.176000
240066 0.180000
240084 0.182000
240086 0.184000
240118 0.186000
240149 0.188000
240150 0.190000
240152 0.192000
240182 0.194000
240187 0.196000
240243 0.198000
240257 0.200000
240259 0.204000
240273 0.206000
240278 0.208000
240300 0.210000
240305 0.212000
240310 0.214000
240346 0.216000
240368 0.218000
240371 0.220000
240393 0.222000
240452 0.224000
240482 0.226000
240538 0.228000
240548 0.230000
240627 0.232000
240675 0.234000
240684 0.236000
240754 0.238000
240762 0.240000
240782 0.242000
240801 0.244000
240818 0.246000
240871 0.248000
240886 0.250000
240922 0.252000
240925 0.254000
240982 0.256000
241024 0.258000
241032 0.260000
241038 0.262000
241056 0.264000
241061 0.266000
241119 0.268000
241130 0.270000
241136 0.272000
241142 0.274000
241163 0.276000
241165 0.278000
241182 0.280000
241200 0.282000
241209 0.284000
241213 0.286000
241221 0.288000
241224 0.290000
241238 0.292000
241265 0.294000
241308 0.298000
241319 0.300000
241341 0.302000
241343 0.304000
241355 0.306000
241388 0.308000
241429 0.310000
241457 0.312000
241459 0.314000
241467 0.316000
241472 0.318000
241491 0.320000
241495 0.324000
241508 0.326000
241533 0.328000
241580 0.330000
241629 0.332000
241654 0.334000
241663 0.336000
241665 0.338000
241698 0.340000
241711 0.342000
241747 0.344000
241772 0.346000
241815 0.348000
241832 0.350000
241882 0.352000
241942 0.354000
242220 0.356000
242229 0.358000
242257 0.360000
242302 0.362000
242371 0.364000
242380 0.366000
242430 0.368000
242483 0.370000
242523 0.372000
242537 0.374000
242545 0.376000
242549 0.378000
242612 0.380000
242632 0.382000
242654 0.384000
242664 0.386000
242670 0.388000
242672 0.390000
242728 0.392000
242748 0.394000
242784 0.396000
242805 0.398000
242812 0.400000
242813 0.402000
242816 0.404000
242823 0.406000
242845 0.408000
242847 0.410000
242855 0.412000
242856 0.414000
242889 0.416000
242905 0.418000
242913 0.420000
242919 0.422000
242924 0.424000
242940 0.426000
242941 0.428000
242953 0.430000
242975 0.432000
242987 0.434000
242997 0.436000
243011 0.438000
243031 0.440000
243065 0.442000
243075 0.444000
243080 0.446000
243083 0.448000
243093 0.450000
243101 0.452000
243120 0.454000
243130 0.456000
243134 0.458000
243145 0.462000
243150 0.466000
243192 0.468000
243203 0.470000
243206 0.472000
243215 0.474000
243230 0.476000
243261 0.478000
243263 0.480000
243279 0.482000
243287 0.484000
243294 0.486000
243313 0.488000
243315 0.490000
243336 0.492000
243346 0.494000
243360 0.496000
243368 0.500000
243383 0.502000
243391 0.504000
243403 0.506000
243412 0.508000
243425 0.510000
243471 0.512000
243496 0.514000
243500 0.516000
243502 0.518000
243504 0.520000
243507 0.522000
243531 0.524000
243537 0.526000
243543 0.528000
243560 0.530000
243565 0.532000
243571 0.534000
243574 0.536000
243575 0.538000
243584 0.540000
243589 0.542000
243592 0.544000
243597 0.546000
243603 0.548000
243621 0.550000
243626 0.552000
243636 0.554000
243643 0.556000
243645 0.558000
243652 0.560000
243666 0.562000
243678 0.564000
243679 0.566000
243683 0.568000
243689 0.570000
243693 0.572000
243701 0.574000
243707 0.576000
243710 0.578000
243712 0.580000
243713 0.582000
243717 0.586000
243724 0.588000
243732 0.590000
243751 0.592000
243773 0.594000
243774 0.596000
243778 0.598000
243796 0.600000
243800 0.602000
243804 0.604000
243809 0.606000
243811 0.608000
243816 0.610000
243817 0.612000
243818 0.614000
243839 0.616000
243851 0.618000
243864 0.620000
243876 0.622000
243881 0.624000
243885 0.626000
243886 0.628000
243926 0.630000
243930 0.634000
243932 0.636000
243940 0.638000
243983 0.640000
244002 0.642000
244007 0.644000
244043 0.646000
244051 0.648000
244056 0.650000
244070 0.652000
244083 0.654000
244128 0.656000
244148 0.658000
244161 0.660000
244185 0.662000
244195 0.664000
244202 0.666000
244218 0.668000
244241 0.670000
244251 0.674000
244301 0.676000
244324 0.678000
244346 0.680000
244355 0.682000
244369 0.684000
244375 0.686000
244390 0.688000
244400 0.690000
244434 0.692000
244439 0.694000
244463 0.696000
244467 0.698000
244491 0.700000
244492 0.702000
244494 0.704000
244513 0.706000
244589 0.708000
244606 0.710000
244617 0.712000
244692 0.714000
244722 0.716000
244780 0.718000
244823 0.720000
244829 0.722000
244892 0.724000
244910 0.726000
244926 0.728000
244932 0.730000
244937 0.732000
244943 0.734000
244944 0.736000
245002 0.738000
245006 0.740000
245053 0.742000
245077 0.744000
245080 0.746000
245169 0.748000
245241 0.750000
245243 0.752000
245261 0.754000
245318 0.756000
245330 0.758000
245339 0.760000
245352 0.762000
245383 0.764000
245396 0.766000
245399 0.768000
245416 0.770000
245426 0.772000
245436 0.776000
245449 0.778000
245460 0.780000
245475 0.782000
245478 0.784000
245620 0.786000
245707 0.788000
245709 0.790000
245825 0.792000
245960 0.794000
246005 0.796000
246077 0.798000
246150 0.800000
246252 0.802000
246445 0.804000
246493 0.806000
246615 0.808000
246678 0.810000
246716 0.812000
246736 0.814000
246776 0.816000
246801 0.818000
246804 0.820000
246822 0.822000
246841 0.824000
246843 0.826000
246900 0.828000
246915 0.830000
246926 0.832000
246962 0.834000
246965 0.836000
246969 0.838000
246975 0.840000
247029 0.842000
247050 0.844000
247075 0.846000
247096 0.848000
247105 0.852000
247122 0.854000
247140 0.856000
247146 0.858000
247151 0.860000
247162 0.862000
247204 0.864000
247205 0.866000
247239 0.868000
247302 0.870000
247368 0.872000
247370 0.874000
247514 0.876000
247518 0.878000
247562 0.880000
247616 0.882000
247619 0.884000
247660 0.886000
247675 0.888000
247678 0.890000
247716 0.892000
247758 0.894000
247772 0.896000
247808 0.898000
247818 0.900000
247888 0.902000
247957 0.904000
248093 0.906000
248098 0.908000
248101 0.910000
248103 0.912000
248143 0.914000
248166 0.916000
248175 0.920000
248182 0.922000
248194 0.924000
248224 0.926000
248284 0.928000
248289 0.930000
248297 0.932000
248323 0.934000
248326 0.936000
248328 0.938000
248655 0.940000
249056 0.942000
249240 0.944000
249612 0.946000
249614 0.948000
249629 0.950000
249667 0.952000
249670 0.954000
250130 0.956000
250216 0.958000
250337 0.960000
250795 0.962000
251181 0.964000
251187 0.966000
251215 0.968000
251253 0.970000
251368 0.972000
251382 0.974000
251467 0.976000
251478 0.978000
251660 0.980000
252058 0.982000
252064 0.984000
252295 0.986000
253818 0.988000
254636 0.990000
255007 0.992000
255859 0.994000
258867 0.996000
259051 0.998000
259311 1.000000


