186994 0.000000
186994 0.001000
187094 0.002000
188585 0.003000
189017 0.004000
189231 0.005000
189577 0.006000
189686 0.007000
190010 0.008000
190141 0.009000
190156 0.010000
190721 0.011000
191029 0.012000
192182 0.013000
192672 0.014000
192859 0.015000
192899 0.016000
192907 0.017000
193468 0.018000
193535 0.019000
193644 0.020000
193770 0.021000
194100 0.022000
194263 0.023000
194497 0.024000
194581 0.025000
194676 0.026000
194703 0.027000
194827 0.028000
194932 0.029000
195485 0.030000
195666 0.031000
196612 0.032000
196826 0.033000
197294 0.034000
197401 0.035000
197454 0.036000
197529 0.037000
197612 0.038000
197624 0.039000
197841 0.040000
197846 0.041000
198102 0.042000
198111 0.043000
198124 0.044000
198173 0.045000
198241 0.046000
198319 0.047000
198352 0.048000
198417 0.049000
198517 0.050000
198579 0.051000
198642 0.052000
198727 0.053000
198728 0.054000
198742 0.055000
198860 0.056000
198904 0.057000
198917 0.058000
198955 0.059000
199028 0.060000
199227 0.061000
199333 0.062000
199419 0.063000
199585 0.064000
199636 0.065000
199659 0.066000
199670 0.067000
199870 0.068000
199931 0.069000
199970 0.070000
199987 0.071000
200102 0.072000
200127 0.073000
200253 0.074000
200390 0.075000
200420 0.076000
200455 0.077000
200583 0.078000
200598 0.080000
200670 0.081000
200731 0.082000
200776 0.083000
200804 0.084000
200850 0.085000
201061 0.086000
201195 0.087000
201216 0.088000
201234 0.089000
201241 0.090000
201385 0.091000
201451 0.092000
201453 0.093000
201585 0.094000
201691 0.095000
201736 0.096000
201775 0.097000
201877 0.098000
201975 0.099000
202055 0.100000
202083 0.101000
202271 0.102000
202325 0.103000
202425 0.104000
202467 0.105000
202484 0.106000
202595 0.107000
202647 0.108000
202651 0.109000
202724 0.110000
202735 0.111000
202755 0.112000
202794 0.113000
202800 0.114000
202806 0.115000
202824 0.116000
202864 0.117000
203033 0.118000
203073 0.119000
203091 0.120000
203102 0.121000
203215 0.122000
203295 0.123000
203425 0.124000
203535 0.125000
203570 0.126000
203602 0.127000
203624 0.128000
203651 0.129000
203698 0.130000
203739 0.131000
203806 0.132000
203912 0.133000
203986 0.134000
204031 0.135000
204112 0.136000
204160 0.137000
204206 0.138000
204306 0.139000
204447 0.140000
204497 0.141000
204525 0.142000
204539 0.143000
204751 0.144000
204816 0.145000
204821 0.146000
204858 0.147000
204894 0.148000
204922 0.149000
204980 0.150000
204982 0.151000
205044 0.152000
205053 0.153000
205091 0.154000
205098 0.155000
205103 0.156000
205119 0.157000
205121 0.158000
205173 0.159000
205176 0.160000
205230 0.161000
205247 0.162000
205374 0.163000
205402 0.164000
205406 0.165000
205444 0.166000
205532 0.167000
205593 0.168000
205619 0.169000
205686 0.170000
205711 0.171000
205724 0.172000
205732 0.173000
205789 0.174000
205801 0.175000
205834 0.176000
205972 0.177000
205980 0.178000
205997 0.179000
206048 0.180000
206059 0.181000
206060 0.182000
206097 0.183000
206128 0.184000
206187 0.185000
206202 0.186000
206288 0.187000
206331 0.188000
206376 0.189000
206384 0.190000
206402 0.191000
206409 0.192000
206429 0.193000
206445 0.194000
206466 0.195000
206508 0.196000
206512 0.197000
206751 0.198000
206760 0.199000
206767 0.200000
206839 0.201000
206848 0.202000
206905 0.203000
206924 0.204000
206928 0.205000
206933 0.206000
206939 0.207000
206946 0.208000
206978 0.209000
207023 0.210000
207093 0.211000
207135 0.212000
207171 0.213000
207175 0.214000
207274 0.215000
207293 0.216000
207467 0.217000
207519 0.218000
207566 0.219000
207641 0.220000
207650 0.221000
207675 0.222000
207742 0.223000
207765 0.224000
207783 0.225000
207816 0.226000
207842 0.227000
207897 0.228000
207909 0.229000
207962 0.230000
207981 0.231000
207987 0.232000
208018 0.233000
208043 0.234000
208054 0.235000
208110 0.236000
208124 0.237000
208154 0.238000
208170 0.239000
208207 0.240000
208226 0.241000
208265 0.242000
208280 0.243000
208301 0.244000
208310 0.245000
208622 0.246000
208642 0.247000
208644 0.248000
208658 0.249000
208691 0.250000
208701 0.251000
208755 0.252000
208785 0.253000
208824 0.254000
208916 0.255000
208920 0.256000
209014 0.257000
209053 0.258000
209115 0.259000
209180 0.260000
209181 0.261000
209241 0.262000
209260 0.263000
209263 0.264000
209273 0.265000
209301 0.266000
209315 0.267000
209321 0.268000
209357 0.269000
209447 0.270000
209476 0.271000
209506 0.273000
209520 0.274000
209546 0.275000
209590 0.276000
209592 0.277000
209597 0.279000
209650 0.280000
209687 0.281000
209724 0.282000
209781 0.283000
209818 0.284000
209900 0.285000
209943 0.287000
209948 0.288000
209955 0.289000
210005 0.290000
210098 0.291000
210128 0.292000
210147 0.293000
210161 0.294000
210229 0.295000
210267 0.296000
210289 0.297000
210359 0.298000
210374 0.299000
210423 0.300000
210461 0.302000
210469 0.303000
210503 0.304000
210536 0.305000
210688 0.306000
210694 0.307000
210743 0.308000
210791 0.309000
210794 0.310000
210860 0.311000
210862 0.312000
210889 0.313000
210947 0.314000
211013 0.315000
211020 0.316000
211030 0.317000
211038 0.318000
211082 0.319000
211098 0.320000
211180 0.321000
211240 0.322000
211293 0.323000
211326 0.324000
211345 0.325000
211365 0.326000
211405 0.327000
211485 0.328000
211616 0.329000
211628 0.330000
211670 0.331000
211737 0.332000
211839 0.333000
211853 0.334000
211880 0.335000
212004 0.336000
212007 0.337000
212113 0.338000
212145 0.339000
212146 0.340000
212148 0.341000
212177 0.342000
212222 0.343000
212237 0.344000
212322 0.345000
212338 0.346000
212556 0.347000
212577 0.348000
212586 0.349000
212597 0.350000
212672 0.351000
212699 0.352000
212744 0.353000
212839 0.354000
212856 0.355000
212960 0.356000
212974 0.357000
213035 0.358000
213040 0.359000
213086 0.360000
213087 0.361000
213088 0.362000
213120 0.363000
213210 0.364000
213245 0.365000
213246 0.366000
213268 0.367000
213280 0.368000
213289 0.369000
213298 0.370000
213300 0.371000
213302 0.372000
213310 0.373000
213330 0.374000
213358 0.375000
213403 0.376000
213497 0.377000
213544 0.378000
213571 0.379000
213613 0.380000
213706 0.381000
213710 0.382000
213884 0.383000
213917 0.384000
213986 0.385000
214060 0.386000
214076 0.387000
214123 0.388000
214134 0.389000
214181 0.390000
214210 0.391000
214244 0.392000
214297 0.393000
214373 0.394000
214422 0.395000
214440 0.396000
214453 0.397000
214456 0.398000
214465 0.399000
214546 0.400000
214559 0.401000
214574 0.402000
214592 0.403000
214624 0.404000
214654 0.405000
214713 0.406000
214745 0.407000
214772 0.408000
214778 0.409000
214844 0.410000
214865 0.411000
214916 0.412000
215013 0.413000
215113 0.414000
215122 0.415000
215156 0.416000
215174 0.417000
215249 0.418000
215291 0.419000
215334 0.420000
215353 0.421000
215448 0.422000
215494 0.423000
215521 0.424000
215563 0.425000
215592 0.426000
215626 0.428000
215645 0.429000
215670 0.430000
215681 0.431000
215685 0.432000
215688 0.433000
215718 0.434000
215733 0.435000
215737 0.436000
215811 0.437000
215821 0.438000
215825 0.439000
215842 0.440000
215969 0.441000
215980 0.442000
216160 0.443000
216285 0.444000
216377 0.445000
216384 0.446000
216412 0.447000
216522 0.448000
216542 0.449000
216597 0.450000
216608 0.451000
216633 0.452000
216732 0.453000
216734 0.454000
216752 0.455000
216763 0.456000
216771 0.457000
216810 0.458000
216823 0.459000
216825 0.460000
216855 0.461000
216860 0.462000
216888 0.463000
216896 0.464000
216900 0.466000
216920 0.467000
216935 0.468000
216937 0.469000
217053 0.470000
217154 0.471000
217155 0.472000
217161 0.473000
217182 0.474000
217186 0.475000
217274 0.476000
217295 0.477000
217390 0.478000
217406 0.479000
217595 0.480000
217598 0.481000
217675 0.482000
217723 0.483000
217737 0.484000
217771 0.485000
217788 0.486000
217839 0.487000
217857 0.488000
217867 0.489000
217872 0.490000
217995 0.491000
218052 0.492000
218165 0.493000
218177 0.494000
218340 0.495000
218341 0.496000
218342 0.497000
218385 0.498000
218498 0.499000
218516 0.500000
218575 0.501000
218639 0.502000
218643 0.503000
218647 0.504000
218662 0.505000
218733 0.506000
218734 0.507000
218869 0.508000
218887 0.509000
218898 0.510000
218912 0.511000
218913 0.512000
218961 0.513000
218964 0.514000
219045 0.515000
219084 0.516000
219101 0.517000
219102 0.518000
219161 0.519000
219185 0.520000
219189 0.521000
219193 0.522000
219228 0.523000
219250 0.524000
219253 0.525000
219266 0.526000
219347 0.527000
219406 0.528000
219414 0.529000
219479 0.530000
219504 0.531000
219620 0.532000
219623 0.533000
219637 0.534000
219651 0.535000
219664 0.537000
219706 0.538000
219713 0.539000
219774 0.540000
219847 0.541000
219881 0.542000
219935 0.543000
219998 0.544000
220053 0.545000
220088 0.546000
220094 0.547000
220106 0.548000
220114 0.549000
220164 0.550000
220207 0.551000
220215 0.552000
220222 0.553000
220253 0.554000
220259 0.555000
220265 0.556000
220270 0.557000
220290 0.558000
220305 0.559000
220324 0.560000
220344 0.561000
220367 0.562000
220387 0.563000
220412 0.564000
220419 0.565000
220474 0.567000
220507 0.568000
220523 0.569000
220594 0.570000
220601 0.571000
220646 0.572000
220693 0.573000
220751 0.574000
220766 0.575000
220778 0.576000
220780 0.577000
220797 0.578000
220823 0.579000
220834 0.580000
220846 0.581000
220855 0.582000
220873 0.583000
220910 0.584000
220917 0.585000
220937 0.586000
220957 0.587000
220964 0.588000
221003 0.589000
221033 0.590000
221125 0.591000
221127 0.592000
221155 0.593000
221174 0.594000
221206 0.595000
221208 0.596000
221212 0.597000
221222 0.598000
221267 0.599000
221288 0.600000
221328 0.601000
221333 0.603000
221399 0.604000
221441 0.605000
221456 0.606000
221512 0.607000
221518 0.608000
221538 0.609000
221613 0.610000
221624 0.611000
221639 0.612000
221669 0.613000
221682 0.614000
221683 0.615000
221701 0.616000
221718 0.617000
221779 0.618000
221784 0.619000
221833 0.620000
221834 0.621000
221837 0.622000
221889 0.623000
221903 0.624000
221947 0.625000
221951 0.626000
222036 0.627000
222076 0.628000
222131 0.629000
222136 0.630000
222143 0.631000
222207 0.632000
222214 0.633000
222246 0.634000
222247 0.635000
222261 0.636000
222307 0.637000
222341 0.638000
222443 0.639000
222457 0.640000
222511 0.641000
222556 0.642000
222610 0.643000
222627 0.644000
222650 0.645000
222666 0.646000
222673 0.647000
222681 0.648000
222761 0.649000
222779 0.650000
222813 0.651000
222861 0.652000
222894 0.653000
222900 0.654000
222930 0.655000
222967 0.656000
223030 0.657000
223041 0.658000
223095 0.659000
223109 0.660000
223121 0.661000
223141 0.662000
223157 0.663000
223171 0.664000
223244 0.665000
223324 0.666000
223329 0.667000
223360 0.668000
223374 0.669000
223384 0.670000
223475 0.671000
223501 0.672000
223546 0.673000
223559 0.674000
223574 0.675000
223615 0.676000
223636 0.677000
223645 0.678000
223711 0.679000
223767 0.680000
223847 0.681000
223864 0.682000
223987 0.683000
224051 0.684000
224080 0.685000
224097 0.686000
224127 0.687000
224171 0.688000
224178 0.689000
224211 0.690000
224230 0.691000
224246 0.692000
224275 0.693000
224304 0.694000
224305 0.695000
224315 0.696000
224405 0.697000
224408 0.698000
224461 0.699000
224465 0.700000
224575 0.701000
224599 0.702000
224689 0.703000
224739 0.704000
224759 0.705000
224780 0.706000
224783 0.707000
224815 0.708000
224870 0.709000
224887 0.710000
224959 0.711000
225038 0.712000
225070 0.713000
225228 0.714000
225302 0.715000
225342 0.716000
225372 0.717000
225405 0.718000
225455 0.719000
225491 0.720000
225495 0.721000
225528 0.722000
225541 0.723000
225584 0.724000
225636 0.725000
225658 0.726000
225719 0.727000
225855 0.728000
225931 0.729000
225960 0.730000
225967 0.731000
226012 0.732000
226045 0.733000
226058 0.734000
226080 0.735000
226098 0.736000
226142 0.737000
226174 0.738000
226228 0.740000
226239 0.741000
226355 0.742000
226409 0.743000
226420 0.744000
226510 0.745000
226568 0.746000
226570 0.747000
226609 0.748000
226701 0.749000
226908 0.750000
226923 0.751000
226925 0.752000
227033 0.753000
227035 0.754000
227039 0.755000
227040 0.756000
227090 0.757000
227150 0.758000
227174 0.759000
227175 0.760000
227183 0.761000
227224 0.762000
227225 0.763000
227233 0.764000
227285 0.765000
227329 0.766000
227350 0.767000
227351 0.768000
227398 0.769000
227409 0.770000
227532 0.771000
227583 0.772000
227670 0.773000
227710 0.774000
227774 0.775000
227901 0.776000
227995 0.777000
227997 0.778000
228045 0.779000
228159 0.780000
228274 0.781000
228364 0.782000
228385 0.783000
228461 0.784000
228527 0.785000
228547 0.786000
228595 0.787000
228788 0.788000
228840 0.789000
228863 0.790000
228905 0.791000
228913 0.792000
228940 0.793000
228950 0.794000
229032 0.795000
229109 0.796000
229247 0.797000
229260 0.798000
229282 0.799000
229338 0.800000
229373 0.801000
229385 0.802000
229388 0.803000
229486 0.804000
229537 0.805000
229580 0.806000
229648 0.807000
229727 0.808000
229765 0.809000
229800 0.810000
229978 0.811000
230180 0.812000
230191 0.813000
230204 0.814000
230219 0.815000
230352 0.816000
230361 0.817000
230473 0.818000
230490 0.819000
230744 0.820000
230902 0.821000
230904 0.822000
230919 0.823000
231042 0.824000
231151 0.825000
231251 0.826000
231295 0.827000
231413 0.828000
231458 0.829000
231461 0.830000
231499 0.831000
231518 0.832000
231569 0.833000
231900 0.834000
231978 0.835000
231990 0.836000
231991 0.837000
232029 0.838000
232048 0.839000
232121 0.840000
232130 0.841000
232196 0.842000
232200 0.843000
232204 0.844000
232288 0.845000
232366 0.846000
232390 0.847000
232409 0.848000
232420 0.849000
232481 0.850000
232544 0.851000
232553 0.852000
232647 0.853000
232681 0.854000
232727 0.855000
232789 0.856000
232794 0.857000
232855 0.858000
232933 0.859000
233031 0.860000
233076 0.861000
233163 0.862000
233209 0.863000
233278 0.864000
233291 0.865000
233305 0.866000
233334 0.867000
233760 0.868000
233813 0.869000
234080 0.870000
234178 0.871000
234348 0.872000
234492 0.873000
234506 0.874000
234729 0.875000
234813 0.876000
235130 0.877000
235179 0.878000
235347 0.879000
235423 0.880000
235789 0.881000
235919 0.882000
235930 0.883000
236013 0.884000
236110 0.886000
236132 0.887000
236196 0.888000
236355 0.889000
236479 0.890000
236531 0.891000
236558 0.892000
236718 0.893000
236795 0.894000
236890 0.895000
236902 0.896000
236923 0.897000
237011 0.898000
237414 0.899000
237556 0.900000
237599 0.901000
237606 0.902000
237622 0.903000
237646 0.904000
237864 0.905000
238210 0.906000
238274 0.907000
238513 0.908000
238612 0.909000
238650 0.910000
238683 0.911000
238721 0.912000
238843 0.913000
238899 0.914000
239308 0.915000
239821 0.916000
239849 0.917000
239892 0.918000
239903 0.919000
240308 0.920000
240373 0.921000
240400 0.922000
240498 0.923000
240622 0.924000
240659 0.925000
240668 0.926000
240692 0.927000
240701 0.928000
240766 0.929000
240783 0.930000
240995 0.931000
241176 0.932000
241251 0.933000
241255 0.934000
241291 0.935000
241406 0.936000
241519 0.937000
241564 0.938000
241644 0.939000
241837 0.940000
242459 0.941000
242532 0.942000
243211 0.943000
243535 0.944000
243639 0.945000
243747 0.946000
243755 0.947000
243771 0.948000
243886 0.949000
243996 0.950000
244030 0.951000
244131 0.952000
244145 0.953000
244300 0.954000
244458 0.955000
244559 0.956000
244848 0.957000
244949 0.958000
245059 0.959000
245226 0.960000
245259 0.961000
245386 0.962000
245409 0.963000
245475 0.964000
245476 0.965000
245620 0.966000
245656 0.967000
245699 0.968000
245762 0.969000
246131 0.970000
246185 0.971000
246350 0.972000
246671 0.973000
246920 0.974000
247112 0.975000
247521 0.976000
248121 0.977000
248298 0.978000
248342 0.979000
248642 0.980000
249325 0.981000
249892 0.982000
250767 0.983000
250824 0.984000
251038 0.985000
251169 0.986000
251258 0.987000
252778 0.988000
252785 0.989000
253455 0.990000
253593 0.991000
253626 0.992000
254860 0.993000
255856 0.994000
256960 0.995000
257698 0.996000
259249 0.997000
262001 0.998000
262581 0.999000
272278 1.000000


