168350 0.000000
168350 0.001000
168867 0.002000
170330 0.003000
171528 0.004000
171867 0.005000
171990 0.006000
172056 0.007000
173191 0.008000
173193 0.009000
173459 0.010000
173785 0.011000
173818 0.012000
174304 0.013000
174370 0.014000
174381 0.015000
174436 0.016000
174633 0.017000
174722 0.018000
175043 0.019000
175071 0.020000
175102 0.021000
175197 0.022000
175222 0.023000
175545 0.024000
175577 0.025000
175587 0.026000
175735 0.027000
175811 0.028000
175815 0.029000
175824 0.030000
175834 0.031000
175945 0.032000
176044 0.033000
176073 0.034000
176161 0.035000
176203 0.036000
176231 0.037000
176235 0.038000
176275 0.039000
176284 0.040000
176325 0.041000
176396 0.042000
176446 0.043000
176457 0.044000
176474 0.045000
176477 0.046000
176496 0.047000
176498 0.048000
176552 0.049000
176623 0.050000
176662 0.051000
176701 0.052000
176705 0.053000
176719 0.054000
176730 0.055000
176732 0.056000
176748 0.057000
176751 0.058000
176825 0.059000
176829 0.060000
176865 0.061000
176868 0.062000
176918 0.063000
176935 0.064000
177002 0.065000
177004 0.066000
177006 0.067000
177020 0.068000
177031 0.069000
177127 0.070000
177161 0.071000
177178 0.072000
177212 0.073000
177220 0.074000
177226 0.075000
177249 0.076000
177270 0.077000
177452 0.078000
177480 0.079000
177496 0.080000
177500 0.081000
177526 0.082000
177545 0.083000
177586 0.084000
177643 0.085000
177649 0.086000
177659 0.087000
177676 0.089000
177700 0.090000
177724 0.091000
177771 0.092000
177777 0.093000
177793 0.094000
177794 0.095000
177835 0.096000
177849 0.097000
177860 0.098000
177874 0.099000
177882 0.100000
177897 0.101000
177912 0.102000
177998 0.103000
178018 0.104000
178081 0.105000
178107 0.106000
178125 0.107000
178136 0.108000
178235 0.109000
178244 0.110000
178348 0.111000
178354 0.112000
178381 0.113000
178403 0.114000
178406 0.115000
178441 0.116000
178479 0.117000
178509 0.118000
178525 0.119000
178604 0.120000
178685 0.121000
178777 0.122000
178788 0.123000
178804 0.124000
178813 0.125000
178882 0.126000
178886 0.127000
178889 0.128000
178948 0.129000
178959 0.130000
178986 0.131000
179003 0.132000
179035 0.133000
179044 0.134000
179071 0.135000
179095 0.136000
179101 0.137000
179109 0.138000
179249 0.139000
179261 0.140000
179311 0.141000
179382 0.142000
179385 0.143000
179418 0.144000
179423 0.145000
179452 0.146000
179459 0.147000
179521 0.148000
179549 0.149000
179598 0.150000
179647 0.151000
179649 0.152000
179674 0.153000
179693 0.154000
179702 0.155000
179752 0.156000
179769 0.157000
179794 0.158000
179941 0.159000
179949 0.160000
179976 0.161000
180012 0.162000
180037 0.163000
180044 0.164000
180047 0.165000
180062 0.166000
180085 0.167000
180088 0.168000
180142 0.169000
180154 0.170000
180165 0.171000
180187 0.172000
180206 0.173000
180252 0.174000
180267 0.175000
180277 0.176000
180349 0.177000
180373 0.178000
180384 0.179000
180407 0.180000
180446 0.181000
180461 0.182000
180465 0.183000
180496 0.184000
180502 0.185000
180540 0.186000
180545 0.187000
180588 0.188000
180646 0.189000
180732 0.190000
180761 0.191000
180813 0.192000
180847 0.193000
180851 0.194000
180859 0.195000
180883 0.196000
180886 0.197000
180910 0.198000
180926 0.199000
180927 0.200000
180933 0.201000
180973 0.202000
180975 0.203000
181004 0.205000
181023 0.206000
181032 0.207000
181045 0.208000
181068 0.209000
181081 0.210000
181108 0.211000
181116 0.212000
181163 0.213000
181194 0.214000
181248 0.215000
181262 0.216000
181276 0.217000
181289 0.218000
181323 0.219000
181330 0.220000
181371 0.221000
181396 0.222000
181427 0.223000
181453 0.224000
181458 0.225000
181460 0.226000
181483 0.227000
181491 0.228000
181506 0.229000
181538 0.230000
181543 0.231000
181582 0.232000
181612 0.233000
181623 0.234000
181627 0.235000
181676 0.236000
181706 0.237000
181736 0.238000
181749 0.239000
181755 0.240000
181813 0.241000
181814 0.242000
181816 0.243000
181840 0.244000
181872 0.245000
181880 0.246000
181905 0.247000
181909 0.248000
182054 0.249000
182071 0.250000
182148 0.251000
182178 0.252000
182214 0.253000
182223 0.254000
182320 0.255000
182330 0.256000
182368 0.257000
182373 0.258000
182438 0.259000
182448 0.260000
182460 0.261000
182469 0.262000
182497 0.263000
182510 0.264000
182524 0.265000
182576 0.266000
182616 0.267000
182638 0.268000
182663 0.269000
182714 0.270000
182749 0.271000
182766 0.272000
182804 0.273000
182805 0.274000
182806 0.275000
182831 0.276000
182833 0.277000
182851 0.278000
182853 0.279000
182877 0.280000
182908 0.281000
182952 0.282000
182957 0.283000
182962 0.284000
182963 0.285000
182972 0.286000
182977 0.287000
183007 0.288000
183027 0.289000
183036 0.290000
183085 0.291000
183127 0.292000
183131 0.293000
183142 0.294000
183149 0.295000
183175 0.296000
183205 0.297000
183247 0.298000
183275 0.299000
183339 0.300000
183360 0.301000
183469 0.302000
183498 0.303000
183511 0.304000
183526 0.305000
183562 0.306000
183589 0.307000
183599 0.308000
183601 0.309000
183740 0.310000
183761 0.311000
183777 0.312000
183779 0.313000
183798 0.314000
183806 0.315000
183813 0.316000
183815 0.317000
183830 0.318000
183863 0.319000
183930 0.320000
183941 0.321000
183987 0.322000
184012 0.323000
184044 0.324000
184060 0.325000
184063 0.326000
184144 0.328000
184147 0.329000
184200 0.330000
184205 0.331000
184229 0.332000
184268 0.333000
184310 0.334000
184347 0.335000
184359 0.336000
184390 0.337000
184415 0.338000
184494 0.339000
184505 0.340000
184557 0.341000
184585 0.342000
184586 0.343000
184644 0.344000
184670 0.345000
184672 0.346000
184752 0.347000
184810 0.348000
184831 0.349000
184837 0.350000
184868 0.351000
184907 0.352000
184949 0.353000
184967 0.354000
184981 0.355000
185005 0.356000
185011 0.357000
185020 0.358000
185100 0.359000
185109 0.360000
185112 0.361000
185165 0.362000
185254 0.363000
185260 0.364000
185276 0.365000
185296 0.366000
185323 0.367000
185333 0.368000
185355 0.369000
185389 0.370000
185425 0.371000
185427 0.372000
185428 0.373000
185449 0.374000
185450 0.375000
185477 0.376000
185517 0.377000
185528 0.378000
185531 0.379000
185616 0.380000
185643 0.381000
185652 0.382000
185662 0.383000
185668 0.384000
185686 0.385000
185687 0.386000
185699 0.387000
185738 0.388000
185763 0.389000
185788 0.390000
185803 0.391000
185809 0.392000
185841 0.393000
185850 0.394000
185895 0.395000
185896 0.396000
185897 0.397000
185905 0.398000
185911 0.400000
185923 0.401000
186019 0.402000
186050 0.403000
186053 0.404000
186072 0.405000
186075 0.406000
186118 0.407000
186174 0.408000
186195 0.409000
186203 0.410000
186208 0.411000
186225 0.412000
186229 0.413000
186233 0.414000
186245 0.415000
186248 0.416000
186253 0.417000
186268 0.418000
186328 0.419000
186329 0.420000
186344 0.421000
186351 0.422000
186369 0.423000
186410 0.424000
186411 0.425000
186413 0.426000
186416 0.427000
186446 0.428000
186451 0.429000
186457 0.430000
186534 0.431000
186553 0.432000
186573 0.433000
186576 0.434000
186633 0.435000
186661 0.436000
186672 0.437000
186683 0.438000
186696 0.439000
186736 0.440000
186739 0.441000
186749 0.442000
186791 0.443000
186801 0.444000
186821 0.445000
186838 0.446000
186856 0.447000
186875 0.448000
186876 0.449000
186881 0.450000
186987 0.451000
187008 0.452000
187052 0.453000
187070 0.454000
187075 0.455000
187083 0.456000
187112 0.457000
187131 0.459000
187168 0.460000
187185 0.461000
187196 0.462000
187262 0.463000
187286 0.464000
187303 0.465000
187352 0.466000
187359 0.467000
187421 0.468000
187461 0.469000
187463 0.470000
187481 0.471000
187482 0.472000
187509 0.473000
187533 0.474000
187551 0.475000
187587 0.476000
187589 0.477000
187594 0.478000
187652 0.479000
187679 0.480000
187680 0.481000
187689 0.482000
187712 0.483000
187716 0.484000
187760 0.485000
187776 0.486000
187791 0.487000
187794 0.488000
187803 0.489000
187811 0.490000
187813 0.492000
187814 0.493000
187817 0.494000
187850 0.495000
187861 0.496000
187868 0.497000
187869 0.498000
187926 0.499000
187929 0.500000
187934 0.501000
187935 0.502000
187940 0.503000
187963 0.504000
187969 0.505000
187979 0.506000
188002 0.507000
188023 0.508000
188026 0.509000
188041 0.510000
188084 0.511000
188100 0.512000
188111 0.513000
188130 0.514000
188146 0.515000
188154 0.516000
188176 0.517000
188191 0.519000
188194 0.520000
188255 0.521000
188299 0.522000
188341 0.523000
188345 0.524000
188370 0.525000
188398 0.526000
188400 0.527000
188410 0.528000
188421 0.529000
188426 0.530000
188443 0.531000
188460 0.532000
188512 0.533000
188535 0.534000
188549 0.535000
188586 0.536000
188660 0.537000
188685 0.538000
188702 0.539000
188706 0.540000
188714 0.541000
188726 0.542000
188736 0.543000
188760 0.544000
188767 0.545000
188769 0.546000
188773 0.547000
188774 0.548000
188787 0.549000
188796 0.550000
188811 0.551000
188812 0.552000
188823 0.553000
188834 0.554000
188878 0.555000
188906 0.556000
188940 0.557000
188943 0.558000
188964 0.560000
188972 0.561000
188975 0.562000
188988 0.563000
188997 0.564000
189013 0.565000
189018 0.567000
189023 0.568000
189037 0.569000
189040 0.570000
189104 0.571000
189138 0.572000
189156 0.573000
189176 0.574000
189246 0.575000
189253 0.576000
189300 0.577000
189301 0.578000
189306 0.579000
189320 0.580000
189326 0.581000
189332 0.582000
189362 0.583000
189420 0.584000
189434 0.585000
189455 0.586000
189471 0.587000
189520 0.588000
189549 0.589000
189570 0.590000
189586 0.591000
189606 0.592000
189617 0.593000
189644 0.594000
189648 0.595000
189657 0.596000
189658 0.597000
189665 0.598000
189668 0.599000
189671 0.600000
189696 0.601000
189733 0.602000
189749 0.603000
189750 0.604000
189814 0.605000
189837 0.606000
189839 0.607000
189872 0.608000
189875 0.609000
189934 0.610000
189943 0.611000
189964 0.612000
189989 0.613000
190026 0.614000
190030 0.615000
190045 0.616000
190050 0.617000
190057 0.618000
190072 0.619000
190092 0.620000
190097 0.621000
190125 0.622000
190128 0.623000
190141 0.624000
190143 0.625000
190168 0.626000
190169 0.627000
190185 0.629000
190192 0.630000
190199 0.631000
190217 0.633000
190218 0.634000
190235 0.635000
190237 0.636000
190241 0.637000
190263 0.638000
190284 0.639000
190319 0.640000
190368 0.641000
190418 0.642000
190436 0.643000
190454 0.644000
190481 0.645000
190514 0.646000
190553 0.647000
190612 0.648000
190630 0.649000
190651 0.650000
190666 0.651000
190699 0.652000
190747 0.653000
190759 0.654000
190766 0.655000
190780 0.656000
190801 0.657000
190806 0.658000
190839 0.659000
190855 0.660000
190902 0.661000
190908 0.662000
190986 0.663000
190989 0.664000
191020 0.665000
191066 0.666000
191069 0.667000
191072 0.668000
191096 0.669000
191124 0.670000
191194 0.671000
191230 0.672000
191243 0.673000
191310 0.674000
191311 0.675000
191354 0.676000
191395 0.677000
191421 0.678000
191425 0.679000
191426 0.680000
191456 0.681000
191472 0.682000
191542 0.683000
191604 0.684000
191619 0.685000
191636 0.686000
191657 0.687000
191698 0.688000
191700 0.689000
191709 0.690000
191716 0.691000
191720 0.692000
191733 0.693000
191770 0.694000
191792 0.695000
191843 0.696000
191849 0.697000
191888 0.698000
191916 0.699000
191923 0.700000
191928 0.701000
191942 0.702000
191985 0.703000
192037 0.704000
192040 0.705000
192069 0.706000
192078 0.707000
192128 0.708000
192131 0.709000
192159 0.710000
192168 0.711000
192174 0.712000
192240 0.713000
192250 0.714000
192254 0.715000
192306 0.716000
192351 0.717000
192386 0.718000
192420 0.719000
192431 0.720000
192456 0.721000
192484 0.722000
192501 0.723000
192531 0.724000
192555 0.725000
192598 0.726000
192700 0.727000
192726 0.728000
192777 0.729000
192901 0.730000
192970 0.731000
192999 0.732000
193037 0.733000
193066 0.734000
193090 0.735000
193099 0.736000
193135 0.737000
193153 0.738000
193167 0.739000
193179 0.740000
193180 0.741000
193194 0.742000
193239 0.743000
193261 0.744000
193273 0.745000
193287 0.746000
193292 0.747000
193301 0.748000
193367 0.749000
193441 0.750000
193450 0.751000
193467 0.752000
193513 0.754000
193548 0.755000
193590 0.756000
193721 0.757000
193724 0.758000
193797 0.759000
193827 0.760000
193853 0.761000
193920 0.762000
193976 0.763000
194060 0.764000
194082 0.765000
194108 0.766000
194222 0.767000
194250 0.768000
194259 0.769000
194292 0.770000
194311 0.771000
194331 0.772000
194333 0.773000
194337 0.774000
194390 0.775000
194406 0.776000
194530 0.777000
194546 0.778000
194586 0.779000
194619 0.780000
194647 0.781000
194681 0.782000
194736 0.783000
194803 0.784000
194838 0.785000
194865 0.786000
194899 0.787000
194950 0.788000
194958 0.789000
195202 0.790000
195211 0.791000
195259 0.792000
195276 0.793000
195382 0.794000
195474 0.795000
195476 0.796000
195494 0.797000
195516 0.798000
195521 0.799000
195534 0.800000
195546 0.801000
195567 0.802000
195621 0.803000
195702 0.804000
195761 0.805000
195852 0.806000
195855 0.808000
195892 0.809000
195902 0.810000
195916 0.811000
195929 0.812000
195967 0.813000
196007 0.814000
196029 0.815000
196047 0.816000
196161 0.817000
196197 0.818000
196220 0.819000
196273 0.820000
196409 0.821000
196411 0.822000
196420 0.823000
196453 0.825000
196605 0.826000
196606 0.827000
196618 0.828000
196687 0.829000
196711 0.830000
196803 0.831000
196888 0.832000
196917 0.833000
197081 0.834000
197208 0.835000
197363 0.836000
197365 0.837000
197383 0.838000
197399 0.839000
197420 0.840000
197471 0.841000
197480 0.842000
197631 0.843000
197721 0.844000
197725 0.845000
197739 0.846000
197755 0.847000
197766 0.848000
197769 0.849000
197782 0.850000
197789 0.851000
197815 0.852000
197948 0.853000
197998 0.854000
198011 0.855000
198034 0.856000
198093 0.857000
198124 0.858000
198133 0.859000
198167 0.860000
198169 0.861000
198206 0.862000
198216 0.863000
198351 0.864000
198448 0.865000
198450 0.866000
198537 0.867000
198651 0.868000
198774 0.869000
198813 0.870000
198815 0.871000
198821 0.872000
198847 0.873000
198916 0.874000
198955 0.875000
199043 0.876000
199051 0.877000
199078 0.878000
199119 0.879000
199130 0.880000
199338 0.881000
199357 0.882000
199374 0.883000
199383 0.884000
199391 0.885000
199523 0.886000
199606 0.887000
199639 0.888000
199792 0.889000
199805 0.890000
199865 0.891000
199907 0.892000
200102 0.893000
200308 0.894000
200316 0.895000
200360 0.896000
200386 0.897000
200403 0.898000
200426 0.899000
200443 0.900000
200567 0.901000
200633 0.902000
200879 0.903000
200920 0.904000
201017 0.905000
201126 0.906000
201435 0.907000
201465 0.908000
201485 0.909000
201493 0.910000
201629 0.911000
201825 0.912000
201827 0.913000
201943 0.914000
201944 0.915000
201955 0.916000
202118 0.917000
202163 0.918000
202325 0.919000
202459 0.920000
202589 0.921000
202772 0.922000
202805 0.923000
202845 0.924000
203016 0.925000
203246 0.926000
203276 0.927000
203411 0.928000
203491 0.929000
203675 0.930000
203847 0.931000
204139 0.932000
204284 0.933000
204656 0.934000
204826 0.935000
204941 0.936000
205388 0.937000
205405 0.938000
205499 0.939000
205801 0.940000
205981 0.941000
206104 0.942000
206168 0.943000
206194 0.944000
206301 0.945000
206691 0.946000
206811 0.947000
207138 0.948000
207147 0.949000
207203 0.950000
207629 0.951000
207929 0.952000
207955 0.953000
208082 0.954000
208146 0.955000
208514 0.956000
208737 0.957000
208940 0.958000
208966 0.959000
209144 0.960000
209169 0.961000
209448 0.962000
209510 0.963000
209855 0.964000
210014 0.965000
210138 0.966000
210586 0.967000
210729 0.968000
211582 0.969000
211734 0.970000
212843 0.971000
213576 0.972000
213964 0.973000
214355 0.974000
214736 0.975000
215680 0.976000
216012 0.977000
216192 0.978000
216609 0.979000
216938 0.980000
217327 0.981000
217894 0.982000
218384 0.983000
218855 0.984000
219124 0.985000
220532 0.986000
220644 0.987000
221025 0.988000
221794 0.989000
221980 0.990000
222738 0.991000
223012 0.992000
223976 0.993000
224162 0.994000
225810 0.995000
226771 0.996000
228866 0.997000
229625 0.998000
232487 0.999000
233767 1.000000


96 0.000000
96 0.001000
97 0.002000
98 0.005000
99 0.017000
100 0.030000
101 0.049000
102 0.074000
103 0.157000
104 0.414000
105 0.663000
106 0.847000
107 0.910000
108 0.936000
109 0.954000
110 0.959000
111 0.966000
112 0.973000
113 0.984000
114 0.988000
115 0.993000
116 0.998000
124 1.000000


