176578 0.000000
176578 0.001001
176925 0.002002
177856 0.003003
180199 0.004004
180825 0.005005
181050 0.006006
182408 0.007007
183423 0.008008
184813 0.009009
186795 0.010010
187133 0.011011
187350 0.012012
187833 0.013013
188564 0.014014
188653 0.015015
188959 0.016016
189322 0.017017
189648 0.018018
189738 0.019019
189778 0.020020
190201 0.021021
190244 0.022022
190868 0.023023
191329 0.024024
191907 0.025025
192915 0.026026
193047 0.027027
193053 0.028028
193297 0.029029
193467 0.030030
193518 0.031031
194011 0.032032
194477 0.033033
195479 0.034034
195518 0.035035
195668 0.036036
196256 0.037037
196343 0.038038
196385 0.039039
196657 0.040040
196996 0.041041
197176 0.042042
197478 0.043043
197540 0.044044
197605 0.045045
197615 0.046046
197647 0.047047
197751 0.048048
197857 0.049049
198425 0.050050
198917 0.051051
199910 0.052052
200149 0.053053
200318 0.054054
201461 0.055055
201559 0.056056
201684 0.057057
201701 0.058058
201911 0.059059
201936 0.060060
202103 0.061061
202104 0.062062
202212 0.063063
202215 0.064064
202456 0.065065
202739 0.066066
202740 0.067067
202939 0.068068
203005 0.069069
203131 0.070070
203773 0.071071
204023 0.072072
204504 0.073073
204647 0.074074
204934 0.075075
205102 0.076076
205131 0.077077
205475 0.078078
205680 0.079079
205873 0.080080
205964 0.081081
205973 0.082082
206147 0.083083
206153 0.084084
206212 0.085085
206376 0.086086
206609 0.087087
206672 0.088088
206699 0.089089
206784 0.090090
207351 0.091091
207487 0.092092
207509 0.093093
207596 0.094094
207861 0.095095
207870 0.096096
207924 0.097097
207928 0.098098
208004 0.099099
208061 0.100100
208554 0.101101
208565 0.102102
208606 0.103103
208753 0.104104
208933 0.105105
209396 0.106106
209472 0.107107
209546 0.108108
209768 0.109109
209791 0.110110
210495 0.111111
210617 0.112112
210624 0.113113
210700 0.114114
210875 0.115115
211058 0.116116
211155 0.117117
211265 0.118118
211333 0.119119
211367 0.120120
211383 0.121121
211467 0.122122
211475 0.123123
211631 0.124124
211667 0.125125
211814 0.126126
211942 0.127127
211990 0.128128
212085 0.129129
212293 0.130130
212403 0.131131
212405 0.132132
212419 0.133133
212725 0.134134
212750 0.135135
212846 0.136136
212884 0.137137
212962 0.138138
212983 0.139139
213030 0.140140
213089 0.141141
213131 0.142142
213153 0.143143
213381 0.144144
213385 0.145145
213450 0.146146
213786 0.147147
213836 0.148148
213915 0.149149
214006 0.150150
214084 0.151151
214132 0.152152
214149 0.153153
214357 0.154154
214408 0.155155
214633 0.156156
214660 0.157157
214677 0.158158
214679 0.159159
214798 0.160160
214964 0.161161
215300 0.162162
215306 0.163163
215447 0.164164
215566 0.165165
215571 0.166166
215667 0.167167
215709 0.168168
215729 0.169169
215839 0.170170
215847 0.171171
215861 0.172172
215888 0.173173
215921 0.174174
215999 0.176176
216025 0.177177
216130 0.178178
216153 0.179179
216292 0.180180
216319 0.181181
216570 0.182182
216631 0.183183
216670 0.184184
216700 0.185185
216760 0.186186
216895 0.187187
216912 0.188188
216945 0.189189
217224 0.190190
217259 0.191191
217277 0.192192
217299 0.193193
217322 0.194194
217349 0.195195
217434 0.196196
217681 0.197197
217727 0.199199
218016 0.200200
218041 0.201201
218058 0.202202
218157 0.203203
218195 0.204204
218262 0.205205
218346 0.206206
218481 0.207207
218551 0.208208
218585 0.209209
218611 0.210210
218627 0.211211
218661 0.212212
218701 0.213213
218724 0.214214
218772 0.215215
218969 0.216216
218992 0.217217
219025 0.218218
219026 0.219219
219029 0.220220
219102 0.221221
219156 0.222222
219285 0.223223
219389 0.224224
219547 0.225225
219709 0.226226
219745 0.227227
219825 0.228228
219896 0.229229
219927 0.230230
220194 0.231231
220376 0.232232
220406 0.233233
220488 0.234234
220598 0.235235
220631 0.236236
220722 0.237237
220754 0.238238
220824 0.239239
220880 0.240240
220885 0.241241
220887 0.242242
220988 0.243243
221328 0.244244
221342 0.245245
221504 0.246246
221600 0.247247
221612 0.248248
221681 0.249249
221926 0.250250
222032 0.251251
222084 0.252252
222091 0.253253
222116 0.254254
222169 0.255255
222278 0.256256
222287 0.257257
222362 0.258258
222547 0.259259
222619 0.260260
222876 0.261261
222993 0.262262
223083 0.263263
223202 0.264264
223281 0.265265
223293 0.266266
223308 0.267267
223366 0.268268
223411 0.269269
223473 0.270270
223493 0.271271
223650 0.272272
223849 0.273273
223854 0.274274
223880 0.275275
223904 0.276276
223932 0.277277
224045 0.278278
224096 0.279279
224210 0.280280
224385 0.281281
224394 0.282282
224401 0.283283
224432 0.284284
224599 0.285285
224602 0.286286
224658 0.287287
224707 0.288288
224857 0.289289
225001 0.290290
225048 0.291291
225051 0.292292
225089 0.293293
225107 0.294294
225245 0.296296
225261 0.297297
225266 0.298298
225347 0.299299
225348 0.300300
225359 0.301301
225385 0.302302
225431 0.303303
225558 0.304304
225675 0.306306
225687 0.307307
225860 0.308308
225902 0.309309
225973 0.310310
226046 0.311311
226076 0.312312
226210 0.313313
226216 0.314314
226282 0.315315
226303 0.316316
226428 0.317317
226482 0.318318
226486 0.319319
226525 0.320320
226531 0.322322
226535 0.323323
226710 0.324324
226844 0.325325
226930 0.326326
226932 0.327327
226953 0.328328
227000 0.329329
227087 0.330330
227099 0.331331
227107 0.332332
227137 0.333333
227270 0.334334
227309 0.335335
227450 0.336336
227528 0.337337
227584 0.338338
227654 0.339339
227676 0.340340
227873 0.341341
227901 0.342342
227963 0.343343
228108 0.344344
228408 0.345345
228484 0.346346
228559 0.347347
228653 0.348348
228797 0.349349
228885 0.350350
229063 0.351351
229122 0.352352
229134 0.353353
229171 0.354354
229207 0.355355
229226 0.356356
229257 0.357357
229320 0.358358
229374 0.359359
229451 0.360360
229491 0.361361
229584 0.362362
229614 0.363363
229631 0.364364
229636 0.365365
229637 0.366366
229723 0.367367
229734 0.368368
229810 0.369369
229911 0.370370
229938 0.371371
229952 0.372372
229989 0.373373
230072 0.374374
230125 0.375375
230145 0.376376
230285 0.377377
230343 0.378378
230358 0.379379
230431 0.380380
230445 0.381381
230650 0.382382
230679 0.383383
230737 0.384384
230741 0.385385
230769 0.386386
230929 0.387387
230953 0.388388
230985 0.389389
231145 0.390390
231162 0.391391
231213 0.392392
231310 0.393393
231461 0.394394
231488 0.395395
231496 0.396396
231502 0.397397
231515 0.398398
231539 0.399399
231566 0.400400
231601 0.401401
231610 0.402402
231616 0.403403
231642 0.404404
231682 0.405405
231720 0.406406
231766 0.407407
231791 0.408408
231807 0.409409
231816 0.410410
231870 0.411411
231890 0.412412
231899 0.413413
231928 0.414414
231978 0.415415
232003 0.416416
232159 0.417417
232204 0.418418
232237 0.419419
232346 0.420420
232370 0.421421
232470 0.422422
232686 0.423423
232729 0.424424
232750 0.425425
232767 0.426426
232778 0.427427
232802 0.428428
232856 0.429429
232857 0.430430
232861 0.431431
232995 0.432432
232999 0.433433
233000 0.434434
233022 0.435435
233054 0.436436
233121 0.437437
233233 0.438438
233246 0.439439
233368 0.440440
233574 0.441441
233627 0.442442
233656 0.443443
233681 0.444444
233799 0.445445
233811 0.446446
233864 0.447447
233933 0.448448
234032 0.449449
234128 0.450450
234135 0.451451
234190 0.452452
234233 0.453453
234282 0.454454
234383 0.455455
234431 0.456456
234598 0.457457
234621 0.458458
234666 0.459459
234767 0.460460
234870 0.461461
234895 0.462462
234909 0.463463
234983 0.464464
235051 0.465465
235168 0.466466
235265 0.467467
235304 0.468468
235429 0.469469
235531 0.470470
235544 0.471471
235565 0.472472
235569 0.473473
235579 0.474474
235734 0.475475
235735 0.476476
235775 0.477477
235831 0.478478
235922 0.479479
236124 0.480480
236128 0.481481
236135 0.482482
236137 0.483483
236250 0.484484
236297 0.485485
236317 0.486486
236448 0.487487
236522 0.488488
236593 0.489489
236638 0.490490
236641 0.491491
236667 0.492492
236806 0.493493
236889 0.494494
237004 0.495495
237081 0.496496
237089 0.497497
237201 0.498498
237240 0.499499
237243 0.500501
237273 0.501502
237279 0.502503
237352 0.503504
237359 0.504505
237386 0.505506
237394 0.506507
237412 0.507508
237523 0.508509
237580 0.509510
237670 0.510511
237761 0.511512
237929 0.512513
238052 0.513514
238185 0.514515
238279 0.515516
238340 0.516517
238404 0.517518
238422 0.518519
238457 0.519520
238495 0.520521
238504 0.521522
238534 0.522523
238584 0.523524
238764 0.524525
238815 0.525526
238900 0.526527
238904 0.527528
239059 0.528529
239117 0.529530
239227 0.530531
239242 0.531532
239314 0.532533
239320 0.533534
239338 0.534535
239377 0.535536
239424 0.536537
239445 0.537538
239461 0.538539
239587 0.539540
239631 0.540541
239654 0.541542
239716 0.542543
239905 0.543544
240058 0.544545
240121 0.545546
240152 0.546547
240230 0.547548
240261 0.548549
240365 0.549550
240390 0.550551
240403 0.551552
240411 0.552553
240487 0.553554
240508 0.554555
240539 0.555556
240756 0.556557
240833 0.557558
240878 0.558559
240891 0.559560
240967 0.560561
240979 0.561562
240996 0.562563
240997 0.563564
241132 0.564565
241145 0.565566
241178 0.566567
241221 0.567568
241254 0.568569
241271 0.569570
241274 0.570571
241276 0.571572
241347 0.572573
241355 0.573574
241365 0.574575
241488 0.575576
241498 0.576577
241508 0.577578
241513 0.578579
241646 0.579580
241648 0.580581
241723 0.581582
241791 0.582583
241820 0.583584
241883 0.584585
241904 0.585586
241905 0.586587
241939 0.587588
241979 0.588589
241982 0.589590
242066 0.590591
242106 0.591592
242120 0.592593
242229 0.593594
242251 0.594595
242320 0.595596
242418 0.596597
242428 0.597598
242431 0.598599
242432 0.599600
242500 0.600601
242549 0.601602
242579 0.602603
242656 0.603604
242672 0.604605
242684 0.605606
242720 0.606607
242949 0.607608
243108 0.608609
243157 0.609610
243247 0.610611
243256 0.611612
243289 0.612613
243402 0.613614
243456 0.614615
243467 0.615616
243575 0.616617
243603 0.617618
243632 0.618619
243695 0.619620
243736 0.620621
243777 0.621622
243794 0.622623
243808 0.623624
243837 0.624625
243855 0.625626
243856 0.626627
243891 0.627628
243923 0.628629
244032 0.629630
244037 0.630631
244095 0.631632
244122 0.632633
244130 0.633634
244343 0.634635
244433 0.635636
244479 0.636637
244483 0.637638
244555 0.639640
244600 0.640641
244612 0.641642
244733 0.642643
244776 0.643644
244831 0.644645
244858 0.645646
244874 0.646647
244945 0.647648
244997 0.648649
245029 0.649650
245054 0.650651
245259 0.651652
245315 0.652653
245319 0.653654
245396 0.654655
245475 0.655656
245528 0.656657
245529 0.657658
245580 0.658659
245637 0.659660
245853 0.660661
245863 0.661662
245956 0.662663
245967 0.663664
246021 0.664665
246112 0.665666
246189 0.666667
246213 0.667668
246281 0.668669
246325 0.669670
246355 0.670671
246357 0.671672
246414 0.672673
246452 0.673674
246526 0.674675
246635 0.675676
246689 0.676677
246747 0.677678
246805 0.678679
246897 0.679680
246925 0.680681
246998 0.681682
247192 0.682683
247374 0.683684
247482 0.684685
247503 0.685686
247565 0.686687
247745 0.687688
247755 0.688689
247789 0.689690
247806 0.690691
247843 0.691692
247853 0.692693
247927 0.694695
248029 0.696697
248111 0.697698
248118 0.698699
248414 0.699700
248785 0.700701
248822 0.701702
248890 0.702703
248903 0.703704
248966 0.704705
248980 0.705706
249000 0.706707
249054 0.707708
249164 0.708709
249272 0.709710
249338 0.710711
249347 0.711712
249352 0.712713
249373 0.713714
249653 0.714715
249666 0.715716
249701 0.716717
249798 0.717718
249863 0.718719
249901 0.719720
250111 0.720721
250140 0.721722
250149 0.722723
250151 0.723724
250157 0.724725
250165 0.725726
250229 0.726727
250308 0.727728
250488 0.728729
250548 0.729730
250607 0.730731
250639 0.731732
250662 0.732733
250668 0.733734
250760 0.734735
250777 0.735736
250781 0.736737
250947 0.737738
251025 0.738739
251130 0.739740
251320 0.740741
251494 0.741742
251745 0.742743
251747 0.743744
251817 0.744745
251868 0.745746
251956 0.746747
252130 0.747748
252201 0.748749
252217 0.749750
252288 0.750751
252381 0.751752
252492 0.752753
252502 0.753754
252504 0.754755
252541 0.755756
252598 0.756757
252652 0.757758
252669 0.758759
253056 0.759760
253095 0.760761
253128 0.761762
253229 0.762763
253246 0.763764
253258 0.764765
253274 0.765766
253333 0.766767
253364 0.767768
253392 0.768769
253408 0.769770
253550 0.770771
253555 0.771772
253576 0.772773
253595 0.773774
253627 0.774775
253761 0.775776
253785 0.776777
253918 0.777778
253949 0.778779
253994 0.779780
254041 0.780781
254158 0.781782
254248 0.782783
254257 0.783784
254360 0.784785
254441 0.785786
254454 0.786787
254581 0.787788
254587 0.788789
254641 0.789790
254660 0.790791
254695 0.791792
254702 0.792793
254705 0.793794
254726 0.794795
254808 0.795796
254822 0.796797
254831 0.797798
254867 0.798799
254895 0.799800
254916 0.800801
255064 0.801802
255071 0.802803
255134 0.803804
255173 0.804805
255185 0.805806
255237 0.806807
255254 0.807808
255259 0.808809
255325 0.809810
255346 0.810811
255450 0.811812
255671 0.812813
255676 0.813814
255774 0.814815
255819 0.815816
255842 0.816817
255887 0.817818
255917 0.818819
256022 0.819820
256023 0.820821
256038 0.821822
256150 0.822823
256209 0.823824
256583 0.824825
256667 0.825826
256725 0.826827
256767 0.827828
256812 0.828829
256869 0.829830
256870 0.830831
256964 0.831832
257016 0.832833
257073 0.833834
257121 0.834835
257294 0.835836
257362 0.836837
257411 0.837838
257413 0.838839
257427 0.839840
257495 0.840841
257770 0.841842
257773 0.842843
257820 0.843844
257898 0.844845
258005 0.845846
258053 0.846847
258175 0.847848
258277 0.848849
258282 0.849850
258328 0.850851
258514 0.851852
258616 0.852853
258653 0.853854
258714 0.854855
258741 0.855856
258776 0.856857
259039 0.857858
259105 0.858859
259121 0.859860
259145 0.860861
259174 0.861862
259320 0.862863
259336 0.863864
259392 0.864865
259449 0.865866
259550 0.866867
259580 0.867868
259638 0.868869
259734 0.869870
259783 0.870871
259916 0.871872
259929 0.872873
259933 0.873874
259974 0.874875
260006 0.875876
260445 0.876877
260475 0.877878
260524 0.878879
260552 0.879880
260708 0.880881
261009 0.881882
261166 0.882883
261276 0.883884
261504 0.884885
261523 0.885886
261590 0.886887
261751 0.887888
262138 0.888889
262210 0.889890
262378 0.890891
262547 0.891892
262665 0.892893
262718 0.893894
262745 0.894895
262747 0.895896
263191 0.896897
263380 0.898899
263409 0.899900
263870 0.900901
263919 0.901902
263942 0.902903
263956 0.903904
263972 0.904905
264025 0.905906
264097 0.906907
264155 0.907908
264359 0.908909
264375 0.909910
264377 0.910911
264485 0.911912
264741 0.912913
264835 0.913914
264873 0.914915
265018 0.915916
265074 0.917918
265319 0.918919
265508 0.919920
265559 0.920921
265580 0.921922
265604 0.922923
265658 0.923924
265695 0.924925
265988 0.925926
266157 0.926927
266418 0.927928
266426 0.928929
266548 0.929930
266631 0.930931
266687 0.931932
266885 0.932933
267037 0.933934
267061 0.934935
267078 0.935936
267197 0.936937
267340 0.937938
267640 0.938939
267826 0.939940
268008 0.940941
268023 0.941942
268084 0.942943
268293 0.943944
268299 0.944945
268377 0.945946
268452 0.946947
268610 0.947948
268849 0.948949
268850 0.949950
268859 0.950951
268933 0.951952
269187 0.952953
269275 0.953954
269507 0.954955
269599 0.955956
269751 0.956957
270015 0.957958
270028 0.958959
270334 0.959960
270396 0.960961
270524 0.961962
270758 0.962963
270905 0.963964
271070 0.964965
271194 0.965966
271231 0.966967
271310 0.967968
271956 0.968969
273420 0.969970
273816 0.970971
273826 0.971972
273855 0.972973
274685 0.973974
275020 0.974975
275060 0.975976
275287 0.976977
275623 0.977978
276061 0.978979
277103 0.979980
277381 0.980981
277756 0.981982
278194 0.982983
278906 0.983984
279212 0.984985
279331 0.985986
279890 0.986987
280713 0.987988
281150 0.988989
281318 0.989990
281925 0.990991
282223 0.991992
285300 0.992993
287450 0.993994
292677 0.994995
293019 0.995996
293707 0.996997
294092 0.997998
300909 0.998999
301421 1.000000


99 0.000000
99 0.001001
100 0.003003
102 0.006006
103 0.010010
104 0.019019
105 0.038038
106 0.056056
107 0.086086
108 0.126126
109 0.185185
110 0.236236
111 0.288288
112 0.336336
113 0.386386
114 0.433433
115 0.470470
116 0.523524
117 0.572573
118 0.615616
119 0.656657
120 0.688689
121 0.721722
122 0.758759
123 0.785786
124 0.803804
125 0.821822
126 0.842843
127 0.862863
128 0.880881
129 0.889890
130 0.897898
131 0.905906
132 0.911912
133 0.920921
134 0.928929
135 0.930931
136 0.934935
137 0.943944
138 0.950951
139 0.959960
140 0.963964
141 0.970971
142 0.974975
143 0.979980
144 0.982983
145 0.984985
146 0.988989
147 0.991992
148 0.992993
149 0.994995
150 0.998999
153 1.000000


