180668 0.000000
180668 0.001000
194911 0.002000
196741 0.003000
197062 0.004000
198806 0.005000
198949 0.006000
199741 0.007000
200061 0.008000
200470 0.009000
200742 0.010000
200956 0.011000
201544 0.012000
201700 0.013000
202020 0.014000
202664 0.015000
202984 0.016000
203087 0.017000
203635 0.018000
203914 0.019000
203963 0.020000
204011 0.021000
204071 0.022000
204211 0.023000
204388 0.024000
204706 0.025000
205067 0.026000
205613 0.027000
206125 0.028000
206265 0.029000
206319 0.030000
206631 0.031000
206911 0.032000
206918 0.033000
206972 0.034000
207268 0.035000
207298 0.036000
207423 0.037000
207426 0.038000
207523 0.039000
207713 0.040000
207968 0.041000
207987 0.042000
208060 0.043000
208253 0.044000
208567 0.045000
208649 0.046000
208676 0.047000
208753 0.048000
208846 0.049000
208978 0.050000
209131 0.051000
209152 0.052000
209304 0.053000
209384 0.054000
209492 0.055000
209584 0.056000
209637 0.057000
209653 0.058000
209823 0.059000
209824 0.060000
210012 0.061000
210013 0.062000
210139 0.063000
210197 0.064000
210207 0.065000
210401 0.066000
210481 0.067000
210742 0.068000
210902 0.069000
210957 0.070000
211025 0.071000
211176 0.072000
211334 0.073000
211520 0.074000
211592 0.075000
211708 0.076000
211889 0.077000
212054 0.078000
212086 0.079000
212194 0.080000
212315 0.081000
212351 0.082000
212448 0.083000
212510 0.084000
212528 0.085000
212539 0.086000
212562 0.087000
212624 0.088000
212665 0.089000
213199 0.090000
213295 0.091000
213306 0.092000
213326 0.093000
213336 0.094000
213493 0.095000
213626 0.096000
213692 0.097000
213894 0.098000
214054 0.099000
214195 0.100000
214212 0.101000
214248 0.102000
214310 0.103000
214324 0.104000
214336 0.105000
214340 0.106000
214347 0.107000
214398 0.108000
214528 0.109000
214714 0.110000
214760 0.111000
214788 0.112000
214806 0.113000
215011 0.114000
215051 0.115000
215159 0.116000
215292 0.117000
215327 0.118000
215458 0.119000
215516 0.120000
215564 0.121000
215889 0.122000
216177 0.123000
216241 0.124000
216305 0.125000
216366 0.126000
216471 0.127000
216503 0.128000
216561 0.129000
216895 0.130000
216910 0.131000
216982 0.132000
217023 0.133000
217024 0.134000
217059 0.135000
217060 0.136000
217065 0.137000
217096 0.138000
217122 0.139000
217163 0.140000
217248 0.141000
217284 0.142000
217399 0.143000
217651 0.144000
217673 0.145000
217737 0.146000
217752 0.147000
217862 0.148000
217863 0.149000
217972 0.150000
218109 0.151000
218155 0.152000
218212 0.153000
218216 0.154000
218313 0.155000
218348 0.156000
218441 0.157000
218449 0.158000
218479 0.159000
218485 0.160000
218492 0.161000
218572 0.162000
218660 0.163000
218830 0.164000
218837 0.165000
218902 0.166000
218920 0.167000
218930 0.168000
218933 0.169000
218949 0.170000
218975 0.171000
219059 0.172000
219062 0.173000
219213 0.174000
219250 0.175000
219276 0.176000
219447 0.177000
219458 0.178000
219680 0.179000
219696 0.180000
219749 0.181000
219764 0.182000
219937 0.183000
219960 0.184000
219985 0.185000
220003 0.186000
220047 0.187000
220079 0.188000
220184 0.189000
220449 0.190000
220479 0.191000
220487 0.192000
220514 0.193000
220566 0.194000
220711 0.195000
220741 0.196000
220756 0.197000
220759 0.198000
220784 0.199000
220867 0.200000
220895 0.201000
220979 0.202000
221019 0.203000
221041 0.204000
221071 0.205000
221115 0.206000
221119 0.207000
221138 0.208000
221162 0.209000
221310 0.210000
221341 0.211000
221373 0.212000
221378 0.213000
221447 0.214000
221687 0.215000
221757 0.216000
221805 0.217000
221867 0.218000
221924 0.219000
221956 0.220000
222165 0.221000
222185 0.222000
222196 0.223000
222269 0.224000
222287 0.225000
222302 0.226000
222348 0.227000
222352 0.228000
222560 0.229000
222579 0.230000
222793 0.231000
222802 0.232000
222852 0.233000
222883 0.234000
222935 0.235000
223028 0.236000
223078 0.237000
223084 0.238000
223165 0.239000
223173 0.240000
223292 0.241000
223311 0.242000
223556 0.243000
223564 0.244000
223863 0.245000
223872 0.246000
223879 0.247000
224007 0.248000
224027 0.249000
224079 0.250000
224083 0.251000
224146 0.252000
224235 0.253000
224303 0.254000
224313 0.255000
224455 0.256000
224659 0.257000
224691 0.258000
224711 0.259000
224810 0.260000
224843 0.261000
224882 0.262000
225103 0.263000
225125 0.264000
225212 0.265000
225268 0.266000
225293 0.267000
225337 0.268000
225388 0.269000
225398 0.270000
225503 0.271000
225575 0.272000
225587 0.273000
225708 0.274000
225725 0.275000
225744 0.276000
225833 0.277000
225837 0.279000
225919 0.280000
225948 0.281000
225981 0.282000
225998 0.284000
226044 0.285000
226051 0.286000
226123 0.287000
226225 0.288000
226232 0.289000
226242 0.290000
226293 0.291000
226350 0.292000
226366 0.293000
226464 0.294000
226644 0.295000
226668 0.296000
226756 0.297000
226897 0.298000
227068 0.299000
227109 0.300000
227110 0.301000
227264 0.302000
227415 0.303000
227473 0.304000
227541 0.305000
227570 0.306000
227611 0.307000
227881 0.308000
227955 0.309000
228113 0.310000
228158 0.311000
228169 0.312000
228201 0.313000
228203 0.314000
228266 0.315000
228267 0.316000
228403 0.317000
228460 0.318000
228465 0.319000
228531 0.320000
228539 0.321000
228561 0.322000
228569 0.323000
228658 0.324000
228772 0.325000
228818 0.326000
228998 0.327000
229016 0.328000
229059 0.329000
229104 0.330000
229108 0.331000
229221 0.332000
229233 0.333000
229259 0.334000
229337 0.335000
229547 0.336000
229558 0.337000
229609 0.338000
229641 0.339000
229652 0.340000
229667 0.341000
229710 0.342000
229734 0.343000
229844 0.344000
229895 0.345000
229967 0.346000
230039 0.347000
230062 0.348000
230079 0.349000
230219 0.350000
230268 0.351000
230281 0.352000
230282 0.353000
230339 0.354000
230417 0.355000
230504 0.356000
230517 0.357000
230520 0.358000
230806 0.359000
230831 0.360000
230881 0.361000
230909 0.362000
230936 0.363000
230956 0.364000
231053 0.365000
231166 0.366000
231230 0.367000
231237 0.368000
231376 0.369000
231399 0.370000
231610 0.371000
231634 0.372000
231637 0.373000
231689 0.374000
231782 0.375000
231808 0.376000
231973 0.377000
232091 0.378000
232103 0.379000
232211 0.380000
232274 0.381000
232354 0.382000
232393 0.383000
232446 0.384000
232474 0.385000
232475 0.386000
232565 0.387000
232586 0.388000
232596 0.389000
232734 0.390000
232776 0.391000
232796 0.392000
232811 0.393000
232817 0.394000
232854 0.395000
232868 0.396000
232882 0.397000
232883 0.398000
232889 0.399000
232957 0.400000
232974 0.401000
232979 0.402000
232988 0.403000
233013 0.404000
233097 0.405000
233173 0.406000
233224 0.407000
233246 0.408000
233264 0.409000
233334 0.410000
233376 0.411000
233415 0.412000
233451 0.413000
233522 0.414000
233529 0.415000
233592 0.416000
233616 0.417000
233671 0.418000
233697 0.419000
233704 0.420000
233706 0.421000
233803 0.422000
233866 0.423000
233980 0.424000
234043 0.425000
234112 0.426000
234116 0.427000
234272 0.428000
234322 0.429000
234326 0.430000
234349 0.431000
234444 0.432000
234508 0.433000
234548 0.434000
234558 0.435000
234560 0.436000
234592 0.438000
234604 0.439000
234648 0.440000
234753 0.441000
234791 0.442000
234799 0.443000
234839 0.444000
234924 0.445000
234946 0.446000
234968 0.447000
235026 0.448000
235094 0.449000
235101 0.450000
235110 0.451000
235152 0.452000
235224 0.453000
235233 0.454000
235265 0.455000
235303 0.456000
235366 0.457000
235393 0.458000
235401 0.459000
235439 0.460000
235568 0.461000
235581 0.462000
235673 0.463000
235751 0.464000
235797 0.465000
235863 0.466000
235908 0.467000
236032 0.468000
236044 0.469000
236093 0.470000
236099 0.471000
236109 0.472000
236112 0.473000
236115 0.474000
236122 0.475000
236165 0.476000
236240 0.477000
236261 0.478000
236373 0.479000
236382 0.480000
236392 0.481000
236428 0.482000
236456 0.483000
236457 0.484000
236519 0.485000
236521 0.486000
236578 0.487000
236611 0.488000
236651 0.489000
236672 0.490000
236702 0.491000
236745 0.492000
236784 0.493000
236790 0.494000
236799 0.495000
236929 0.496000
236944 0.497000
237080 0.498000
237102 0.499000
237135 0.500000
237246 0.501000
237406 0.502000
237414 0.503000
237435 0.504000
237571 0.505000
237581 0.506000
237663 0.507000
237692 0.508000
237741 0.509000
237788 0.510000
237890 0.511000
237930 0.512000
238043 0.513000
238091 0.514000
238111 0.515000
238156 0.516000
238176 0.517000
238283 0.518000
238309 0.519000
238350 0.520000
238379 0.521000
238502 0.522000
238504 0.523000
238519 0.524000
238534 0.525000
238560 0.526000
238575 0.527000
238664 0.528000
238737 0.529000
238773 0.531000
238845 0.532000
238910 0.533000
238913 0.534000
238930 0.535000
239058 0.536000
239082 0.537000
239156 0.538000
239222 0.539000
239320 0.540000
239339 0.541000
239358 0.542000
239533 0.543000
239569 0.544000
239606 0.545000
239641 0.546000
239667 0.547000
239713 0.548000
239716 0.549000
239725 0.550000
239767 0.551000
239771 0.552000
239831 0.553000
239926 0.554000
239998 0.555000
240179 0.556000
240297 0.557000
240306 0.558000
240372 0.559000
240691 0.560000
240693 0.561000
240750 0.562000
240753 0.563000
240807 0.564000
240913 0.565000
241044 0.566000
241089 0.567000
241232 0.568000
241254 0.569000
241346 0.570000
241404 0.571000
241552 0.572000
241597 0.573000
241605 0.574000
241753 0.575000
241919 0.576000
241985 0.577000
242040 0.578000
242316 0.579000
242337 0.580000
242344 0.581000
242443 0.582000
242474 0.583000
242808 0.584000
242826 0.585000
242971 0.586000
242997 0.587000
243046 0.588000
243181 0.589000
243198 0.590000
243440 0.591000
243451 0.592000
243567 0.593000
243673 0.594000
243763 0.595000
243887 0.596000
243897 0.597000
243988 0.598000
244010 0.599000
244090 0.600000
244143 0.601000
244197 0.602000
244302 0.603000
244308 0.604000
244326 0.605000
244379 0.606000
244381 0.607000
244397 0.608000
244407 0.609000
244438 0.610000
244472 0.611000
244551 0.612000
244612 0.613000
244785 0.614000
244818 0.615000
244919 0.616000
244968 0.617000
245008 0.618000
245027 0.619000
245175 0.620000
245226 0.621000
245314 0.622000
245335 0.623000
245522 0.624000
245625 0.625000
245744 0.626000
245765 0.627000
245863 0.628000
245885 0.629000
246112 0.630000
246118 0.631000
246210 0.632000
246250 0.633000
246306 0.634000
246417 0.635000
246439 0.636000
246541 0.637000
246573 0.638000
246833 0.639000
246865 0.640000
246985 0.641000
247050 0.642000
247395 0.643000
247435 0.644000
247454 0.645000
247464 0.646000
247585 0.647000
247887 0.648000
248223 0.649000
248257 0.650000
248501 0.651000
248634 0.652000
248660 0.653000
248777 0.654000
248898 0.655000
248983 0.656000
249053 0.657000
249072 0.658000
249127 0.659000
249179 0.660000
249293 0.661000
249326 0.662000
249331 0.663000
249356 0.664000
249613 0.665000
249711 0.666000
249748 0.667000
249752 0.668000
249753 0.669000
249761 0.670000
249837 0.671000
249857 0.672000
249895 0.673000
249997 0.674000
250161 0.675000
250240 0.676000
250412 0.677000
250419 0.678000
250456 0.679000
250628 0.680000
250705 0.681000
250965 0.682000
251053 0.684000
251073 0.685000
251076 0.686000
251245 0.687000
251257 0.688000
251353 0.689000
251446 0.690000
251512 0.691000
251653 0.692000
251720 0.693000
251852 0.694000
251858 0.695000
251955 0.696000
251970 0.697000
251983 0.698000
252091 0.699000
252150 0.700000
252177 0.701000
252233 0.702000
252260 0.703000
252369 0.704000
252526 0.705000
252723 0.706000
252760 0.707000
252771 0.708000
252853 0.709000
252921 0.710000
252957 0.711000
253179 0.712000
253189 0.713000
253204 0.714000
253254 0.715000
253358 0.716000
253483 0.717000
253537 0.718000
253575 0.719000
253600 0.721000
253690 0.722000
253899 0.723000
253970 0.724000
254276 0.725000
254279 0.726000
254295 0.727000
254408 0.728000
254568 0.729000
254638 0.730000
254818 0.731000
254872 0.732000
254918 0.733000
255144 0.734000
255243 0.735000
255331 0.736000
255388 0.737000
255538 0.738000
255543 0.739000
255630 0.740000
255717 0.741000
255774 0.742000
255829 0.743000
256109 0.744000
256138 0.745000
256185 0.746000
256199 0.747000
256205 0.748000
256246 0.749000
256369 0.750000
256592 0.751000
256739 0.752000
256808 0.753000
256949 0.754000
257039 0.755000
257490 0.756000
257641 0.757000
257646 0.758000
257796 0.759000
257838 0.760000
257974 0.761000
258038 0.762000
258116 0.763000
258203 0.764000
258281 0.765000
258342 0.766000
258367 0.767000
259036 0.768000
259126 0.769000
259135 0.770000
259162 0.771000
259327 0.772000
259588 0.773000
259598 0.774000
259701 0.775000
259772 0.776000
259832 0.777000
259877 0.778000
259881 0.779000
259922 0.780000
260130 0.781000
260262 0.782000
260391 0.784000
260541 0.785000
260593 0.786000
260762 0.787000
260770 0.788000
260774 0.789000
260943 0.790000
261039 0.791000
261176 0.792000
261264 0.793000
261379 0.794000
261387 0.795000
261635 0.796000
261941 0.797000
261944 0.798000
261996 0.799000
262708 0.800000
262966 0.801000
263031 0.802000
263076 0.803000
263272 0.804000
263430 0.805000
263469 0.806000
263585 0.807000
263607 0.808000
263860 0.809000
264104 0.810000
264376 0.811000
264393 0.812000
264395 0.813000
264854 0.814000
265022 0.815000
265051 0.816000
265465 0.817000
265537 0.818000
265689 0.819000
265706 0.820000
265846 0.821000
265894 0.822000
265951 0.823000
266000 0.824000
266035 0.825000
266092 0.826000
266223 0.827000
266287 0.828000
266328 0.829000
266616 0.830000
266646 0.831000
266652 0.832000
266670 0.833000
266937 0.834000
267161 0.835000
267215 0.836000
267957 0.837000
268337 0.838000
268691 0.839000
268941 0.840000
269242 0.841000
269437 0.842000
269984 0.843000
270044 0.844000
270056 0.845000
270107 0.846000
270285 0.847000
270324 0.848000
270480 0.849000
270602 0.850000
270689 0.851000
271166 0.852000
271198 0.853000
271316 0.854000
271929 0.855000
271971 0.856000
272500 0.857000
272564 0.858000
272817 0.859000
272986 0.860000
273224 0.861000
273351 0.862000
273353 0.863000
273504 0.864000
273720 0.865000
273794 0.866000
273847 0.867000
273990 0.868000
274068 0.869000
274640 0.870000
274940 0.871000
274981 0.872000
276085 0.873000
276113 0.874000
276515 0.875000
277250 0.876000
277801 0.877000
277968 0.878000
277983 0.879000
278185 0.880000
278196 0.881000
278466 0.882000
279310 0.883000
279487 0.884000
279686 0.885000
280228 0.886000
280553 0.887000
281081 0.888000
281326 0.889000
281787 0.890000
282324 0.891000
282331 0.892000
282679 0.893000
283546 0.894000
283595 0.895000
283787 0.896000
284138 0.897000
286078 0.898000
286882 0.899000
287064 0.900000
288684 0.901000
291412 0.902000
292727 0.903000
296497 0.904000
298688 0.905000
301143 0.906000
301362 0.907000
302465 0.908000
304831 0.909000
305078 0.910000
305452 0.911000
306954 0.912000
309462 0.913000
311669 0.914000
312290 0.915000
313583 0.916000
317329 0.917000
323483 0.918000
332186 0.919000
332369 0.920000
334545 0.921000
339734 0.922000
342165 0.923000
342529 0.924000
344975 0.925000
348631 0.926000
349041 0.927000
350004 0.928000
351535 0.929000
358144 0.930000
358156 0.931000
362574 0.932000
364609 0.933000
366123 0.934000
366658 0.935000
369601 0.936000
373244 0.937000
374447 0.938000
377879 0.939000
379517 0.940000
384159 0.941000
386177 0.942000
388777 0.943000
391602 0.944000
394798 0.945000
399945 0.946000
400453 0.947000
400701 0.948000
400947 0.949000
402691 0.950000
405250 0.951000
405613 0.952000
408437 0.953000
411999 0.954000
412772 0.955000
414614 0.956000
414832 0.957000
417661 0.958000
420304 0.959000
421521 0.960000
427270 0.961000
429206 0.962000
429806 0.963000
429974 0.964000
430214 0.965000
432042 0.966000
432445 0.967000
433768 0.968000
436793 0.969000
437338 0.970000
440932 0.971000
444000 0.972000
444970 0.973000
445682 0.974000
446484 0.975000
447492 0.976000
450731 0.977000
452123 0.978000
452331 0.979000
456870 0.980000
460558 0.981000
461941 0.982000
462977 0.983000
467061 0.984000
469135 0.985000
470361 0.986000
475010 0.987000
480080 0.988000
480926 0.989000
481219 0.990000
483998 0.991000
484419 0.992000
487884 0.993000
489253 0.994000
489961 0.995000
490765 0.996000
493703 0.997000
493750 0.998000
505950 0.999000
509908 1.000000


