231187 0.000000
231187 0.001000
235993 0.002000
236373 0.003000
236560 0.004000
238334 0.005000
238432 0.006000
238628 0.007000
239341 0.008000
239952 0.009000
240099 0.010000
240656 0.011000
240878 0.012000
240978 0.013000
240991 0.014000
241201 0.015000
241989 0.016000
242071 0.017000
242449 0.018000
242478 0.019000
242573 0.020000
242643 0.022000
242801 0.023000
243166 0.024000
243238 0.025000
243476 0.026000
243627 0.027000
243719 0.028000
243903 0.029000
244230 0.030000
244384 0.031000
244446 0.032000
244489 0.033000
244499 0.034000
244615 0.035000
244674 0.036000
244785 0.037000
245074 0.038000
245273 0.039000
245377 0.040000
245416 0.041000
245505 0.042000
245633 0.043000
245991 0.044000
246058 0.045000
246069 0.046000
246156 0.047000
246297 0.048000
246370 0.049000
246471 0.050000
246550 0.051000
246555 0.052000
246589 0.053000
246687 0.054000
246840 0.055000
246954 0.056000
247104 0.057000
247182 0.058000
247202 0.059000
247210 0.060000
247227 0.061000
247243 0.062000
247295 0.063000
247341 0.064000
247347 0.065000
247446 0.066000
247464 0.067000
247497 0.068000
247514 0.069000
247600 0.070000
247762 0.071000
247796 0.072000
248255 0.073000
248363 0.074000
248409 0.075000
248581 0.076000
248661 0.077000
248703 0.078000
248712 0.080000
248880 0.081000
248937 0.082000
248976 0.083000
248990 0.084000
249010 0.085000
249018 0.086000
249020 0.087000
249121 0.088000
249130 0.089000
249187 0.090000
249204 0.091000
249384 0.092000
249480 0.093000
249506 0.094000
249598 0.095000
249635 0.096000
249642 0.097000
249650 0.098000
249676 0.099000
249712 0.100000
249951 0.101000
249957 0.102000
250032 0.103000
250097 0.104000
250120 0.105000
250122 0.106000
250131 0.107000
250142 0.108000
250254 0.109000
250299 0.110000
250432 0.111000
250494 0.112000
250515 0.113000
250631 0.114000
250655 0.115000
250681 0.116000
250703 0.117000
250704 0.118000
250742 0.119000
250813 0.120000
250820 0.121000
250904 0.122000
250945 0.123000
250958 0.124000
251017 0.125000
251056 0.126000
251155 0.127000
251158 0.128000
251200 0.129000
251227 0.130000
251243 0.131000
251249 0.132000
251298 0.133000
251325 0.134000
251332 0.135000
251347 0.136000
251354 0.137000
251369 0.138000
251375 0.139000
251423 0.140000
251533 0.141000
251558 0.142000
251585 0.143000
251632 0.144000
251685 0.145000
251697 0.146000
251717 0.147000
251727 0.148000
251823 0.149000
251862 0.150000
251894 0.151000
251895 0.152000
251925 0.153000
251928 0.154000
251939 0.155000
251943 0.156000
251954 0.157000
251966 0.158000
252001 0.159000
252048 0.160000
252073 0.161000
252116 0.162000
252117 0.163000
252177 0.164000
252189 0.165000
252212 0.166000
252230 0.167000
252244 0.168000
252248 0.169000
252269 0.170000
252289 0.171000
252321 0.172000
252431 0.173000
252483 0.174000
252500 0.175000
252502 0.176000
252521 0.177000
252555 0.178000
252622 0.179000
252650 0.180000
252670 0.181000
252674 0.182000
252680 0.183000
252727 0.184000
252759 0.185000
252792 0.186000
252808 0.187000
252848 0.189000
252854 0.190000
252863 0.191000
252875 0.192000
252884 0.193000
252893 0.194000
252894 0.195000
252928 0.196000
252940 0.197000
252974 0.198000
253064 0.199000
253083 0.200000
253086 0.201000
253133 0.202000
253144 0.203000
253165 0.204000
253174 0.205000
253268 0.206000
253293 0.207000
253322 0.208000
253373 0.209000
253401 0.210000
253430 0.211000
253443 0.212000
253459 0.214000
253476 0.215000
253516 0.216000
253543 0.217000
253548 0.218000
253549 0.219000
253554 0.220000
253557 0.221000
253566 0.222000
253584 0.223000
253620 0.224000
253622 0.225000
253630 0.226000
253647 0.227000
253667 0.228000
253674 0.229000
253683 0.230000
253688 0.231000
253710 0.232000
253715 0.233000
253731 0.234000
253741 0.235000
253742 0.236000
253797 0.237000
253817 0.238000
253848 0.239000
253873 0.240000
253917 0.241000
253932 0.242000
253980 0.243000
254004 0.244000
254006 0.245000
254018 0.246000
254028 0.247000
254051 0.248000
254090 0.249000
254117 0.250000
254120 0.251000
254129 0.252000
254134 0.253000
254146 0.254000
254174 0.255000
254187 0.256000
254191 0.257000
254256 0.258000
254277 0.259000
254283 0.261000
254295 0.262000
254296 0.263000
254299 0.265000
254317 0.266000
254337 0.267000
254362 0.268000
254374 0.269000
254390 0.270000
254441 0.271000
254455 0.272000
254471 0.273000
254485 0.274000
254486 0.275000
254494 0.276000
254501 0.277000
254529 0.278000
254537 0.279000
254556 0.280000
254557 0.281000
254577 0.282000
254593 0.283000
254602 0.284000
254604 0.285000
254610 0.286000
254664 0.288000
254707 0.289000
254762 0.290000
254767 0.291000
254792 0.292000
254795 0.293000
254817 0.294000
254830 0.295000
254833 0.296000
254844 0.297000
254857 0.298000
254877 0.299000
254887 0.300000
254895 0.301000
254916 0.302000
254919 0.303000
254940 0.304000
254961 0.305000
254973 0.306000
254975 0.307000
254985 0.308000
254988 0.309000
254991 0.310000
254994 0.311000
254996 0.312000
255055 0.313000
255076 0.315000
255081 0.316000
255114 0.317000
255119 0.318000
255123 0.319000
255128 0.320000
255139 0.321000
255143 0.322000
255151 0.323000
255177 0.324000
255178 0.325000
255179 0.326000
255180 0.327000
255185 0.328000
255187 0.329000
255190 0.330000
255199 0.331000
255213 0.332000
255222 0.333000
255263 0.334000
255306 0.335000
255317 0.336000
255367 0.337000
255375 0.338000
255418 0.339000
255487 0.340000
255493 0.341000
255514 0.342000
255528 0.343000
255529 0.344000
255541 0.345000
255576 0.346000
255587 0.347000
255655 0.348000
255694 0.349000
255718 0.350000
255731 0.351000
255745 0.352000
255754 0.353000
255762 0.354000
255763 0.355000
255778 0.356000
255783 0.357000
255814 0.359000
255819 0.360000
255828 0.361000
255850 0.362000
255860 0.363000
255871 0.364000
255873 0.365000
255875 0.366000
255896 0.367000
255902 0.368000
255925 0.369000
255945 0.370000
255970 0.371000
256000 0.372000
256024 0.373000
256043 0.374000
256055 0.375000
256056 0.376000
256101 0.377000
256121 0.378000
256128 0.379000
256136 0.380000
256158 0.381000
256197 0.382000
256207 0.383000
256235 0.384000
256238 0.385000
256240 0.386000
256273 0.387000
256281 0.388000
256298 0.389000
256310 0.390000
256316 0.391000
256369 0.392000
256384 0.393000
256420 0.394000
256458 0.395000
256459 0.396000
256461 0.397000
256463 0.398000
256466 0.399000
256468 0.400000
256485 0.401000
256510 0.402000
256517 0.403000
256524 0.404000
256541 0.405000
256543 0.406000
256558 0.407000
256569 0.408000
256579 0.409000
256580 0.410000
256587 0.411000
256591 0.412000
256595 0.413000
256603 0.414000
256605 0.415000
256607 0.416000
256626 0.417000
256639 0.418000
256695 0.419000
256731 0.420000
256737 0.421000
256745 0.422000
256746 0.423000
256764 0.424000
256785 0.425000
256793 0.426000
256805 0.427000
256822 0.428000
256828 0.429000
256848 0.430000
256863 0.431000
256891 0.432000
256897 0.433000
256909 0.434000
256912 0.435000
256926 0.436000
256934 0.437000
256942 0.438000
256949 0.439000
256953 0.440000
256969 0.441000
256972 0.442000
257016 0.443000
257030 0.444000
257046 0.445000
257047 0.446000
257110 0.447000
257123 0.448000
257127 0.449000
257155 0.450000
257184 0.451000
257197 0.452000
257201 0.453000
257202 0.454000
257205 0.455000
257207 0.456000
257231 0.457000
257248 0.458000
257259 0.459000
257268 0.460000
257289 0.461000
257295 0.462000
257312 0.463000
257328 0.464000
257361 0.465000
257363 0.466000
257373 0.467000
257375 0.468000
257377 0.469000
257383 0.470000
257395 0.471000
257471 0.472000
257502 0.473000
257510 0.474000
257547 0.475000
257549 0.476000
257564 0.477000
257566 0.478000
257567 0.479000
257607 0.480000
257621 0.481000
257641 0.482000
257705 0.483000
257720 0.484000
257725 0.485000
257744 0.486000
257750 0.487000
257752 0.488000
257785 0.489000
257799 0.490000
257812 0.491000
257833 0.492000
257852 0.493000
257866 0.494000
257888 0.495000
257898 0.496000
257910 0.497000
257935 0.498000
257949 0.499000
257974 0.501000
257978 0.502000
257990 0.503000
258006 0.504000
258047 0.505000
258053 0.506000
258056 0.507000
258063 0.508000
258074 0.509000
258084 0.510000
258104 0.511000
258108 0.512000
258119 0.513000
258142 0.514000
258186 0.515000
258194 0.516000
258202 0.517000
258215 0.518000
258252 0.519000
258253 0.520000
258280 0.521000
258296 0.522000
258298 0.523000
258311 0.524000
258322 0.525000
258325 0.526000
258343 0.527000
258370 0.528000
258373 0.529000
258406 0.530000
258408 0.531000
258411 0.532000
258457 0.533000
258460 0.534000
258462 0.535000
258466 0.537000
258468 0.538000
258477 0.539000
258484 0.540000
258488 0.541000
258490 0.542000
258504 0.543000
258511 0.544000
258532 0.545000
258533 0.546000
258535 0.547000
258602 0.548000
258622 0.549000
258625 0.550000
258638 0.551000
258648 0.552000
258656 0.553000
258663 0.554000
258669 0.555000
258673 0.556000
258678 0.557000
258689 0.558000
258706 0.559000
258728 0.560000
258734 0.561000
258743 0.562000
258750 0.563000
258799 0.564000
258836 0.565000
258841 0.566000
258848 0.567000
258857 0.568000
258876 0.569000
258905 0.570000
258918 0.571000
258936 0.572000
258978 0.573000
258994 0.574000
259000 0.575000
259035 0.576000
259040 0.577000
259047 0.578000
259076 0.579000
259126 0.580000
259145 0.581000
259166 0.582000
259182 0.583000
259187 0.584000
259199 0.585000
259209 0.586000
259221 0.587000
259237 0.588000
259239 0.589000
259257 0.590000
259264 0.591000
259267 0.592000
259272 0.593000
259276 0.594000
259301 0.595000
259315 0.596000
259317 0.597000
259332 0.598000
259381 0.599000
259389 0.600000
259422 0.601000
259424 0.602000
259476 0.603000
259480 0.604000
259483 0.605000
259496 0.606000
259507 0.607000
259514 0.608000
259518 0.609000
259522 0.610000
259529 0.611000
259534 0.612000
259550 0.613000
259551 0.614000
259586 0.615000
259587 0.616000
259598 0.617000
259608 0.618000
259645 0.619000
259669 0.620000
259681 0.621000
259691 0.622000
259693 0.623000
259708 0.624000
259732 0.625000
259766 0.626000
259767 0.627000
259785 0.628000
259788 0.629000
259791 0.630000
259807 0.631000
259823 0.633000
259862 0.634000
259874 0.635000
259877 0.636000
259887 0.637000
259890 0.639000
259898 0.640000
259901 0.641000
259958 0.642000
259964 0.643000
259966 0.644000
259973 0.645000
259976 0.646000
259987 0.647000
259994 0.648000
259995 0.649000
260026 0.650000
260058 0.651000
260063 0.652000
260107 0.653000
260162 0.654000
260202 0.655000
260223 0.658000
260235 0.659000
260240 0.660000
260246 0.661000
260247 0.662000
260253 0.663000
260269 0.665000
260291 0.666000
260316 0.667000
260319 0.668000
260322 0.669000
260328 0.670000
260340 0.671000
260366 0.672000
260370 0.673000
260436 0.674000
260445 0.675000
260468 0.676000
260503 0.677000
260521 0.678000
260545 0.680000
260559 0.681000
260562 0.682000
260563 0.683000
260579 0.684000
260598 0.685000
260605 0.686000
260619 0.687000
260631 0.688000
260634 0.689000
260641 0.690000
260644 0.691000
260646 0.692000
260665 0.693000
260674 0.694000
260702 0.695000
260708 0.696000
260712 0.697000
260722 0.698000
260760 0.699000
260792 0.700000
260815 0.701000
260821 0.702000
260830 0.703000
260860 0.704000
260885 0.705000
260889 0.706000
260909 0.707000
260912 0.708000
260919 0.709000
260949 0.710000
260958 0.711000
260969 0.712000
260973 0.713000
260983 0.714000
260999 0.715000
261002 0.716000
261010 0.717000
261058 0.718000
261060 0.719000
261074 0.720000
261084 0.721000
261099 0.723000
261104 0.724000
261131 0.725000
261159 0.726000
261177 0.727000
261178 0.728000
261184 0.729000
261193 0.730000
261197 0.731000
261200 0.732000
261201 0.733000
261218 0.734000
261241 0.735000
261243 0.736000
261258 0.737000
261259 0.738000
261283 0.739000
261291 0.740000
261345 0.741000
261359 0.742000
261360 0.743000
261381 0.744000
261390 0.745000
261396 0.746000
261410 0.747000
261436 0.748000
261437 0.749000
261445 0.750000
261473 0.751000
261481 0.752000
261499 0.753000
261531 0.754000
261583 0.755000
261616 0.756000
261657 0.757000
261658 0.758000
261674 0.759000
261679 0.760000
261690 0.761000
261711 0.762000
261717 0.763000
261725 0.764000
261809 0.765000
261820 0.766000
261823 0.767000
261846 0.768000
261876 0.769000
261913 0.770000
261933 0.771000
261937 0.772000
261947 0.773000
261949 0.774000
261950 0.775000
261952 0.776000
261979 0.777000
262025 0.778000
262028 0.779000
262045 0.780000
262049 0.781000
262056 0.782000
262105 0.783000
262117 0.784000
262128 0.785000
262132 0.786000
262185 0.787000
262189 0.788000
262220 0.789000
262240 0.790000
262262 0.791000
262296 0.792000
262329 0.793000
262406 0.794000
262414 0.795000
262427 0.796000
262429 0.797000
262431 0.798000
262439 0.799000
262452 0.800000
262470 0.801000
262473 0.802000
262476 0.803000
262496 0.804000
262524 0.805000
262526 0.806000
262602 0.807000
262648 0.808000
262657 0.809000
262673 0.810000
262676 0.811000
262681 0.812000
262703 0.813000
262722 0.814000
262743 0.815000
262758 0.816000
262775 0.818000
262847 0.819000
262870 0.820000
262898 0.821000
262907 0.822000
262941 0.823000
262964 0.824000
262973 0.825000
262982 0.826000
262983 0.827000
262995 0.828000
263018 0.829000
263032 0.830000
263033 0.831000
263037 0.832000
263091 0.833000
263101 0.834000
263123 0.835000
263130 0.836000
263189 0.837000
263218 0.838000
263248 0.839000
263251 0.840000
263265 0.841000
263271 0.842000
263297 0.843000
263325 0.844000
263331 0.845000
263341 0.846000
263348 0.847000
263508 0.848000
263573 0.849000
263587 0.850000
263588 0.851000
263599 0.852000
263630 0.853000
263637 0.854000
263654 0.855000
263655 0.856000
263702 0.857000
263755 0.858000
263777 0.859000
263819 0.860000
263896 0.862000
263898 0.863000
263902 0.864000
263918 0.865000
263927 0.866000
263934 0.867000
263942 0.868000
263948 0.869000
264000 0.870000
264027 0.871000
264035 0.872000
264087 0.873000
264091 0.874000
264211 0.875000
264265 0.876000
264268 0.877000
264275 0.878000
264278 0.879000
264294 0.880000
264303 0.881000
264334 0.882000
264338 0.883000
264342 0.884000
264385 0.885000
264447 0.886000
264466 0.887000
264467 0.888000
264475 0.889000
264494 0.890000
264497 0.891000
264499 0.892000
264513 0.893000
264515 0.894000
264527 0.895000
264538 0.896000
264566 0.897000
264592 0.898000
264617 0.899000
264636 0.900000
264639 0.901000
264678 0.902000
264701 0.903000
264739 0.904000
264753 0.905000
264760 0.906000
264768 0.908000
264773 0.909000
264784 0.910000
264789 0.911000
264818 0.912000
264835 0.913000
264893 0.914000
264954 0.915000
264964 0.916000
264976 0.917000
265032 0.918000
265079 0.919000
265148 0.920000
265272 0.921000
265391 0.922000
265483 0.923000
265507 0.924000
265557 0.925000
265566 0.926000
265574 0.927000
265601 0.928000
265611 0.929000
265677 0.930000
265688 0.931000
265710 0.932000
265902 0.933000
265934 0.934000
266005 0.935000
266024 0.936000
266037 0.937000
266093 0.938000
266168 0.939000
266254 0.940000
266275 0.941000
266349 0.942000
266356 0.943000
266421 0.944000
266515 0.945000
266528 0.946000
266545 0.947000
266636 0.948000
266638 0.949000
266668 0.950000
266686 0.951000
266773 0.952000
266781 0.953000
266793 0.954000
266896 0.955000
266928 0.956000
267024 0.957000
267034 0.958000
267099 0.959000
267217 0.960000
267256 0.961000
267361 0.962000
267466 0.963000
267472 0.964000
267721 0.965000
267834 0.966000
267992 0.967000
268151 0.968000
268315 0.969000
268320 0.970000
268418 0.971000
268519 0.972000
268578 0.973000
268586 0.974000
268671 0.975000
268688 0.976000
268758 0.977000
268809 0.978000
268857 0.979000
269352 0.980000
269356 0.981000
269523 0.982000
269638 0.983000
269649 0.984000
269733 0.985000
269759 0.986000
270175 0.987000
270189 0.988000
270278 0.989000
270600 0.990000
270658 0.991000
270702 0.992000
270718 0.993000
270814 0.994000
270823 0.995000
270980 0.996000
272189 0.997000
272610 0.998000
273059 0.999000
274565 1.000000


135 0.000000
135 0.001000
137 0.002000
138 0.006000
139 0.021000
140 0.035000
141 0.064000
142 0.093000
143 0.121000
144 0.183000
145 0.328000
146 0.558000
147 0.775000
148 0.906000
149 0.953000
150 0.972000
151 0.975000
152 0.987000
153 0.993000
154 0.998000
155 0.999000
159 1.000000


