239415
263542
257873
263503
258134
255448
263553
255043
259666
259320
260390
252697
259319
255190
243546
243373
255492
252640
259405
259779
259370
245373
263664
256134
259990
259245
254960
261841
251561
256078
257827
263408
260779
255014
244645
257061
251517
255246
257666
262872
272927
264136
261416
255286
257381
255217
259476
256609
263043
257232
255882
256329
255596
266721
233198
240830
251787
253451
260096
254369
252897
233193
245585
249040
253523
260326
262004
262983
257707
255685
259062
261128
259227
255097
245991
243113
254462
259934
254662
257388
256215
264033
258964
253929
255685
255223
263472
262915
255245
259188
257439
259139
243246
264793
250948
263031
269390
259779
255135
259771
256314
258963
253508
255354
264384
251144
259170
253700
259712
261437
258981
258974
261473
267030
259168
259470
257196
258923
257806
251043
265606
259406
256288
255318
257390
263438
257562
259178
253936
245473
251931
254892
255597
250769
249041
232572
253615
257083
247586
255289
261476
255578
251407
252007
259370
247499
254778
259529
255258
251139
255723
249561
254501
255698
263512
257549
259805
254714
259334
255214
263469
265705
255399
261489
255089
257460
255108
258687
255612
242579
257799
253084
250972
252894
255255
257437
259252
249685
255196
253522
249203
240919
253394
252167
256278
242456
257289
251395
244865
255475
255520
259670
253581
252580
251085
241403
251658
258518
260879
257072
263220
256427
252644
258887
261930
261453
259090
261282
259394
253220
251431
253906
259104
257943
259140
255305
253253
262858
259270
259997
257488
263701
249664
254998
255231
260094
259224
262017
259606
255255
258910
257188
259876
255544
259229
253498
254781
254323
251600
276360
256996
252994
253720
259438
256303
255009
257451
255332
260798
259056
257528
238985
261597
259082
251677
249953
263326
257437
262902
249484
259375
254834
265406
259088
243730
255027
256509
255098
261736
251318
249755
258947
257760
249213
245465
264071
255162
257729
258895
242555
255136
259470
255668
243003
254716
255835
254747
247355
239609
241042
248977
257058
259965
255659
253680
254729
241426
264151
258764
249636
255340
256078
263104
259690
259528
258793
257539
262864
257174
258806
253869
255439
257521
247246
261544
255343
259054
264267
248600
249875
236795
251224
253307
259013
256653
254728
252283
254825
251109
250638
259690
238901
263141
260302
248876
259723
255557
253728
263247
261473
259743
254019
255182
252136
255287
253493
266519
256984
252467
252435
255471
253965
253077
249198
253742
248959
252768
245187
255312
253707
256054
255155
259275
263612
257063
251093
250397
257268
248981
249053
256762
253009
249478
246076
257147
242276
246157
253656
254752
257253
259497
254991
263335
256054
256570
250661
255919
262714
246218
242821
260413
245954
245291
233788
257153
253232
252282
259250
251116
254875
243642
257038
248965
241061
264657
259206
255867
254091
259488
253041
267306
268832
258718
261371
255631
261068
263529
259418
263346
253361
256469
259403
261582
255106
255362
258061
247018
259557
256633
253625
255074
257421
259428
257187
258710
258814
259217
253611
263140
257558
263486
253666
252978
256868
257646
250171
250101
256240
262005
269407
249364
245567
249195
258845
258062
248982
252130
233202
256320
259184
250781
257649
258761
257710
255488
246203
265757
245080
258892
252916
260807
255084
253633
259118
265583
255240
257527
259229
257553
259025
259319
259969
249753
274544
237886
247556
257211
262771
258234
255036
257535
243644
263973
264032
255906
250025
253503
258784
247285
259172
241634
262667
253376
270808
246573
253653
257357
243328
261986
251257
256829
255825
255749
254948
263324
252901
247383
254691
257719
254943
259439
257469
259333
257106
255200
255496
268900
258448
260539
257374
259434
257379
259527
259567
255769
259602
246992
256743
267071
242680
259522
259346
253242
259935
258975
249020
252652
254017
255534
257330
242783
260050
259137
257732
255031
261674
259574
259435
256227
253452
260294
259125
257457
259562
262990
253497
259292
262110
252929
249707
256892
249177
259653
255370
245412
259210
263737
259775
253395
258213
253450
263495
253937
255318
257443
242863
257078
259344
261359
258982
255922
258814
263533
243283
258831
253485
262747
249079
254986
249156
254758
254630
263534
254917
257221
259643
255773
255583
260201
253389
259907
256108
265630
254915
256831
258784
254940
251249
237476
260486
259107
239556
256303
257424
259065
257748
259362
257003
250922
259258
256029
258910
265155
260529
259648
259551
259335
248918
259226
257529
263305
253063
259723
259332
276186
264579
260840
255028
237452
272741
260133
259563
260781
258801
261123
260062
263022
258183
253398
259972
253738
257685
258910
252967
255695
257617
259314
254702
262987
258939
257412
259064
261004
262625
259083
263289
249456
236947
257817
263348
255307
259741
260942
259489
254918
248998
257378
258900
253337
260128
255174
260422
263733
267890
251097
240927
260211
252959
264610
259281
258968
257790
244870
251659
261264
257712
259486
252904
255189
249320
259438
261541
257320
255670
255773
256517
253683
263181
260437
254811
253232
251715
259395
259300
255571
259541
257278
259308
267909
240045
261689
259288
255821
246609
259185
259071
257342
250646
237104
253133
255739
253514
256663
255273
259176
265595
238948
255189
259978
246112
259163
265627
262936
254893
262765
267058
263051
249541
255571
257475
258902
255379
259100
255619
262007
262229
258182
264405
251022
251001
254724
261477
250678
255892
261595
258790
255677
259068
259871
255393
265320
248884
253534
252576
243661
263635
260847
255106
258967
261318
259878
257677
259707
261521
255234
263161
253559
254721
256514
263274
265494
255609
257439
263352
253337
255861
258902
254360
265853
239489
256913
267190
263449
254785
259741
257394
256383
266995
258870
256462
237132
262992
256091
255096
263130
260070
257536
263198
253480
252515
255323
256540
259403
263064
257203
237154
259242
257853
250918
256133
248986
263412
253359
255156
245687
231076
257931
254845
246772
255289
261925
254926
260881
256846
259354
259414
255360
259327
253047
259232
253067
256670
260330
255208
251254
245194
256913
256162
255068
251890
263307
254963
257778
255234
257430
256739
250965
259085
263333
258794
256931
255375
262986
259022
261254
263283
255761
255012
262858
257462
263189
258188
259204
256674
259773
258714
270835
257336
259437
263156
258008
254944
257572
263274
260971
259817
261389
251755
255369
271362
256896
259246
260053
253282
255260
258948
267439
259555
248997
255263
259419
255713
255497
259285
254948
251570
259953
258965
251306
267380
263605
263739
259721
254996
255480
258022
265410
257589
254948
259590
263156
260872
266998
249496
268276
259410
251245
259369
261223
255508
259086
263222
255696
259321
255985
255591
254751
260862
255242
254998
259111
257215
261274
263137
263307
260537
256537
248989
249253
254265
258242
255304
255558
256527
265180
254925
259508
259567
249496
244646
253108
255712
257475
255228
256399
259848
259361
247372
250724
260344
259154
249625
259171
259780
255240
257440
258911
260024
259166
258651
