231076 0.000000
231076 0.001000
232572 0.002000
233193 0.003000
233198 0.004000
233202 0.005000
233788 0.006000
236795 0.007000
236947 0.008000
237104 0.009000
237132 0.010000
237154 0.011000
237452 0.012000
237476 0.013000
237886 0.014000
238901 0.015000
238948 0.016000
238985 0.017000
239415 0.018000
239489 0.019000
239556 0.020000
239609 0.021000
240045 0.022000
240830 0.023000
240919 0.024000
240927 0.025000
241042 0.026000
241061 0.027000
241403 0.028000
241426 0.029000
241634 0.030000
242276 0.031000
242456 0.032000
242555 0.033000
242579 0.034000
242680 0.035000
242783 0.036000
242821 0.037000
242863 0.038000
243003 0.039000
243113 0.040000
243246 0.041000
243283 0.042000
243328 0.043000
243373 0.044000
243546 0.045000
243642 0.046000
243644 0.047000
243661 0.048000
243730 0.049000
244645 0.050000
244646 0.051000
244865 0.052000
244870 0.053000
245080 0.054000
245187 0.055000
245194 0.056000
245291 0.057000
245373 0.058000
245412 0.059000
245465 0.060000
245473 0.061000
245567 0.062000
245585 0.063000
245687 0.064000
245954 0.065000
245991 0.066000
246076 0.067000
246112 0.068000
246157 0.069000
246203 0.070000
246218 0.071000
246573 0.072000
246609 0.073000
246772 0.074000
246992 0.075000
247018 0.076000
247246 0.077000
247285 0.078000
247355 0.079000
247372 0.080000
247383 0.081000
247499 0.082000
247556 0.083000
247586 0.084000
248600 0.085000
248876 0.086000
248884 0.087000
248918 0.088000
248959 0.089000
248965 0.090000
248977 0.091000
248981 0.092000
248982 0.093000
248986 0.094000
248989 0.095000
248997 0.096000
248998 0.097000
249020 0.098000
249040 0.099000
249041 0.100000
249053 0.101000
249079 0.102000
249156 0.103000
249177 0.104000
249195 0.105000
249198 0.106000
249203 0.107000
249213 0.108000
249253 0.109000
249320 0.110000
249364 0.111000
249456 0.112000
249478 0.113000
249484 0.114000
249496 0.116000
249541 0.117000
249561 0.118000
249625 0.119000
249636 0.120000
249664 0.121000
249685 0.122000
249707 0.123000
249753 0.124000
249755 0.125000
249875 0.126000
249953 0.127000
250025 0.128000
250101 0.129000
250171 0.130000
250397 0.131000
250638 0.132000
250646 0.133000
250661 0.134000
250678 0.135000
250724 0.136000
250769 0.137000
250781 0.138000
250918 0.139000
250922 0.140000
250948 0.141000
250965 0.142000
250972 0.143000
251001 0.144000
251022 0.145000
251043 0.146000
251085 0.147000
251093 0.148000
251097 0.149000
251109 0.150000
251116 0.151000
251139 0.152000
251144 0.153000
251224 0.154000
251245 0.155000
251249 0.156000
251254 0.157000
251257 0.158000
251306 0.159000
251318 0.160000
251395 0.161000
251407 0.162000
251431 0.163000
251517 0.164000
251561 0.165000
251570 0.166000
251600 0.167000
251658 0.168000
251659 0.169000
251677 0.170000
251715 0.171000
251755 0.172000
251787 0.173000
251890 0.174000
251931 0.175000
252007 0.176000
252130 0.177000
252136 0.178000
252167 0.179000
252282 0.180000
252283 0.181000
252435 0.182000
252467 0.183000
252515 0.184000
252576 0.185000
252580 0.186000
252640 0.187000
252644 0.188000
252652 0.189000
252697 0.190000
252768 0.191000
252894 0.192000
252897 0.193000
252901 0.194000
252904 0.195000
252916 0.196000
252929 0.197000
252959 0.198000
252967 0.199000
252978 0.200000
252994 0.201000
253009 0.202000
253041 0.203000
253047 0.204000
253063 0.205000
253067 0.206000
253077 0.207000
253084 0.208000
253108 0.209000
253133 0.210000
253220 0.211000
253232 0.213000
253242 0.214000
253253 0.215000
253282 0.216000
253307 0.217000
253337 0.219000
253359 0.220000
253361 0.221000
253376 0.222000
253389 0.223000
253394 0.224000
253395 0.225000
253398 0.226000
253450 0.227000
253451 0.228000
253452 0.229000
253480 0.230000
253485 0.231000
253493 0.232000
253497 0.233000
253498 0.234000
253503 0.235000
253508 0.236000
253514 0.237000
253522 0.238000
253523 0.239000
253534 0.240000
253559 0.241000
253581 0.242000
253611 0.243000
253615 0.244000
253625 0.245000
253633 0.246000
253653 0.247000
253656 0.248000
253666 0.249000
253680 0.250000
253683 0.251000
253700 0.252000
253707 0.253000
253720 0.254000
253728 0.255000
253738 0.256000
253742 0.257000
253869 0.258000
253906 0.259000
253929 0.260000
253936 0.261000
253937 0.262000
253965 0.263000
254017 0.264000
254019 0.265000
254091 0.266000
254265 0.267000
254323 0.268000
254360 0.269000
254369 0.270000
254462 0.271000
254501 0.272000
254630 0.273000
254662 0.274000
254691 0.275000
254702 0.276000
254714 0.277000
254716 0.278000
254721 0.279000
254724 0.280000
254728 0.281000
254729 0.282000
254747 0.283000
254751 0.284000
254752 0.285000
254758 0.286000
254778 0.287000
254781 0.288000
254785 0.289000
254811 0.290000
254825 0.291000
254834 0.292000
254845 0.293000
254875 0.294000
254892 0.295000
254893 0.296000
254915 0.297000
254917 0.298000
254918 0.299000
254925 0.300000
254926 0.301000
254940 0.302000
254943 0.303000
254944 0.304000
254948 0.307000
254960 0.308000
254963 0.309000
254986 0.310000
254991 0.311000
254996 0.312000
254998 0.314000
255009 0.315000
255012 0.316000
255014 0.317000
255027 0.318000
255028 0.319000
255031 0.320000
255036 0.321000
255043 0.322000
255068 0.323000
255074 0.324000
255084 0.325000
255089 0.326000
255096 0.327000
255097 0.328000
255098 0.329000
255106 0.331000
255108 0.332000
255135 0.333000
255136 0.334000
255155 0.335000
255156 0.336000
255162 0.337000
255174 0.338000
255182 0.339000
255189 0.341000
255190 0.342000
255196 0.343000
255200 0.344000
255208 0.345000
255214 0.346000
255217 0.347000
255223 0.348000
255228 0.349000
255231 0.350000
255234 0.352000
255240 0.354000
255242 0.355000
255245 0.356000
255246 0.357000
255255 0.359000
255258 0.360000
255260 0.361000
255263 0.362000
255273 0.363000
255286 0.364000
255287 0.365000
255289 0.367000
255304 0.368000
255305 0.369000
255307 0.370000
255312 0.371000
255318 0.373000
255323 0.374000
255332 0.375000
255340 0.376000
255343 0.377000
255354 0.378000
255360 0.379000
255362 0.380000
255369 0.381000
255370 0.382000
255375 0.383000
255379 0.384000
255393 0.385000
255399 0.386000
255439 0.387000
255448 0.388000
255471 0.389000
255475 0.390000
255480 0.391000
255488 0.392000
255492 0.393000
255496 0.394000
255497 0.395000
255508 0.396000
255520 0.397000
255534 0.398000
255544 0.399000
255557 0.400000
255558 0.401000
255571 0.403000
255578 0.404000
255583 0.405000
255591 0.406000
255596 0.407000
255597 0.408000
255609 0.409000
255612 0.410000
255619 0.411000
255631 0.412000
255659 0.413000
255668 0.414000
255670 0.415000
255677 0.416000
255685 0.418000
255695 0.419000
255696 0.420000
255698 0.421000
255712 0.422000
255713 0.423000
255723 0.424000
255739 0.425000
255749 0.426000
255761 0.427000
255769 0.428000
255773 0.430000
255821 0.431000
255825 0.432000
255835 0.433000
255861 0.434000
255867 0.435000
255882 0.436000
255892 0.437000
255906 0.438000
255919 0.439000
255922 0.440000
255985 0.441000
256029 0.442000
256054 0.444000
256078 0.446000
256091 0.447000
256108 0.448000
256133 0.449000
256134 0.450000
256162 0.451000
256215 0.452000
256227 0.453000
256240 0.454000
256278 0.455000
256288 0.456000
256303 0.458000
256314 0.459000
256320 0.460000
256329 0.461000
256383 0.462000
256399 0.463000
256427 0.464000
256462 0.465000
256469 0.466000
256509 0.467000
256514 0.468000
256517 0.469000
256527 0.470000
256537 0.471000
256540 0.472000
256570 0.473000
256609 0.474000
256633 0.475000
256653 0.476000
256663 0.477000
256670 0.478000
256674 0.479000
256739 0.480000
256743 0.481000
256762 0.482000
256829 0.483000
256831 0.484000
256846 0.485000
256868 0.486000
256892 0.487000
256896 0.488000
256913 0.490000
256931 0.491000
256984 0.492000
256996 0.493000
257003 0.494000
257038 0.495000
257058 0.496000
257061 0.497000
257063 0.498000
257072 0.499000
257078 0.500000
257083 0.501000
257106 0.502000
257147 0.503000
257153 0.504000
257174 0.505000
257187 0.506000
257188 0.507000
257196 0.508000
257203 0.509000
257211 0.510000
257215 0.511000
257221 0.512000
257232 0.513000
257253 0.514000
257268 0.515000
257278 0.516000
257289 0.517000
257320 0.518000
257330 0.519000
257336 0.520000
257342 0.521000
257357 0.522000
257374 0.523000
257378 0.524000
257379 0.525000
257381 0.526000
257388 0.527000
257390 0.528000
257394 0.529000
257412 0.530000
257421 0.531000
257424 0.532000
257430 0.533000
257437 0.535000
257439 0.537000
257440 0.538000
257443 0.539000
257451 0.540000
257457 0.541000
257460 0.542000
257462 0.543000
257469 0.544000
257475 0.546000
257488 0.547000
257521 0.548000
257527 0.549000
257528 0.550000
257529 0.551000
257535 0.552000
257536 0.553000
257539 0.554000
257549 0.555000
257553 0.556000
257558 0.557000
257562 0.558000
257572 0.559000
257589 0.560000
257617 0.561000
257646 0.562000
257649 0.563000
257666 0.564000
257677 0.565000
257685 0.566000
257707 0.567000
257710 0.568000
257712 0.569000
257719 0.570000
257729 0.571000
257732 0.572000
257748 0.573000
257760 0.574000
257778 0.575000
257790 0.576000
257799 0.577000
257806 0.578000
257817 0.579000
257827 0.580000
257853 0.581000
257873 0.582000
257931 0.583000
257943 0.584000
258008 0.585000
258022 0.586000
258061 0.587000
258062 0.588000
258134 0.589000
258182 0.590000
258183 0.591000
258188 0.592000
258213 0.593000
258234 0.594000
258242 0.595000
258448 0.596000
258518 0.597000
258651 0.598000
258687 0.599000
258710 0.600000
258714 0.601000
258718 0.602000
258761 0.603000
258764 0.604000
258784 0.606000
258790 0.607000
258793 0.608000
258794 0.609000
258801 0.610000
258806 0.611000
258814 0.613000
258831 0.614000
258845 0.615000
258870 0.616000
258887 0.617000
258892 0.618000
258895 0.619000
258900 0.620000
258902 0.622000
258910 0.625000
258911 0.626000
258923 0.627000
258939 0.628000
258947 0.629000
258948 0.630000
258963 0.631000
258964 0.632000
258965 0.633000
258967 0.634000
258968 0.635000
258974 0.636000
258975 0.637000
258981 0.638000
258982 0.639000
259013 0.640000
259022 0.641000
259025 0.642000
259054 0.643000
259056 0.644000
259062 0.645000
259064 0.646000
259065 0.647000
259068 0.648000
259071 0.649000
259082 0.650000
259083 0.651000
259085 0.652000
259086 0.653000
259088 0.654000
259090 0.655000
259100 0.656000
259104 0.657000
259107 0.658000
259111 0.659000
259118 0.660000
259125 0.661000
259137 0.662000
259139 0.663000
259140 0.664000
259154 0.665000
259163 0.666000
259166 0.667000
259168 0.668000
259170 0.669000
259171 0.670000
259172 0.671000
259176 0.672000
259178 0.673000
259184 0.674000
259185 0.675000
259188 0.676000
259204 0.677000
259206 0.678000
259210 0.679000
259217 0.680000
259224 0.681000
259226 0.682000
259227 0.683000
259229 0.685000
259232 0.686000
259242 0.687000
259245 0.688000
259246 0.689000
259250 0.690000
259252 0.691000
259258 0.692000
259270 0.693000
259275 0.694000
259281 0.695000
259285 0.696000
259288 0.697000
259292 0.698000
259300 0.699000
259308 0.700000
259314 0.701000
259319 0.703000
259320 0.704000
259321 0.705000
259327 0.706000
259332 0.707000
259333 0.708000
259334 0.709000
259335 0.710000
259344 0.711000
259346 0.712000
259354 0.713000
259361 0.714000
259362 0.715000
259369 0.716000
259370 0.718000
259375 0.719000
259394 0.720000
259395 0.721000
259403 0.723000
259405 0.724000
259406 0.725000
259410 0.726000
259414 0.727000
259418 0.728000
259419 0.729000
259428 0.730000
259434 0.731000
259435 0.732000
259437 0.733000
259438 0.735000
259439 0.736000
259470 0.738000
259476 0.739000
259486 0.740000
259488 0.741000
259489 0.742000
259497 0.743000
259508 0.744000
259522 0.745000
259527 0.746000
259528 0.747000
259529 0.748000
259541 0.749000
259551 0.750000
259555 0.751000
259557 0.752000
259562 0.753000
259563 0.754000
259567 0.756000
259574 0.757000
259590 0.758000
259602 0.759000
259606 0.760000
259643 0.761000
259648 0.762000
259653 0.763000
259666 0.764000
259670 0.765000
259690 0.767000
259707 0.768000
259712 0.769000
259721 0.770000
259723 0.772000
259741 0.774000
259743 0.775000
259771 0.776000
259773 0.777000
259775 0.778000
259779 0.780000
259780 0.781000
259805 0.782000
259817 0.783000
259848 0.784000
259871 0.785000
259876 0.786000
259878 0.787000
259907 0.788000
259934 0.789000
259935 0.790000
259953 0.791000
259965 0.792000
259969 0.793000
259972 0.794000
259978 0.795000
259990 0.796000
259997 0.797000
260024 0.798000
260050 0.799000
260053 0.800000
260062 0.801000
260070 0.802000
260094 0.803000
260096 0.804000
260128 0.805000
260133 0.806000
260201 0.807000
260211 0.808000
260294 0.809000
260302 0.810000
260326 0.811000
260330 0.812000
260344 0.813000
260390 0.814000
260413 0.815000
260422 0.816000
260437 0.817000
260486 0.818000
260529 0.819000
260537 0.820000
260539 0.821000
260779 0.822000
260781 0.823000
260798 0.824000
260807 0.825000
260840 0.826000
260847 0.827000
260862 0.828000
260872 0.829000
260879 0.830000
260881 0.831000
260942 0.832000
260971 0.833000
261004 0.834000
261068 0.835000
261123 0.836000
261128 0.837000
261223 0.838000
261254 0.839000
261264 0.840000
261274 0.841000
261282 0.842000
261318 0.843000
261359 0.844000
261371 0.845000
261389 0.846000
261416 0.847000
261437 0.848000
261453 0.849000
261473 0.851000
261476 0.852000
261477 0.853000
261489 0.854000
261521 0.855000
261541 0.856000
261544 0.857000
261582 0.858000
261595 0.859000
261597 0.860000
261674 0.861000
261689 0.862000
261736 0.863000
261841 0.864000
261925 0.865000
261930 0.866000
261986 0.867000
262004 0.868000
262005 0.869000
262007 0.870000
262017 0.871000
262110 0.872000
262229 0.873000
262625 0.874000
262667 0.875000
262714 0.876000
262747 0.877000
262765 0.878000
262771 0.879000
262858 0.881000
262864 0.882000
262872 0.883000
262902 0.884000
262915 0.885000
262936 0.886000
262983 0.887000
262986 0.888000
262987 0.889000
262990 0.890000
262992 0.891000
263022 0.892000
263031 0.893000
263043 0.894000
263051 0.895000
263064 0.896000
263104 0.897000
263130 0.898000
263137 0.899000
263140 0.900000
263141 0.901000
263156 0.903000
263161 0.904000
263181 0.905000
263189 0.906000
263198 0.907000
263220 0.908000
263222 0.909000
263247 0.910000
263274 0.912000
263283 0.913000
263289 0.914000
263305 0.915000
263307 0.917000
263324 0.918000
263326 0.919000
263333 0.920000
263335 0.921000
263346 0.922000
263348 0.923000
263352 0.924000
263408 0.925000
263412 0.926000
263438 0.927000
263449 0.928000
263469 0.929000
263472 0.930000
263486 0.931000
263495 0.932000
263503 0.933000
263512 0.934000
263529 0.935000
263533 0.936000
263534 0.937000
263542 0.938000
263553 0.939000
263605 0.940000
263612 0.941000
263635 0.942000
263664 0.943000
263701 0.944000
263733 0.945000
263737 0.946000
263739 0.947000
263973 0.948000
264032 0.949000
264033 0.950000
264071 0.951000
264136 0.952000
264151 0.953000
264267 0.954000
264384 0.955000
264405 0.956000
264579 0.957000
264610 0.958000
264657 0.959000
264793 0.960000
265155 0.961000
265180 0.962000
265320 0.963000
265406 0.964000
265410 0.965000
265494 0.966000
265583 0.967000
265595 0.968000
265606 0.969000
265627 0.970000
265630 0.971000
265705 0.972000
265757 0.973000
265853 0.974000
266519 0.975000
266721 0.976000
266995 0.977000
266998 0.978000
267030 0.979000
267058 0.980000
267071 0.981000
267190 0.982000
267306 0.983000
267380 0.984000
267439 0.985000
267890 0.986000
267909 0.987000
268276 0.988000
268832 0.989000
268900 0.990000
269390 0.991000
269407 0.992000
270808 0.993000
270835 0.994000
271362 0.995000
272741 0.996000
272927 0.997000
274544 0.998000
276186 0.999000
276360 1.000000


