314590
310919
297070
295979
308830
321408
320080
308238
331860
312683
322393
330042
325830
332170
322982
340440
315397
339925
353563
341366
315484
357010
328367
338702
359298
353872
330944
352502
331884
350229
360858
341959
364942
348540
356021
349157
373239
366405
349692
353573
333622
339656
337821
362397
344760
352495
344863
334121
346319
364495
383534
338828
369816
372000
361625
367237
388009
357417
348583
343926
360659
361975
411150
380248
355625
381967
359231
362234
376636
394793
364052
384082
403662
372058
393249
391162
393149
371295
354444
369936
406296
337467
386830
329697
307766
342759
328443
284024
376775
312813
360742
321632
296169
368059
330246
305049
311905
336908
333743
304177
315332
363298
317053
334349
327989
333107
335802
334893
349039
327871
325831
355231
337679
345152
350957
340380
356774
348136
322545
336778
338370
292807
344413
352894
350222
336982
329039
313097
354315
340060
328278
306067
315256
328286
326338
321457
314672
313803
326001
323100
347653
359414
358065
331149
346140
335425
326442
346619
352726
341452
342482
356314
377001
386931
341062
328198
367775
314245
348963
352903
326352
323584
335064
331219
328662
304777
338291
328431
293882
399328
352689
323702
324497
325717
334224
328515
323434
334618
329886
338560
338905
286071
341153
333264
339981
332745
341742
323493
321967
336980
343707
330103
334768
313552
339227
310460
330510
315423
340405
341083
301263
317054
340871
334471
332253
334003
309023
341137
313083
357577
312184
329696
316682
317708
306333
314948
334580
308563
311091
308879
310959
342058
311367
321121
316066
351426
344561
342946
347658
344181
349264
346956
346306
325284
327876
356734
301870
301340
362212
305793
353266
322157
308855
305207
329473
319167
325336
313457
331216
307170
292263
333151
334674
333154
343675
352081
297908
358088
343813
326006
338042
330121
341864
291353
329895
321533
342640
320262
345902
332385
337815
333340
342792
312295
337592
310358
326460
324210
337727
363096
322156
293115
296568
310419
310213
312697
308828
327116
364991
312717
306372
333203
376041
350198
339650
329680
351149
355416
320471
362254
360848
338459
334728
335280
360256
336125
344164
328949
314417
317578
333720
368155
316762
341976
333819
316524
307420
338201
332411
315640
297898
295183
304938
327809
338456
288523
338872
315478
321422
327810
314792
306763
306845
303912
315835
293047
311053
331845
331998
345935
308709
297557
318443
327749
354683
320680
348648
321673
321619
319228
311969
315922
313973
311449
326188
305753
319977
337416
358717
323714
303685
309788
319755
368038
338803
331548
351214
328815
345386
337557
350627
335715
344339
330693
357572
319395
327817
366083
355325
317306
290729
333544
328143
315912
314173
312956
278191
292011
308514
330935
333428
350162
329253
347965
328834
300025
326861
326930
319594
327479
337819
325145
346945
347035
338634
336250
331528
323041
318821
315735
335072
344013
323623
328551
326978
325734
298577
338474
315563
329755
339408
337551
303075
302799
307029
312842
328943
320713
354254
304838
334579
310844
348490
343765
322157
345875
324586
335355
346876
302018
295448
338993
321975
316276
297433
293287
293400
321885
336287
310545
299948
327544
326931
348376
308095
312680
358640
330200
319014
327467
345341
335472
327155
355643
338285
322326
332274
311903
319643
325250
312891
357383
313455
331986
323185
368773
384771
323278
317869
330935
346891
304615
309777
308609
303137
300462
297370
326001
317503
326163
328644
326405
324883
306279
322792
345694
335777
331100
340631
331690
345593
332836
353424
326363
347688
317270
318394
319920
331633
329799
314830
315907
323294
333787
333011
336278
318497
332168
334091
322673
341194
337173
319957
341494
327139
347139
341537
339485
308455
333719
329389
340114
349806
343812
338996
315780
315740
320632
341066
330103
324177
367213
353002
355004
352785
379396
345485
372691
339078
353472
356491
336264
331783
319557
359044
352427
365399
337561
352322
354796
323325
325627
334818
332428
296279
366768
300230
319652
357102
317140
372872
320713
355175
339596
327422
305836
313895
313980
311353
312216
316756
312733
334998
330086
336766
315395
313729
329216
342601
317065
321677
338455
302750
349318
312930
310205
343223
307190
332382
332403
318233
312168
314369
311928
318658
329354
333080
324988
341792
290899
311748
339160
351466
322921
349380
340337
330048
308471
332813
315246
333261
336889
336546
330916
302913
367984
333768
312780
322367
332403
313799
318994
313677
362980
327117
313913
301253
319239
343566
340360
328393
313182
328659
331150
344106
297504
325197
327536
323791
314823
340636
312517
330871
331535
328620
311378
335955
354285
342043
352276
358902
362787
317168
330420
334174
338686
347302
324044
328447
317402
336661
335099
336250
354269
313723
316979
300877
318532
328477
298033
327972
339584
324318
319809
330841
361090
389430
341350
337696
336856
352270
339938
353189
334787
346003
367095
346852
403953
372031
327451
353330
346290
325001
353459
360575
351087
357452
368860
385385
319070
320046
360431
341420
341971
361389
323744
329143
312732
356274
314290
312789
351451
321905
321288
379706
328222
309459
310659
351969
321738
328436
344717
336702
313318
325387
379696
339246
333035
336401
358006
374973
320868
328775
342588
369502
347311
346220
327983
332990
348507
368899
370572
344559
332623
360274
368513
326062
371538
321923
316854
348750
342606
303758
348164
329966
342405
312594
347864
349036
313926
314970
315426
320286
325894
330280
356561
351220
303251
313397
335496
312542
315679
320500
312147
319646
319422
300260
326939
336857
331679
337395
346721
310722
324800
322128
318498
352205
340943
313970
324519
299529
305716
317691
328361
324866
317986
348436
332395
339026
342724
325295
369127
331541
317125
351375
324550
326173
330395
321363
355368
351780
361674
328342
332283
343166
322570
339375
343998
322659
326071
322862
340975
322607
339570
343941
329502
311435
342203
337779
350306
340509
350895
328734
316127
331854
335350
334948
321683
352223
325762
330068
335131
338290
335806
352676
294012
329578
337619
315926
344932
312866
363414
319696
332838
338763
327500
305447
337005
368079
359549
339553
318224
336023
361468
357643
357995
370887
327060
319320
352815
363465
397617
360594
323636
347553
340074
333821
354171
339626
369716
314863
340414
327966
346970
334448
318327
361436
333221
303991
338024
318758
330578
336077
321394
345980
333888
351885
320186
358073
358491
307949
351456
319235
334731
332292
332968
346270
319454
326894
340057
295374
317721
309167
335869
345650
331251
346617
369003
330721
336094
327249
360784
344819
317922
326043
326099
341186
349756
332262
337409
335866
303274
315438
330317
313060
355974
309435
295603
316330
298876
324594
310419
309859
336513
300508
306074
322664
321732
315796
315270
309172
343408
313817
342723
335784
333250
321791
299119
319806
304324
313354
310296
283114
335569
312512
313498
313559
278533
304459
272287
316631
285118
304963
268991
286491
276524
328702
312940
304809
273785
296780
311158
290330
280781
296286
317397
305546
286334
309751
293839
